01	0	1	0-1	98	1	98
01	0	1	0-2-1	98	2	196
02	0	2	0-2	70	1	70
02	0	2	0-1-2	70	2	140
03	0	3	0-1-3	40	2	80
03	0	3	0-2-1-3	40	3	120
04	0	4	0-1-3-4	52	3	156
04	0	4	0-2-5-4	52	3	156
05	0	5	0-2-5	86	2	172
05	0	5	0-1-2-5	86	3	258
06	0	6	0-2-5-6	91	3	273
06	0	6	0-1-7-6	91	3	273
07	0	7	0-1-7	30	2	60
07	0	7	0-2-1-7	30	3	90
08	0	8	0-1-7-8	13	3	39
08	0	8	0-2-1-7-8	13	4	52
09	0	9	0-1-7-9	81	3	243
09	0	9	0-2-1-7-9	81	4	324
010	0	10	0-2-5-10	0	3	0
010	0	10	0-1-2-5-10	0	4	0
011	0	11	0-1-7-8-11	59	4	236
011	0	11	0-2-1-7-8-11	59	5	295
012	0	12	0-1-7-8-11-12	93	5	465
012	0	12	0-2-1-7-8-11-12	93	6	558
013	0	13	0-1-7-9-14-13	55	5	275
013	0	13	0-1-7-8-11-12-13	55	6	330
014	0	14	0-1-7-9-14	9	4	36
014	0	14	0-2-5-10-15-14	9	5	45
015	0	15	0-2-5-10-15	72	4	288
015	0	15	0-1-7-9-14-15	72	5	360
016	0	16	0-1-7-8-11-12-16	13	6	78
016	0	16	0-2-1-7-8-11-12-16	13	7	91
017	0	17	0-2-5-10-15-17	11	5	55
017	0	17	0-1-7-9-14-15-17	11	6	66
018	0	18	0-1-7-8-11-12-16-18	49	7	343
018	0	18	0-2-1-7-8-11-12-16-18	49	8	392
019	0	19	0-2-5-10-15-17-19	64	6	384
019	0	19	0-1-7-9-14-15-17-19	64	7	448
020	0	20	0-2-5-10-15-17-19-20	88	7	616
020	0	20	0-1-7-8-11-12-16-18-20	88	8	704
10	1	0	1-0	79	1	79
10	1	0	1-2-0	79	2	158
12	1	2	1-2	85	1	85
12	1	2	1-0-2	85	2	170
13	1	3	1-3	65	1	65
13	1	3	1-2-5-4-3	65	4	260
14	1	4	1-3-4	6	2	12
14	1	4	1-2-5-4	6	3	18
15	1	5	1-2-5	6	2	12
15	1	5	1-0-2-5	6	3	18
16	1	6	1-7-6	47	2	94
16	1	6	1-2-5-6	47	3	141
17	1	7	1-7	20	1	20
17	1	7	1-2-5-6-7	20	4	80
18	1	8	1-7-8	83	2	166
18	1	8	1-2-5-6-7-8	83	5	415
19	1	9	1-7-9	96	2	192
19	1	9	1-2-5-6-7-9	96	5	480
110	1	10	1-2-5-10	33	3	99
110	1	10	1-0-2-5-10	33	4	132
111	1	11	1-7-8-11	6	3	18
111	1	11	1-7-9-14-13-12-11	6	6	36
112	1	12	1-7-8-11-12	25	4	100
112	1	12	1-7-9-14-13-12	25	5	125
113	1	13	1-7-9-14-13	26	4	104
113	1	13	1-7-8-11-12-13	26	5	130
114	1	14	1-7-9-14	61	3	183
114	1	14	1-2-5-10-15-14	61	5	305
115	1	15	1-7-9-14-15	21	4	84
115	1	15	1-2-5-10-15	21	4	84
116	1	16	1-7-8-11-12-16	42	5	210
116	1	16	1-7-9-14-13-12-16	42	6	252
117	1	17	1-7-9-14-15-17	91	5	455
117	1	17	1-2-5-10-15-17	91	5	455
118	1	18	1-7-8-11-12-16-18	53	6	318
118	1	18	1-7-9-14-13-12-16-18	53	7	371
119	1	19	1-7-9-14-15-17-19	93	6	558
119	1	19	1-2-5-10-15-17-19	93	6	558
120	1	20	1-7-8-11-12-16-18-20	72	7	504
120	1	20	1-2-5-10-15-17-19-20	72	7	504
20	2	0	2-0	37	1	37
20	2	0	2-1-0	37	2	74
21	2	1	2-1	93	1	93
21	2	1	2-0-1	93	2	186
23	2	3	2-1-3	23	2	46
23	2	3	2-0-1-3	23	3	69
24	2	4	2-5-4	59	2	118
24	2	4	2-1-3-4	59	3	177
25	2	5	2-5	20	1	20
25	2	5	2-1-3-4-5	20	4	80
26	2	6	2-5-6	0	2	0
26	2	6	2-1-7-6	0	3	0
27	2	7	2-1-7	23	2	46
27	2	7	2-0-1-7	23	3	69
28	2	8	2-1-7-8	8	3	24
28	2	8	2-0-1-7-8	8	4	32
29	2	9	2-1-7-9	7	3	21
29	2	9	2-0-1-7-9	7	4	28
210	2	10	2-5-10	65	2	130
210	2	10	2-1-3-4-5-10	65	5	325
211	2	11	2-1-7-8-11	55	4	220
211	2	11	2-0-1-7-8-11	55	5	275
212	2	12	2-1-7-8-11-12	96	5	480
212	2	12	2-0-1-7-8-11-12	96	6	576
213	2	13	2-5-10-15-14-13	70	5	350
213	2	13	2-1-7-9-14-13	70	5	350
214	2	14	2-5-10-15-14	36	4	144
214	2	14	2-1-7-9-14	36	4	144
215	2	15	2-5-10-15	22	3	66
215	2	15	2-1-7-9-14-15	22	5	110
216	2	16	2-1-7-8-11-12-16	27	6	162
216	2	16	2-0-1-7-8-11-12-16	27	7	189
217	2	17	2-5-10-15-17	12	4	48
217	2	17	2-1-7-9-14-15-17	12	6	72
218	2	18	2-1-7-8-11-12-16-18	29	7	203
218	2	18	2-5-10-15-17-19-20-18	29	7	203
219	2	19	2-5-10-15-17-19	4	5	20
219	2	19	2-1-7-9-14-15-17-19	4	7	28
220	2	20	2-5-10-15-17-19-20	69	6	414
220	2	20	2-1-7-8-11-12-16-18-20	69	8	552
30	3	0	3-1-0	10	2	20
30	3	0	3-1-2-0	10	3	30
31	3	1	3-1	74	1	74
31	3	1	3-4-5-2-1	74	4	296
32	3	2	3-1-2	64	2	128
32	3	2	3-1-0-2	64	3	192
34	3	4	3-4	56	1	56
34	3	4	3-1-2-5-4	56	4	224
35	3	5	3-4-5	85	2	170
35	3	5	3-1-2-5	85	3	255
36	3	6	3-4-5-6	97	3	291
36	3	6	3-1-7-6	97	3	291
37	3	7	3-1-7	15	2	30
37	3	7	3-4-5-6-7	15	4	60
38	3	8	3-1-7-8	47	3	141
38	3	8	3-4-5-6-7-8	47	5	235
39	3	9	3-1-7-9	85	3	255
39	3	9	3-4-5-6-7-9	85	5	425
310	3	10	3-4-5-10	94	3	282
310	3	10	3-1-2-5-10	94	4	376
311	3	11	3-1-7-8-11	55	4	220
311	3	11	3-4-5-6-7-8-11	55	6	330
312	3	12	3-1-7-8-11-12	65	5	325
312	3	12	3-1-7-9-14-13-12	65	6	390
313	3	13	3-1-7-9-14-13	70	5	350
313	3	13	3-1-7-8-11-12-13	70	6	420
314	3	14	3-1-7-9-14	12	4	48
314	3	14	3-4-5-10-15-14	12	5	60
315	3	15	3-4-5-10-15	63	4	252
315	3	15	3-1-7-9-14-15	63	5	315
316	3	16	3-1-7-8-11-12-16	97	6	582
316	3	16	3-1-7-9-14-13-12-16	97	7	679
317	3	17	3-4-5-10-15-17	21	5	105
317	3	17	3-1-7-9-14-15-17	21	6	126
318	3	18	3-1-7-8-11-12-16-18	83	7	581
318	3	18	3-1-7-9-14-13-12-16-18	83	8	664
319	3	19	3-4-5-10-15-17-19	19	6	114
319	3	19	3-1-7-9-14-15-17-19	19	7	133
320	3	20	3-4-5-10-15-17-19-20	43	7	301
320	3	20	3-1-7-8-11-12-16-18-20	43	8	344
40	4	0	4-3-1-0	21	3	63
40	4	0	4-5-2-0	21	3	63
41	4	1	4-3-1	77	2	154
41	4	1	4-5-2-1	77	3	231
42	4	2	4-5-2	42	2	84
42	4	2	4-3-1-2	42	3	126
43	4	3	4-3	52	1	52
43	4	3	4-5-2-1-3	52	4	208
45	4	5	4-5	69	1	69
45	4	5	4-3-1-2-5	69	4	276
46	4	6	4-5-6	76	2	152
46	4	6	4-3-1-7-6	76	4	304
47	4	7	4-3-1-7	67	3	201
47	4	7	4-5-6-7	67	3	201
48	4	8	4-3-1-7-8	93	4	372
48	4	8	4-5-6-7-8	93	4	372
49	4	9	4-3-1-7-9	18	4	72
49	4	9	4-5-6-7-9	18	4	72
410	4	10	4-5-10	31	2	62
410	4	10	4-3-1-2-5-10	31	5	155
411	4	11	4-3-1-7-8-11	47	5	235
411	4	11	4-5-6-7-8-11	47	5	235
412	4	12	4-3-1-7-8-11-12	95	6	570
412	4	12	4-5-10-15-14-13-12	95	6	570
413	4	13	4-5-10-15-14-13	86	5	430
413	4	13	4-3-1-7-9-14-13	86	6	516
414	4	14	4-5-10-15-14	74	4	296
414	4	14	4-3-1-7-9-14	74	5	370
415	4	15	4-5-10-15	34	3	102
415	4	15	4-3-1-7-9-14-15	34	6	204
416	4	16	4-3-1-7-8-11-12-16	2	7	14
416	4	16	4-5-10-15-14-13-12-16	2	7	14
417	4	17	4-5-10-15-17	64	4	256
417	4	17	4-3-1-7-9-14-15-17	64	7	448
418	4	18	4-5-10-15-17-19-20-18	45	7	315
418	4	18	4-3-1-7-8-11-12-16-18	45	8	360
419	4	19	4-5-10-15-17-19	79	5	395
419	4	19	4-3-1-7-9-14-15-17-19	79	8	632
420	4	20	4-5-10-15-17-19-20	31	6	186
420	4	20	4-3-1-7-8-11-12-16-18-20	31	9	279
50	5	0	5-2-0	20	2	40
50	5	0	5-2-1-0	20	3	60
51	5	1	5-2-1	10	2	20
51	5	1	5-2-0-1	10	3	30
52	5	2	5-2	49	1	49
52	5	2	5-4-3-1-2	49	4	196
53	5	3	5-4-3	12	2	24
53	5	3	5-2-1-3	12	3	36
54	5	4	5-4	31	1	31
54	5	4	5-2-1-3-4	31	4	124
56	5	6	5-6	59	1	59
56	5	6	5-2-1-7-6	59	4	236
57	5	7	5-6-7	90	2	180
57	5	7	5-2-1-7	90	3	270
58	5	8	5-6-7-8	87	3	261
58	5	8	5-2-1-7-8	87	4	348
59	5	9	5-6-7-9	92	3	276
59	5	9	5-10-15-14-9	92	4	368
510	5	10	5-10	38	1	38
510	5	10	5-6-7-9-14-15-10	38	6	228
511	5	11	5-6-7-8-11	7	4	28
511	5	11	5-2-1-7-8-11	7	5	35
512	5	12	5-6-7-8-11-12	17	5	85
512	5	12	5-10-15-14-13-12	17	5	85
513	5	13	5-10-15-14-13	61	4	244
513	5	13	5-6-7-9-14-13	61	5	305
514	5	14	5-10-15-14	81	3	243
514	5	14	5-6-7-9-14	81	4	324
515	5	15	5-10-15	61	2	122
515	5	15	5-6-7-9-14-15	61	5	305
516	5	16	5-6-7-8-11-12-16	84	6	504
516	5	16	5-10-15-14-13-12-16	84	6	504
517	5	17	5-10-15-17	44	3	132
517	5	17	5-6-7-9-14-15-17	44	6	264
518	5	18	5-10-15-17-19-20-18	23	6	138
518	5	18	5-6-7-8-11-12-16-18	23	7	161
519	5	19	5-10-15-17-19	20	4	80
519	5	19	5-6-7-9-14-15-17-19	20	7	140
520	5	20	5-10-15-17-19-20	76	5	380
520	5	20	5-6-7-8-11-12-16-18-20	76	8	608
60	6	0	6-7-1-0	68	3	204
60	6	0	6-5-2-0	68	3	204
61	6	1	6-7-1	92	2	184
61	6	1	6-5-2-1	92	3	276
62	6	2	6-5-2	45	2	90
62	6	2	6-7-1-2	45	3	135
63	6	3	6-7-1-3	82	3	246
63	6	3	6-5-4-3	82	3	246
64	6	4	6-5-4	1	2	2
64	6	4	6-7-1-3-4	1	4	4
65	6	5	6-5	89	1	89
65	6	5	6-7-1-2-5	89	4	356
67	6	7	6-7	37	1	37
67	6	7	6-5-2-1-7	37	4	148
68	6	8	6-7-8	74	2	148
68	6	8	6-5-2-1-7-8	74	5	370
69	6	9	6-7-9	88	2	176
69	6	9	6-5-10-15-14-9	88	5	440
610	6	10	6-5-10	45	2	90
610	6	10	6-7-9-14-15-10	45	5	225
611	6	11	6-7-8-11	32	3	96
611	6	11	6-7-9-14-13-12-11	32	6	192
612	6	12	6-7-8-11-12	97	4	388
612	6	12	6-7-9-14-13-12	97	5	485
613	6	13	6-7-9-14-13	54	4	216
613	6	13	6-7-8-11-12-13	54	5	270
614	6	14	6-7-9-14	6	3	18
614	6	14	6-5-10-15-14	6	4	24
615	6	15	6-5-10-15	40	3	120
615	6	15	6-7-9-14-15	40	4	160
616	6	16	6-7-8-11-12-16	10	5	50
616	6	16	6-7-9-14-13-12-16	10	6	60
617	6	17	6-5-10-15-17	66	4	264
617	6	17	6-7-9-14-15-17	66	5	330
618	6	18	6-7-8-11-12-16-18	55	6	330
618	6	18	6-7-9-14-13-12-16-18	55	7	385
619	6	19	6-5-10-15-17-19	22	5	110
619	6	19	6-7-9-14-15-17-19	22	6	132
620	6	20	6-5-10-15-17-19-20	43	6	258
620	6	20	6-7-8-11-12-16-18-20	43	7	301
70	7	0	7-1-0	42	2	84
70	7	0	7-1-2-0	42	3	126
71	7	1	7-1	17	1	17
71	7	1	7-6-5-2-1	17	4	68
72	7	2	7-1-2	34	2	68
72	7	2	7-1-0-2	34	3	102
73	7	3	7-1-3	60	2	120
73	7	3	7-6-5-4-3	60	4	240
74	7	4	7-1-3-4	7	3	21
74	7	4	7-6-5-4	7	3	21
75	7	5	7-6-5	89	2	178
75	7	5	7-1-2-5	89	3	267
76	7	6	7-6	46	1	46
76	7	6	7-1-2-5-6	46	4	184
78	7	8	7-8	41	1	41
78	7	8	7-9-14-13-12-11-8	41	6	246
79	7	9	7-9	37	1	37
79	7	9	7-8-11-12-13-14-9	37	6	222
710	7	10	7-6-5-10	13	3	39
710	7	10	7-9-14-15-10	13	4	52
711	7	11	7-8-11	13	2	26
711	7	11	7-9-14-13-12-11	13	5	65
712	7	12	7-8-11-12	57	3	171
712	7	12	7-9-14-13-12	57	4	228
713	7	13	7-9-14-13	76	3	228
713	7	13	7-8-11-12-13	76	4	304
714	7	14	7-9-14	12	2	24
714	7	14	7-8-11-12-13-14	12	5	60
715	7	15	7-9-14-15	74	3	222
715	7	15	7-6-5-10-15	74	4	296
716	7	16	7-8-11-12-16	87	4	348
716	7	16	7-9-14-13-12-16	87	5	435
717	7	17	7-9-14-15-17	13	4	52
717	7	17	7-6-5-10-15-17	13	5	65
718	7	18	7-8-11-12-16-18	37	5	185
718	7	18	7-9-14-13-12-16-18	37	6	222
719	7	19	7-9-14-15-17-19	67	5	335
719	7	19	7-6-5-10-15-17-19	67	6	402
720	7	20	7-8-11-12-16-18-20	22	6	132
720	7	20	7-9-14-15-17-19-20	22	6	132
80	8	0	8-7-1-0	37	3	111
80	8	0	8-7-1-2-0	37	4	148
81	8	1	8-7-1	89	2	178
81	8	1	8-7-6-5-2-1	89	5	445
82	8	2	8-7-1-2	10	3	30
82	8	2	8-7-1-0-2	10	4	40
83	8	3	8-7-1-3	87	3	261
83	8	3	8-7-6-5-4-3	87	5	435
84	8	4	8-7-1-3-4	13	4	52
84	8	4	8-7-6-5-4	13	4	52
85	8	5	8-7-6-5	21	3	63
85	8	5	8-7-1-2-5	21	4	84
86	8	6	8-7-6	29	2	58
86	8	6	8-7-1-2-5-6	29	5	145
87	8	7	8-7	67	1	67
87	8	7	8-11-12-13-14-9-7	67	6	402
89	8	9	8-7-9	54	2	108
89	8	9	8-11-12-13-14-9	54	5	270
810	8	10	8-7-6-5-10	83	4	332
810	8	10	8-7-9-14-15-10	83	5	415
811	8	11	8-11	59	1	59
811	8	11	8-7-9-14-13-12-11	59	6	354
812	8	12	8-11-12	43	2	86
812	8	12	8-7-9-14-13-12	43	5	215
813	8	13	8-11-12-13	97	3	291
813	8	13	8-7-9-14-13	97	4	388
814	8	14	8-7-9-14	82	3	246
814	8	14	8-11-12-13-14	82	4	328
815	8	15	8-7-9-14-15	57	4	228
815	8	15	8-11-12-13-14-15	57	5	285
816	8	16	8-11-12-16	10	3	30
816	8	16	8-7-9-14-13-12-16	10	6	60
817	8	17	8-7-9-14-15-17	57	5	285
817	8	17	8-11-12-13-14-15-17	57	6	342
818	8	18	8-11-12-16-18	20	4	80
818	8	18	8-7-9-14-13-12-16-18	20	7	140
819	8	19	8-7-9-14-15-17-19	27	6	162
819	8	19	8-11-12-16-18-20-19	27	6	162
820	8	20	8-11-12-16-18-20	74	5	370
820	8	20	8-7-9-14-15-17-19-20	74	7	518
90	9	0	9-7-1-0	59	3	177
90	9	0	9-7-1-2-0	59	4	236
91	9	1	9-7-1	32	2	64
91	9	1	9-7-6-5-2-1	32	5	160
92	9	2	9-7-1-2	28	3	84
92	9	2	9-7-1-0-2	28	4	112
93	9	3	9-7-1-3	7	3	21
93	9	3	9-7-6-5-4-3	7	5	35
94	9	4	9-7-1-3-4	21	4	84
94	9	4	9-7-6-5-4	21	4	84
95	9	5	9-7-6-5	18	3	54
95	9	5	9-7-1-2-5	18	4	72
96	9	6	9-7-6	84	2	168
96	9	6	9-7-1-2-5-6	84	5	420
97	9	7	9-7	31	1	31
97	9	7	9-14-15-10-5-6-7	31	6	186
98	9	8	9-7-8	7	2	14
98	9	8	9-14-13-12-11-8	7	5	35
910	9	10	9-14-15-10	58	3	174
910	9	10	9-7-6-5-10	58	4	232
911	9	11	9-7-8-11	94	3	282
911	9	11	9-14-13-12-11	94	4	376
912	9	12	9-14-13-12	26	3	78
912	9	12	9-7-8-11-12	26	4	104
913	9	13	9-14-13	8	2	16
913	9	13	9-7-8-11-12-13	8	5	40
914	9	14	9-14	40	1	40
914	9	14	9-7-8-11-12-13-14	40	6	240
915	9	15	9-14-15	66	2	132
915	9	15	9-7-6-5-10-15	66	5	330
916	9	16	9-14-13-12-16	64	4	256
916	9	16	9-7-8-11-12-16	64	5	320
917	9	17	9-14-15-17	60	3	180
917	9	17	9-7-6-5-10-15-17	60	6	360
918	9	18	9-14-13-12-16-18	68	5	340
918	9	18	9-7-8-11-12-16-18	68	6	408
919	9	19	9-14-15-17-19	50	4	200
919	9	19	9-7-6-5-10-15-17-19	50	7	350
920	9	20	9-14-15-17-19-20	49	5	245
920	9	20	9-14-13-12-16-18-20	49	6	294
100	10	0	10-5-2-0	9	3	27
100	10	0	10-5-2-1-0	9	4	36
101	10	1	10-5-2-1	93	3	279
101	10	1	10-5-2-0-1	93	4	372
102	10	2	10-5-2	16	2	32
102	10	2	10-5-4-3-1-2	16	5	80
103	10	3	10-5-4-3	98	3	294
103	10	3	10-5-2-1-3	98	4	392
104	10	4	10-5-4	69	2	138
104	10	4	10-5-2-1-3-4	69	5	345
105	10	5	10-5	97	1	97
105	10	5	10-15-14-9-7-6-5	97	6	582
106	10	6	10-5-6	76	2	152
106	10	6	10-5-2-1-7-6	76	5	380
107	10	7	10-5-6-7	69	3	207
107	10	7	10-5-2-1-7	69	4	276
108	10	8	10-5-6-7-8	34	4	136
108	10	8	10-5-2-1-7-8	34	5	170
109	10	9	10-15-14-9	37	3	111
109	10	9	10-5-6-7-9	37	4	148
1011	10	11	10-15-14-13-12-11	57	5	285
1011	10	11	10-5-6-7-8-11	57	5	285
1012	10	12	10-15-14-13-12	68	4	272
1012	10	12	10-5-6-7-8-11-12	68	6	408
1013	10	13	10-15-14-13	48	3	144
1013	10	13	10-5-6-7-9-14-13	48	6	288
1014	10	14	10-15-14	2	2	4
1014	10	14	10-5-6-7-9-14	2	5	10
1015	10	15	10-15	4	1	4
1015	10	15	10-5-6-7-9-14-15	4	6	24
1016	10	16	10-15-14-13-12-16	8	5	40
1016	10	16	10-15-17-19-20-18-16	8	6	48
1017	10	17	10-15-17	58	2	116
1017	10	17	10-5-6-7-9-14-15-17	58	7	406
1018	10	18	10-15-17-19-20-18	26	5	130
1018	10	18	10-15-14-13-12-16-18	26	6	156
1019	10	19	10-15-17-19	12	3	36
1019	10	19	10-5-6-7-9-14-15-17-19	12	8	96
1020	10	20	10-15-17-19-20	98	4	392
1020	10	20	10-15-14-13-12-16-18-20	98	7	686
110	11	0	11-8-7-1-0	25	4	100
110	11	0	11-8-7-1-2-0	25	5	125
111	11	1	11-8-7-1	59	3	177
111	11	1	11-8-7-6-5-2-1	59	6	354
112	11	2	11-8-7-1-2	58	4	232
112	11	2	11-8-7-1-0-2	58	5	290
113	11	3	11-8-7-1-3	98	4	392
113	11	3	11-8-7-6-5-4-3	98	6	588
114	11	4	11-8-7-1-3-4	7	5	35
114	11	4	11-8-7-6-5-4	7	5	35
115	11	5	11-8-7-6-5	35	4	140
115	11	5	11-8-7-1-2-5	35	5	175
116	11	6	11-8-7-6	19	3	57
116	11	6	11-8-7-1-2-5-6	19	6	114
117	11	7	11-8-7	22	2	44
117	11	7	11-12-13-14-9-7	22	5	110
118	11	8	11-8	70	1	70
118	11	8	11-12-13-14-9-7-8	70	6	420
119	11	9	11-8-7-9	8	3	24
119	11	9	11-12-13-14-9	8	4	32
1110	11	10	11-12-13-14-15-10	92	5	460
1110	11	10	11-8-7-6-5-10	92	5	460
1112	11	12	11-12	6	1	6
1112	11	12	11-8-7-9-14-13-12	6	6	36
1113	11	13	11-12-13	23	2	46
1113	11	13	11-8-7-9-14-13	23	5	115
1114	11	14	11-12-13-14	37	3	111
1114	11	14	11-8-7-9-14	37	4	148
1115	11	15	11-12-13-14-15	55	4	220
1115	11	15	11-8-7-9-14-15	55	5	275
1116	11	16	11-12-16	21	2	42
1116	11	16	11-8-7-9-14-13-12-16	21	7	147
1117	11	17	11-12-13-14-15-17	56	5	280
1117	11	17	11-8-7-9-14-15-17	56	6	336
1118	11	18	11-12-16-18	70	3	210
1118	11	18	11-8-7-9-14-13-12-16-18	70	8	560
1119	11	19	11-12-16-18-20-19	8	5	40
1119	11	19	11-12-13-14-15-17-19	8	6	48
1120	11	20	11-12-16-18-20	39	4	156
1120	11	20	11-12-13-14-15-17-19-20	39	7	273
120	12	0	12-11-8-7-1-0	95	5	475
120	12	0	12-13-14-9-7-1-0	95	6	570
121	12	1	12-11-8-7-1	71	4	284
121	12	1	12-13-14-9-7-1	71	5	355
122	12	2	12-11-8-7-1-2	16	5	80
122	12	2	12-11-8-7-1-0-2	16	6	96
123	12	3	12-11-8-7-1-3	9	5	45
123	12	3	12-13-14-9-7-1-3	9	6	54
124	12	4	12-11-8-7-1-3-4	81	6	486
124	12	4	12-13-14-15-10-5-4	81	6	486
125	12	5	12-11-8-7-6-5	52	5	260
125	12	5	12-13-14-15-10-5	52	5	260
126	12	6	12-11-8-7-6	81	4	324
126	12	6	12-13-14-9-7-6	81	5	405
127	12	7	12-11-8-7	52	3	156
127	12	7	12-13-14-9-7	52	4	208
128	12	8	12-11-8	65	2	130
128	12	8	12-13-14-9-7-8	65	5	325
129	12	9	12-13-14-9	75	3	225
129	12	9	12-11-8-7-9	75	4	300
1210	12	10	12-13-14-15-10	21	4	84
1210	12	10	12-11-8-7-6-5-10	21	6	126
1211	12	11	12-11	35	1	35
1211	12	11	12-13-14-9-7-8-11	35	6	210
1213	12	13	12-13	62	1	62
1213	12	13	12-11-8-7-9-14-13	62	6	372
1214	12	14	12-13-14	80	2	160
1214	12	14	12-11-8-7-9-14	80	5	400
1215	12	15	12-13-14-15	45	3	135
1215	12	15	12-11-8-7-9-14-15	45	6	270
1216	12	16	12-16	33	1	33
1216	12	16	12-13-14-15-17-19-20-18-16	33	8	264
1217	12	17	12-13-14-15-17	98	4	392
1217	12	17	12-16-18-20-19-17	98	5	490
1218	12	18	12-16-18	27	2	54
1218	12	18	12-13-14-15-17-19-20-18	27	7	189
1219	12	19	12-16-18-20-19	55	4	220
1219	12	19	12-13-14-15-17-19	55	5	275
1220	12	20	12-16-18-20	53	3	159
1220	12	20	12-13-14-15-17-19-20	53	6	318
130	13	0	13-14-9-7-1-0	90	5	450
130	13	0	13-12-11-8-7-1-0	90	6	540
131	13	1	13-14-9-7-1	32	4	128
131	13	1	13-12-11-8-7-1	32	5	160
132	13	2	13-14-9-7-1-2	33	5	165
132	13	2	13-14-15-10-5-2	33	5	165
133	13	3	13-14-9-7-1-3	48	5	240
133	13	3	13-12-11-8-7-1-3	48	6	288
134	13	4	13-14-15-10-5-4	20	5	100
134	13	4	13-14-9-7-1-3-4	20	6	120
135	13	5	13-14-15-10-5	38	4	152
135	13	5	13-14-9-7-6-5	38	5	190
136	13	6	13-14-9-7-6	57	4	228
136	13	6	13-14-15-10-5-6	57	5	285
137	13	7	13-14-9-7	34	3	102
137	13	7	13-12-11-8-7	34	4	136
138	13	8	13-12-11-8	72	3	216
138	13	8	13-14-9-7-8	72	4	288
139	13	9	13-14-9	39	2	78
139	13	9	13-12-11-8-7-9	39	5	195
1310	13	10	13-14-15-10	87	3	261
1310	13	10	13-14-9-7-6-5-10	87	6	522
1311	13	11	13-12-11	46	2	92
1311	13	11	13-14-9-7-8-11	46	5	230
1312	13	12	13-12	34	1	34
1312	13	12	13-14-9-7-8-11-12	34	6	204
1314	13	14	13-14	91	1	91
1314	13	14	13-12-11-8-7-9-14	91	6	546
1315	13	15	13-14-15	24	2	48
1315	13	15	13-12-11-8-7-9-14-15	24	7	168
1316	13	16	13-12-16	16	2	32
1316	13	16	13-14-9-7-8-11-12-16	16	7	112
1317	13	17	13-14-15-17	36	3	108
1317	13	17	13-12-16-18-20-19-17	36	6	216
1318	13	18	13-12-16-18	61	3	183
1318	13	18	13-14-15-17-19-20-18	61	6	366
1319	13	19	13-14-15-17-19	40	4	160
1319	13	19	13-12-16-18-20-19	40	5	200
1320	13	20	13-12-16-18-20	72	4	288
1320	13	20	13-14-15-17-19-20	72	5	360
140	14	0	14-9-7-1-0	83	4	332
140	14	0	14-9-7-1-2-0	83	5	415
141	14	1	14-9-7-1	68	3	204
141	14	1	14-15-10-5-2-1	68	5	340
142	14	2	14-9-7-1-2	66	4	264
142	14	2	14-15-10-5-2	66	4	264
143	14	3	14-9-7-1-3	66	4	264
143	14	3	14-15-10-5-4-3	66	5	330
144	14	4	14-15-10-5-4	50	4	200
144	14	4	14-9-7-1-3-4	50	5	250
145	14	5	14-15-10-5	35	3	105
145	14	5	14-9-7-6-5	35	4	140
146	14	6	14-9-7-6	47	3	141
146	14	6	14-15-10-5-6	47	4	188
147	14	7	14-9-7	61	2	122
147	14	7	14-15-10-5-6-7	61	5	305
148	14	8	14-9-7-8	83	3	249
148	14	8	14-13-12-11-8	83	4	332
149	14	9	14-9	13	1	13
149	14	9	14-15-10-5-6-7-9	13	6	78
1410	14	10	14-15-10	73	2	146
1410	14	10	14-9-7-6-5-10	73	5	365
1411	14	11	14-13-12-11	33	3	99
1411	14	11	14-9-7-8-11	33	4	132
1412	14	12	14-13-12	38	2	76
1412	14	12	14-9-7-8-11-12	38	5	190
1413	14	13	14-13	0	1	0
1413	14	13	14-9-7-8-11-12-13	0	6	0
1415	14	15	14-15	54	1	54
1415	14	15	14-9-7-6-5-10-15	54	6	324
1416	14	16	14-13-12-16	83	3	249
1416	14	16	14-9-7-8-11-12-16	83	6	498
1417	14	17	14-15-17	30	2	60
1417	14	17	14-9-7-6-5-10-15-17	30	7	210
1418	14	18	14-13-12-16-18	11	4	44
1418	14	18	14-15-17-19-20-18	11	5	55
1419	14	19	14-15-17-19	82	3	246
1419	14	19	14-13-12-16-18-20-19	82	6	492
1420	14	20	14-15-17-19-20	77	4	308
1420	14	20	14-13-12-16-18-20	77	5	385
150	15	0	15-10-5-2-0	10	4	40
150	15	0	15-10-5-2-1-0	10	5	50
151	15	1	15-10-5-2-1	22	4	88
151	15	1	15-14-9-7-1	22	4	88
152	15	2	15-10-5-2	17	3	51
152	15	2	15-14-9-7-1-2	17	5	85
153	15	3	15-10-5-4-3	37	4	148
153	15	3	15-10-5-2-1-3	37	5	185
154	15	4	15-10-5-4	68	3	204
154	15	4	15-10-5-2-1-3-4	68	6	408
155	15	5	15-10-5	35	2	70
155	15	5	15-14-9-7-6-5	35	5	175
156	15	6	15-10-5-6	44	3	132
156	15	6	15-14-9-7-6	44	4	176
157	15	7	15-14-9-7	91	3	273
157	15	7	15-10-5-6-7	91	4	364
158	15	8	15-14-9-7-8	13	4	52
158	15	8	15-14-13-12-11-8	13	5	65
159	15	9	15-14-9	81	2	162
159	15	9	15-10-5-6-7-9	81	5	405
1510	15	10	15-10	54	1	54
1510	15	10	15-14-9-7-6-5-10	54	6	324
1511	15	11	15-14-13-12-11	51	4	204
1511	15	11	15-14-9-7-8-11	51	5	255
1512	15	12	15-14-13-12	87	3	261
1512	15	12	15-14-9-7-8-11-12	87	6	522
1513	15	13	15-14-13	79	2	158
1513	15	13	15-14-9-7-8-11-12-13	79	7	553
1514	15	14	15-14	77	1	77
1514	15	14	15-10-5-6-7-9-14	77	6	462
1516	15	16	15-14-13-12-16	31	4	124
1516	15	16	15-17-19-20-18-16	31	5	155
1517	15	17	15-17	13	1	13
1517	15	17	15-14-13-12-16-18-20-19-17	13	8	104
1518	15	18	15-17-19-20-18	77	4	308
1518	15	18	15-14-13-12-16-18	77	5	385
1519	15	19	15-17-19	8	2	16
1519	15	19	15-14-13-12-16-18-20-19	8	7	56
1520	15	20	15-17-19-20	90	3	270
1520	15	20	15-14-13-12-16-18-20	90	6	540
160	16	0	16-12-11-8-7-1-0	17	6	102
160	16	0	16-12-13-14-9-7-1-0	17	7	119
161	16	1	16-12-11-8-7-1	9	5	45
161	16	1	16-12-13-14-9-7-1	9	6	54
162	16	2	16-12-11-8-7-1-2	67	6	402
162	16	2	16-12-11-8-7-1-0-2	67	7	469
163	16	3	16-12-11-8-7-1-3	95	6	570
163	16	3	16-12-13-14-9-7-1-3	95	7	665
164	16	4	16-12-11-8-7-1-3-4	69	7	483
164	16	4	16-12-13-14-15-10-5-4	69	7	483
165	16	5	16-12-11-8-7-6-5	70	6	420
165	16	5	16-12-13-14-15-10-5	70	6	420
166	16	6	16-12-11-8-7-6	12	5	60
166	16	6	16-12-13-14-9-7-6	12	6	72
167	16	7	16-12-11-8-7	5	4	20
167	16	7	16-12-13-14-9-7	5	5	25
168	16	8	16-12-11-8	71	3	213
168	16	8	16-12-13-14-9-7-8	71	6	426
169	16	9	16-12-13-14-9	7	4	28
169	16	9	16-12-11-8-7-9	7	5	35
1610	16	10	16-12-13-14-15-10	23	5	115
1610	16	10	16-18-20-19-17-15-10	23	6	138
1611	16	11	16-12-11	55	2	110
1611	16	11	16-12-13-14-9-7-8-11	55	7	385
1612	16	12	16-12	18	1	18
1612	16	12	16-18-20-19-17-15-14-13-12	18	8	144
1613	16	13	16-12-13	8	2	16
1613	16	13	16-18-20-19-17-15-14-13	8	7	56
1614	16	14	16-12-13-14	39	3	117
1614	16	14	16-18-20-19-17-15-14	39	6	234
1615	16	15	16-12-13-14-15	73	4	292
1615	16	15	16-18-20-19-17-15	73	5	365
1617	16	17	16-18-20-19-17	20	4	80
1617	16	17	16-12-13-14-15-17	20	5	100
1618	16	18	16-18	14	1	14
1618	16	18	16-12-13-14-15-17-19-20-18	14	8	112
1619	16	19	16-18-20-19	88	3	264
1619	16	19	16-12-13-14-15-17-19	88	6	528
1620	16	20	16-18-20	39	2	78
1620	16	20	16-12-13-14-15-17-19-20	39	7	273
170	17	0	17-15-10-5-2-0	1	5	5
170	17	0	17-15-10-5-2-1-0	1	6	6
171	17	1	17-15-10-5-2-1	38	5	190
171	17	1	17-15-14-9-7-1	38	5	190
172	17	2	17-15-10-5-2	54	4	216
172	17	2	17-15-14-9-7-1-2	54	6	324
173	17	3	17-15-10-5-4-3	78	5	390
173	17	3	17-15-10-5-2-1-3	78	6	468
174	17	4	17-15-10-5-4	63	4	252
174	17	4	17-15-10-5-2-1-3-4	63	7	441
175	17	5	17-15-10-5	66	3	198
175	17	5	17-15-14-9-7-6-5	66	6	396
176	17	6	17-15-10-5-6	59	4	236
176	17	6	17-15-14-9-7-6	59	5	295
177	17	7	17-15-14-9-7	62	4	248
177	17	7	17-15-10-5-6-7	62	5	310
178	17	8	17-15-14-9-7-8	8	5	40
178	17	8	17-15-14-13-12-11-8	8	6	48
179	17	9	17-15-14-9	54	3	162
179	17	9	17-15-10-5-6-7-9	54	6	324
1710	17	10	17-15-10	63	2	126
1710	17	10	17-15-14-9-7-6-5-10	63	7	441
1711	17	11	17-15-14-13-12-11	0	5	0
1711	17	11	17-19-20-18-16-12-11	0	6	0
1712	17	12	17-15-14-13-12	87	4	348
1712	17	12	17-19-20-18-16-12	87	5	435
1713	17	13	17-15-14-13	8	3	24
1713	17	13	17-19-20-18-16-12-13	8	6	48
1714	17	14	17-15-14	84	2	168
1714	17	14	17-19-20-18-16-12-13-14	84	7	588
1715	17	15	17-15	2	1	2
1715	17	15	17-19-20-18-16-12-13-14-15	2	8	16
1716	17	16	17-19-20-18-16	71	4	284
1716	17	16	17-15-14-13-12-16	71	5	355
1718	17	18	17-19-20-18	82	3	246
1718	17	18	17-15-14-13-12-16-18	82	6	492
1719	17	19	17-19	70	1	70
1719	17	19	17-15-14-13-12-16-18-20-19	70	8	560
1720	17	20	17-19-20	50	2	100
1720	17	20	17-15-14-13-12-16-18-20	50	7	350
180	18	0	18-16-12-11-8-7-1-0	62	7	434
180	18	0	18-16-12-13-14-9-7-1-0	62	8	496
181	18	1	18-16-12-11-8-7-1	1	6	6
181	18	1	18-16-12-13-14-9-7-1	1	7	7
182	18	2	18-16-12-11-8-7-1-2	77	7	539
182	18	2	18-20-19-17-15-10-5-2	77	7	539
183	18	3	18-16-12-11-8-7-1-3	89	7	623
183	18	3	18-16-12-13-14-9-7-1-3	89	8	712
184	18	4	18-20-19-17-15-10-5-4	26	7	182
184	18	4	18-16-12-11-8-7-1-3-4	26	8	208
185	18	5	18-20-19-17-15-10-5	0	6	0
185	18	5	18-16-12-11-8-7-6-5	0	7	0
186	18	6	18-16-12-11-8-7-6	49	6	294
186	18	6	18-20-19-17-15-10-5-6	49	7	343
187	18	7	18-16-12-11-8-7	82	5	410
187	18	7	18-16-12-13-14-9-7	82	6	492
188	18	8	18-16-12-11-8	93	4	372
188	18	8	18-16-12-13-14-9-7-8	93	7	651
189	18	9	18-16-12-13-14-9	81	5	405
189	18	9	18-20-19-17-15-14-9	81	6	486
1810	18	10	18-20-19-17-15-10	20	5	100
1810	18	10	18-16-12-13-14-15-10	20	6	120
1811	18	11	18-16-12-11	8	3	24
1811	18	11	18-20-19-17-15-14-13-12-11	8	8	64
1812	18	12	18-16-12	15	2	30
1812	18	12	18-20-19-17-15-14-13-12	15	7	105
1813	18	13	18-16-12-13	94	3	282
1813	18	13	18-20-19-17-15-14-13	94	6	564
1814	18	14	18-16-12-13-14	15	4	60
1814	18	14	18-20-19-17-15-14	15	5	75
1815	18	15	18-20-19-17-15	59	4	236
1815	18	15	18-16-12-13-14-15	59	5	295
1816	18	16	18-16	20	1	20
1816	18	16	18-20-19-17-15-14-13-12-16	20	8	160
1817	18	17	18-20-19-17	66	3	198
1817	18	17	18-16-12-13-14-15-17	66	6	396
1819	18	19	18-20-19	33	2	66
1819	18	19	18-16-12-13-14-15-17-19	33	7	231
1820	18	20	18-20	37	1	37
1820	18	20	18-16-12-13-14-15-17-19-20	37	8	296
190	19	0	19-17-15-10-5-2-0	51	6	306
190	19	0	19-17-15-10-5-2-1-0	51	7	357
191	19	1	19-17-15-10-5-2-1	56	6	336
191	19	1	19-17-15-14-9-7-1	56	6	336
192	19	2	19-17-15-10-5-2	50	5	250
192	19	2	19-17-15-14-9-7-1-2	50	7	350
193	19	3	19-17-15-10-5-4-3	51	6	306
193	19	3	19-17-15-10-5-2-1-3	51	7	357
194	19	4	19-17-15-10-5-4	10	5	50
194	19	4	19-17-15-10-5-2-1-3-4	10	8	80
195	19	5	19-17-15-10-5	56	4	224
195	19	5	19-17-15-14-9-7-6-5	56	7	392
196	19	6	19-17-15-10-5-6	96	5	480
196	19	6	19-17-15-14-9-7-6	96	6	576
197	19	7	19-17-15-14-9-7	87	5	435
197	19	7	19-17-15-10-5-6-7	87	6	522
198	19	8	19-20-18-16-12-11-8	56	6	336
198	19	8	19-17-15-14-9-7-8	56	6	336
199	19	9	19-17-15-14-9	52	4	208
199	19	9	19-20-18-16-12-13-14-9	52	7	364
1910	19	10	19-17-15-10	94	3	282
1910	19	10	19-20-18-16-12-13-14-15-10	94	8	752
1911	19	11	19-20-18-16-12-11	89	5	445
1911	19	11	19-17-15-14-13-12-11	89	6	534
1912	19	12	19-20-18-16-12	25	4	100
1912	19	12	19-17-15-14-13-12	25	5	125
1913	19	13	19-17-15-14-13	23	4	92
1913	19	13	19-20-18-16-12-13	23	5	115
1914	19	14	19-17-15-14	59	3	177
1914	19	14	19-20-18-16-12-13-14	59	6	354
1915	19	15	19-17-15	95	2	190
1915	19	15	19-20-18-16-12-13-14-15	95	7	665
1916	19	16	19-20-18-16	80	3	240
1916	19	16	19-17-15-14-13-12-16	80	6	480
1917	19	17	19-17	9	1	9
1917	19	17	19-20-18-16-12-13-14-15-17	9	8	72
1918	19	18	19-20-18	43	2	86
1918	19	18	19-17-15-14-13-12-16-18	43	7	301
1920	19	20	19-20	23	1	23
1920	19	20	19-17-15-14-13-12-16-18-20	23	8	184
200	20	0	20-19-17-15-10-5-2-0	34	7	238
200	20	0	20-19-17-15-10-5-2-1-0	34	8	272
201	20	1	20-19-17-15-10-5-2-1	52	7	364
201	20	1	20-19-17-15-14-9-7-1	52	7	364
202	20	2	20-19-17-15-10-5-2	54	6	324
202	20	2	20-18-16-12-11-8-7-1-2	54	8	432
203	20	3	20-19-17-15-10-5-4-3	0	7	0
203	20	3	20-19-17-15-10-5-2-1-3	0	8	0
204	20	4	20-19-17-15-10-5-4	62	6	372
204	20	4	20-19-17-15-10-5-2-1-3-4	62	9	558
205	20	5	20-19-17-15-10-5	6	5	30
205	20	5	20-18-16-12-11-8-7-6-5	6	8	48
206	20	6	20-19-17-15-10-5-6	10	6	60
206	20	6	20-18-16-12-11-8-7-6	10	7	70
207	20	7	20-18-16-12-11-8-7	1	6	6
207	20	7	20-19-17-15-14-9-7	1	6	6
208	20	8	20-18-16-12-11-8	88	5	440
208	20	8	20-19-17-15-14-9-7-8	88	7	616
209	20	9	20-19-17-15-14-9	79	5	395
209	20	9	20-18-16-12-13-14-9	79	6	474
2010	20	10	20-19-17-15-10	74	4	296
2010	20	10	20-18-16-12-13-14-15-10	74	7	518
2011	20	11	20-18-16-12-11	2	4	8
2011	20	11	20-19-17-15-14-13-12-11	2	7	14
2012	20	12	20-18-16-12	1	3	3
2012	20	12	20-19-17-15-14-13-12	1	6	6
2013	20	13	20-18-16-12-13	90	4	360
2013	20	13	20-19-17-15-14-13	90	5	450
2014	20	14	20-19-17-15-14	14	4	56
2014	20	14	20-18-16-12-13-14	14	5	70
2015	20	15	20-19-17-15	57	3	171
2015	20	15	20-18-16-12-13-14-15	57	6	342
2016	20	16	20-18-16	81	2	162
2016	20	16	20-19-17-15-14-13-12-16	81	7	567
2017	20	17	20-19-17	75	2	150
2017	20	17	20-18-16-12-13-14-15-17	75	7	525
2018	20	18	20-18	52	1	52
2018	20	18	20-19-17-15-14-13-12-16-18	52	8	416
2019	20	19	20-19	43	1	43
2019	20	19	20-18-16-12-13-14-15-17-19	43	8	344
