01	0	1	0-1	175	1	175
01	0	1	0-5-4-1	175	3	525
01	0	1	0-5-4-3-2-1	175	5	875
02	0	2	0-1-2	115	2	230
02	0	2	0-5-4-1-2	115	4	460
02	0	2	0-5-4-3-2	115	4	460
02	0	2	0-1-4-3-2	115	4	460
03	0	3	0-1-2-3	108	3	324
03	0	3	0-5-4-3	108	3	324
03	0	3	0-1-4-3	108	3	324
03	0	3	0-5-4-1-2-3	108	5	540
04	0	4	0-1-4	123	2	246
04	0	4	0-5-4	123	2	246
04	0	4	0-1-2-3-4	123	4	492
05	0	5	0-5	59	1	59
05	0	5	0-1-4-5	59	3	177
05	0	5	0-1-2-3-4-5	59	5	295
10	1	0	1-0	130	1	130
10	1	0	1-4-5-0	130	3	390
10	1	0	1-2-3-4-5-0	130	5	650
12	1	2	1-2	97	1	97
12	1	2	1-4-3-2	97	3	291
12	1	2	1-0-5-4-3-2	97	5	485
13	1	3	1-2-3	58	2	116
13	1	3	1-4-3	58	2	116
13	1	3	1-0-5-4-3	58	4	232
14	1	4	1-4	54	1	54
14	1	4	1-2-3-4	54	3	162
14	1	4	1-0-5-4	54	3	162
15	1	5	1-0-5	49	2	98
15	1	5	1-4-5	49	2	98
15	1	5	1-2-3-4-5	49	4	196
20	2	0	2-1-0	150	2	300
20	2	0	2-3-4-1-0	150	4	600
20	2	0	2-3-4-5-0	150	4	600
20	2	0	2-1-4-5-0	150	4	600
21	2	1	2-1	124	1	124
21	2	1	2-3-4-1	124	3	372
21	2	1	2-3-4-5-0-1	124	5	620
23	2	3	2-3	48	1	48
23	2	3	2-1-4-3	48	3	144
23	2	3	2-1-0-5-4-3	48	5	240
24	2	4	2-1-4	157	2	314
24	2	4	2-3-4	157	2	314
24	2	4	2-1-0-5-4	157	4	628
25	2	5	2-1-0-5	28	3	84
25	2	5	2-3-4-5	28	3	84
25	2	5	2-1-4-5	28	3	84
25	2	5	2-3-4-1-0-5	28	5	140
30	3	0	3-2-1-0	109	3	327
30	3	0	3-4-5-0	109	3	327
30	3	0	3-4-1-0	109	3	327
30	3	0	3-2-1-4-5-0	109	5	545
31	3	1	3-2-1	93	2	186
31	3	1	3-4-1	93	2	186
31	3	1	3-4-5-0-1	93	4	372
32	3	2	3-2	36	1	36
32	3	2	3-4-1-2	36	3	108
32	3	2	3-4-5-0-1-2	36	5	180
34	3	4	3-4	153	1	153
34	3	4	3-2-1-4	153	3	459
34	3	4	3-2-1-0-5-4	153	5	765
35	3	5	3-4-5	32	2	64
35	3	5	3-2-1-0-5	32	4	128
35	3	5	3-2-1-4-5	32	4	128
35	3	5	3-4-1-0-5	32	4	128
40	4	0	4-1-0	162	2	324
40	4	0	4-5-0	162	2	324
40	4	0	4-3-2-1-0	162	4	648
41	4	1	4-1	141	1	141
41	4	1	4-5-0-1	141	3	423
41	4	1	4-3-2-1	141	3	423
42	4	2	4-1-2	185	2	370
42	4	2	4-3-2	185	2	370
42	4	2	4-5-0-1-2	185	4	740
43	4	3	4-3	148	1	148
43	4	3	4-1-2-3	148	3	444
43	4	3	4-5-0-1-2-3	148	5	740
45	4	5	4-5	102	1	102
45	4	5	4-1-0-5	102	3	306
45	4	5	4-3-2-1-0-5	102	5	510
50	5	0	5-0	147	1	147
50	5	0	5-4-1-0	147	3	441
50	5	0	5-4-3-2-1-0	147	5	735
51	5	1	5-0-1	114	2	228
51	5	1	5-4-1	114	2	228
51	5	1	5-4-3-2-1	114	4	456
52	5	2	5-0-1-2	55	3	165
52	5	2	5-4-3-2	55	3	165
52	5	2	5-4-1-2	55	3	165
52	5	2	5-0-1-4-3-2	55	5	275
53	5	3	5-4-3	102	2	204
53	5	3	5-0-1-2-3	102	4	408
53	5	3	5-0-1-4-3	102	4	408
53	5	3	5-4-1-2-3	102	4	408
54	5	4	5-4	197	1	197
54	5	4	5-0-1-4	197	3	591
54	5	4	5-0-1-2-3-4	197	5	985
