01	0	1	0-1	150	1	150
01	0	1	0-2-1	150	2	300
01	0	1	0-2-5-4-3-1	150	5	750
02	0	2	0-2	150	1	150
02	0	2	0-1-2	150	2	300
02	0	2	0-1-3-4-5-2	150	5	750
03	0	3	0-1-3	150	2	300
03	0	3	0-2-1-3	150	3	450
03	0	3	0-2-5-4-3	150	4	600
04	0	4	0-1-3-4	150	3	450
04	0	4	0-2-5-4	150	3	450
04	0	4	0-2-1-3-4	150	4	600
05	0	5	0-2-5	150	2	300
05	0	5	0-1-2-5	150	3	450
05	0	5	0-1-3-4-5	150	4	600
06	0	6	0-2-5-6	150	3	450
06	0	6	0-1-7-6	150	3	450
06	0	6	0-1-2-5-6	150	4	600
07	0	7	0-1-7	150	2	300
07	0	7	0-2-1-7	150	3	450
07	0	7	0-2-5-6-7	150	4	600
08	0	8	0-1-7-8	150	3	450
08	0	8	0-2-1-7-8	150	4	600
08	0	8	0-2-5-6-7-8	150	5	750
09	0	9	0-1-7-9	150	3	450
09	0	9	0-2-1-7-9	150	4	600
09	0	9	0-2-5-6-7-9	150	5	750
010	0	10	0-2-5-10	150	3	450
010	0	10	0-1-2-5-10	150	4	600
010	0	10	0-1-3-4-5-10	150	5	750
011	0	11	0-1-7-8-11	150	4	600
011	0	11	0-2-1-7-8-11	150	5	750
011	0	11	0-2-5-6-7-8-11	150	6	900
012	0	12	0-1-7-8-11-12	150	5	750
012	0	12	0-2-1-7-8-11-12	150	6	900
012	0	12	0-1-7-9-14-13-12	150	6	900
013	0	13	0-1-7-9-14-13	150	5	750
013	0	13	0-1-7-8-11-12-13	150	6	900
013	0	13	0-2-1-7-9-14-13	150	6	900
014	0	14	0-1-7-9-14	150	4	600
014	0	14	0-2-5-10-15-14	150	5	750
014	0	14	0-2-1-7-9-14	150	5	750
015	0	15	0-2-5-10-15	150	4	600
015	0	15	0-1-7-9-14-15	150	5	750
015	0	15	0-1-2-5-10-15	150	5	750
016	0	16	0-1-7-8-11-12-16	150	6	900
016	0	16	0-2-1-7-8-11-12-16	150	7	1050
016	0	16	0-1-7-9-14-13-12-16	150	7	1050
017	0	17	0-2-5-10-15-17	150	5	750
017	0	17	0-1-7-9-14-15-17	150	6	900
017	0	17	0-1-2-5-10-15-17	150	6	900
018	0	18	0-1-7-8-11-12-16-18	150	7	1050
018	0	18	0-2-1-7-8-11-12-16-18	150	8	1200
018	0	18	0-2-5-10-15-17-19-20-18	150	8	1200
019	0	19	0-2-5-10-15-17-19	150	6	900
019	0	19	0-1-7-9-14-15-17-19	150	7	1050
019	0	19	0-1-2-5-10-15-17-19	150	7	1050
020	0	20	0-2-5-10-15-17-19-20	150	7	1050
020	0	20	0-1-7-8-11-12-16-18-20	150	8	1200
020	0	20	0-1-2-5-10-15-17-19-20	150	8	1200
10	1	0	1-0	150	1	150
10	1	0	1-2-0	150	2	300
10	1	0	1-3-4-5-2-0	150	5	750
12	1	2	1-2	150	1	150
12	1	2	1-0-2	150	2	300
12	1	2	1-3-4-5-2	150	4	600
13	1	3	1-3	150	1	150
13	1	3	1-2-5-4-3	150	4	600
13	1	3	1-0-2-5-4-3	150	5	750
14	1	4	1-3-4	150	2	300
14	1	4	1-2-5-4	150	3	450
14	1	4	1-0-2-5-4	150	4	600
15	1	5	1-2-5	150	2	300
15	1	5	1-0-2-5	150	3	450
15	1	5	1-7-6-5	150	3	450
16	1	6	1-7-6	150	2	300
16	1	6	1-2-5-6	150	3	450
16	1	6	1-0-2-5-6	150	4	600
17	1	7	1-7	150	1	150
17	1	7	1-2-5-6-7	150	4	600
17	1	7	1-0-2-5-6-7	150	5	750
18	1	8	1-7-8	150	2	300
18	1	8	1-2-5-6-7-8	150	5	750
18	1	8	1-0-2-5-6-7-8	150	6	900
19	1	9	1-7-9	150	2	300
19	1	9	1-2-5-6-7-9	150	5	750
19	1	9	1-2-5-10-15-14-9	150	6	900
110	1	10	1-2-5-10	150	3	450
110	1	10	1-0-2-5-10	150	4	600
110	1	10	1-7-6-5-10	150	4	600
111	1	11	1-7-8-11	150	3	450
111	1	11	1-7-9-14-13-12-11	150	6	900
111	1	11	1-2-5-6-7-8-11	150	6	900
112	1	12	1-7-8-11-12	150	4	600
112	1	12	1-7-9-14-13-12	150	5	750
112	1	12	1-2-5-6-7-8-11-12	150	7	1050
113	1	13	1-7-9-14-13	150	4	600
113	1	13	1-7-8-11-12-13	150	5	750
113	1	13	1-2-5-10-15-14-13	150	6	900
114	1	14	1-7-9-14	150	3	450
114	1	14	1-2-5-10-15-14	150	5	750
114	1	14	1-7-8-11-12-13-14	150	6	900
115	1	15	1-7-9-14-15	150	4	600
115	1	15	1-2-5-10-15	150	4	600
115	1	15	1-0-2-5-10-15	150	5	750
116	1	16	1-7-8-11-12-16	150	5	750
116	1	16	1-7-9-14-13-12-16	150	6	900
116	1	16	1-2-5-6-7-8-11-12-16	150	8	1200
117	1	17	1-7-9-14-15-17	150	5	750
117	1	17	1-2-5-10-15-17	150	5	750
117	1	17	1-0-2-5-10-15-17	150	6	900
118	1	18	1-7-8-11-12-16-18	150	6	900
118	1	18	1-7-9-14-13-12-16-18	150	7	1050
118	1	18	1-7-9-14-15-17-19-20-18	150	8	1200
119	1	19	1-7-9-14-15-17-19	150	6	900
119	1	19	1-2-5-10-15-17-19	150	6	900
119	1	19	1-0-2-5-10-15-17-19	150	7	1050
120	1	20	1-7-8-11-12-16-18-20	150	7	1050
120	1	20	1-2-5-10-15-17-19-20	150	7	1050
120	1	20	1-7-9-14-15-17-19-20	150	7	1050
20	2	0	2-0	150	1	150
20	2	0	2-1-0	150	2	300
20	2	0	2-5-4-3-1-0	150	5	750
21	2	1	2-1	150	1	150
21	2	1	2-0-1	150	2	300
21	2	1	2-5-4-3-1	150	4	600
23	2	3	2-1-3	150	2	300
23	2	3	2-0-1-3	150	3	450
23	2	3	2-5-4-3	150	3	450
24	2	4	2-5-4	150	2	300
24	2	4	2-1-3-4	150	3	450
24	2	4	2-0-1-3-4	150	4	600
25	2	5	2-5	150	1	150
25	2	5	2-1-3-4-5	150	4	600
25	2	5	2-1-7-6-5	150	4	600
26	2	6	2-5-6	150	2	300
26	2	6	2-1-7-6	150	3	450
26	2	6	2-0-1-7-6	150	4	600
27	2	7	2-1-7	150	2	300
27	2	7	2-0-1-7	150	3	450
27	2	7	2-5-6-7	150	3	450
28	2	8	2-1-7-8	150	3	450
28	2	8	2-0-1-7-8	150	4	600
28	2	8	2-5-6-7-8	150	4	600
29	2	9	2-1-7-9	150	3	450
29	2	9	2-0-1-7-9	150	4	600
29	2	9	2-5-6-7-9	150	4	600
210	2	10	2-5-10	150	2	300
210	2	10	2-1-3-4-5-10	150	5	750
210	2	10	2-1-7-6-5-10	150	5	750
211	2	11	2-1-7-8-11	150	4	600
211	2	11	2-0-1-7-8-11	150	5	750
211	2	11	2-5-6-7-8-11	150	5	750
212	2	12	2-1-7-8-11-12	150	5	750
212	2	12	2-0-1-7-8-11-12	150	6	900
212	2	12	2-1-7-9-14-13-12	150	6	900
213	2	13	2-5-10-15-14-13	150	5	750
213	2	13	2-1-7-9-14-13	150	5	750
213	2	13	2-1-7-8-11-12-13	150	6	900
214	2	14	2-5-10-15-14	150	4	600
214	2	14	2-1-7-9-14	150	4	600
214	2	14	2-0-1-7-9-14	150	5	750
215	2	15	2-5-10-15	150	3	450
215	2	15	2-1-7-9-14-15	150	5	750
215	2	15	2-0-1-7-9-14-15	150	6	900
216	2	16	2-1-7-8-11-12-16	150	6	900
216	2	16	2-0-1-7-8-11-12-16	150	7	1050
216	2	16	2-1-7-9-14-13-12-16	150	7	1050
217	2	17	2-5-10-15-17	150	4	600
217	2	17	2-1-7-9-14-15-17	150	6	900
217	2	17	2-0-1-7-9-14-15-17	150	7	1050
218	2	18	2-1-7-8-11-12-16-18	150	7	1050
218	2	18	2-5-10-15-17-19-20-18	150	7	1050
218	2	18	2-0-1-7-8-11-12-16-18	150	8	1200
219	2	19	2-5-10-15-17-19	150	5	750
219	2	19	2-1-7-9-14-15-17-19	150	7	1050
219	2	19	2-0-1-7-9-14-15-17-19	150	8	1200
220	2	20	2-5-10-15-17-19-20	150	6	900
220	2	20	2-1-7-8-11-12-16-18-20	150	8	1200
220	2	20	2-1-7-9-14-15-17-19-20	150	8	1200
30	3	0	3-1-0	150	2	300
30	3	0	3-1-2-0	150	3	450
30	3	0	3-4-5-2-0	150	4	600
31	3	1	3-1	150	1	150
31	3	1	3-4-5-2-1	150	4	600
31	3	1	3-4-5-2-0-1	150	5	750
32	3	2	3-1-2	150	2	300
32	3	2	3-1-0-2	150	3	450
32	3	2	3-4-5-2	150	3	450
34	3	4	3-4	150	1	150
34	3	4	3-1-2-5-4	150	4	600
34	3	4	3-1-0-2-5-4	150	5	750
35	3	5	3-4-5	150	2	300
35	3	5	3-1-2-5	150	3	450
35	3	5	3-1-0-2-5	150	4	600
36	3	6	3-4-5-6	150	3	450
36	3	6	3-1-7-6	150	3	450
36	3	6	3-1-2-5-6	150	4	600
37	3	7	3-1-7	150	2	300
37	3	7	3-4-5-6-7	150	4	600
37	3	7	3-4-5-2-1-7	150	5	750
38	3	8	3-1-7-8	150	3	450
38	3	8	3-4-5-6-7-8	150	5	750
38	3	8	3-4-5-2-1-7-8	150	6	900
39	3	9	3-1-7-9	150	3	450
39	3	9	3-4-5-6-7-9	150	5	750
39	3	9	3-4-5-10-15-14-9	150	6	900
310	3	10	3-4-5-10	150	3	450
310	3	10	3-1-2-5-10	150	4	600
310	3	10	3-1-0-2-5-10	150	5	750
311	3	11	3-1-7-8-11	150	4	600
311	3	11	3-4-5-6-7-8-11	150	6	900
311	3	11	3-1-7-9-14-13-12-11	150	7	1050
312	3	12	3-1-7-8-11-12	150	5	750
312	3	12	3-1-7-9-14-13-12	150	6	900
312	3	12	3-4-5-6-7-8-11-12	150	7	1050
313	3	13	3-1-7-9-14-13	150	5	750
313	3	13	3-1-7-8-11-12-13	150	6	900
313	3	13	3-4-5-10-15-14-13	150	6	900
314	3	14	3-1-7-9-14	150	4	600
314	3	14	3-4-5-10-15-14	150	5	750
314	3	14	3-1-2-5-10-15-14	150	6	900
315	3	15	3-4-5-10-15	150	4	600
315	3	15	3-1-7-9-14-15	150	5	750
315	3	15	3-1-2-5-10-15	150	5	750
316	3	16	3-1-7-8-11-12-16	150	6	900
316	3	16	3-1-7-9-14-13-12-16	150	7	1050
316	3	16	3-4-5-6-7-8-11-12-16	150	8	1200
317	3	17	3-4-5-10-15-17	150	5	750
317	3	17	3-1-7-9-14-15-17	150	6	900
317	3	17	3-1-2-5-10-15-17	150	6	900
318	3	18	3-1-7-8-11-12-16-18	150	7	1050
318	3	18	3-1-7-9-14-13-12-16-18	150	8	1200
318	3	18	3-4-5-10-15-17-19-20-18	150	8	1200
319	3	19	3-4-5-10-15-17-19	150	6	900
319	3	19	3-1-7-9-14-15-17-19	150	7	1050
319	3	19	3-1-2-5-10-15-17-19	150	7	1050
320	3	20	3-4-5-10-15-17-19-20	150	7	1050
320	3	20	3-1-7-8-11-12-16-18-20	150	8	1200
320	3	20	3-1-2-5-10-15-17-19-20	150	8	1200
40	4	0	4-3-1-0	150	3	450
40	4	0	4-5-2-0	150	3	450
40	4	0	4-5-2-1-0	150	4	600
41	4	1	4-3-1	150	2	300
41	4	1	4-5-2-1	150	3	450
41	4	1	4-5-2-0-1	150	4	600
42	4	2	4-5-2	150	2	300
42	4	2	4-3-1-2	150	3	450
42	4	2	4-3-1-0-2	150	4	600
43	4	3	4-3	150	1	150
43	4	3	4-5-2-1-3	150	4	600
43	4	3	4-5-2-0-1-3	150	5	750
45	4	5	4-5	150	1	150
45	4	5	4-3-1-2-5	150	4	600
45	4	5	4-3-1-0-2-5	150	5	750
46	4	6	4-5-6	150	2	300
46	4	6	4-3-1-7-6	150	4	600
46	4	6	4-3-1-2-5-6	150	5	750
47	4	7	4-3-1-7	150	3	450
47	4	7	4-5-6-7	150	3	450
47	4	7	4-5-2-1-7	150	4	600
48	4	8	4-3-1-7-8	150	4	600
48	4	8	4-5-6-7-8	150	4	600
48	4	8	4-5-2-1-7-8	150	5	750
49	4	9	4-3-1-7-9	150	4	600
49	4	9	4-5-6-7-9	150	4	600
49	4	9	4-5-10-15-14-9	150	5	750
410	4	10	4-5-10	150	2	300
410	4	10	4-3-1-2-5-10	150	5	750
410	4	10	4-3-1-0-2-5-10	150	6	900
411	4	11	4-3-1-7-8-11	150	5	750
411	4	11	4-5-6-7-8-11	150	5	750
411	4	11	4-5-2-1-7-8-11	150	6	900
412	4	12	4-3-1-7-8-11-12	150	6	900
412	4	12	4-5-10-15-14-13-12	150	6	900
412	4	12	4-5-6-7-8-11-12	150	6	900
413	4	13	4-5-10-15-14-13	150	5	750
413	4	13	4-3-1-7-9-14-13	150	6	900
413	4	13	4-5-6-7-9-14-13	150	6	900
414	4	14	4-5-10-15-14	150	4	600
414	4	14	4-3-1-7-9-14	150	5	750
414	4	14	4-5-6-7-9-14	150	5	750
415	4	15	4-5-10-15	150	3	450
415	4	15	4-3-1-7-9-14-15	150	6	900
415	4	15	4-3-1-2-5-10-15	150	6	900
416	4	16	4-3-1-7-8-11-12-16	150	7	1050
416	4	16	4-5-10-15-14-13-12-16	150	7	1050
416	4	16	4-5-6-7-8-11-12-16	150	7	1050
417	4	17	4-5-10-15-17	150	4	600
417	4	17	4-3-1-7-9-14-15-17	150	7	1050
417	4	17	4-3-1-2-5-10-15-17	150	7	1050
418	4	18	4-5-10-15-17-19-20-18	150	7	1050
418	4	18	4-3-1-7-8-11-12-16-18	150	8	1200
418	4	18	4-5-6-7-8-11-12-16-18	150	8	1200
419	4	19	4-5-10-15-17-19	150	5	750
419	4	19	4-3-1-7-9-14-15-17-19	150	8	1200
419	4	19	4-3-1-2-5-10-15-17-19	150	8	1200
420	4	20	4-5-10-15-17-19-20	150	6	900
420	4	20	4-3-1-7-8-11-12-16-18-20	150	9	1350
420	4	20	4-3-1-2-5-10-15-17-19-20	150	9	1350
50	5	0	5-2-0	150	2	300
50	5	0	5-2-1-0	150	3	450
50	5	0	5-4-3-1-0	150	4	600
51	5	1	5-2-1	150	2	300
51	5	1	5-2-0-1	150	3	450
51	5	1	5-6-7-1	150	3	450
52	5	2	5-2	150	1	150
52	5	2	5-4-3-1-2	150	4	600
52	5	2	5-6-7-1-2	150	4	600
53	5	3	5-4-3	150	2	300
53	5	3	5-2-1-3	150	3	450
53	5	3	5-2-0-1-3	150	4	600
54	5	4	5-4	150	1	150
54	5	4	5-2-1-3-4	150	4	600
54	5	4	5-2-0-1-3-4	150	5	750
56	5	6	5-6	150	1	150
56	5	6	5-2-1-7-6	150	4	600
56	5	6	5-2-0-1-7-6	150	5	750
57	5	7	5-6-7	150	2	300
57	5	7	5-2-1-7	150	3	450
57	5	7	5-2-0-1-7	150	4	600
58	5	8	5-6-7-8	150	3	450
58	5	8	5-2-1-7-8	150	4	600
58	5	8	5-2-0-1-7-8	150	5	750
59	5	9	5-6-7-9	150	3	450
59	5	9	5-10-15-14-9	150	4	600
59	5	9	5-2-1-7-9	150	4	600
510	5	10	5-10	150	1	150
510	5	10	5-6-7-9-14-15-10	150	6	900
510	5	10	5-2-1-7-9-14-15-10	150	7	1050
511	5	11	5-6-7-8-11	150	4	600
511	5	11	5-2-1-7-8-11	150	5	750
511	5	11	5-10-15-14-13-12-11	150	6	900
512	5	12	5-6-7-8-11-12	150	5	750
512	5	12	5-10-15-14-13-12	150	5	750
512	5	12	5-2-1-7-8-11-12	150	6	900
513	5	13	5-10-15-14-13	150	4	600
513	5	13	5-6-7-9-14-13	150	5	750
513	5	13	5-6-7-8-11-12-13	150	6	900
514	5	14	5-10-15-14	150	3	450
514	5	14	5-6-7-9-14	150	4	600
514	5	14	5-2-1-7-9-14	150	5	750
515	5	15	5-10-15	150	2	300
515	5	15	5-6-7-9-14-15	150	5	750
515	5	15	5-2-1-7-9-14-15	150	6	900
516	5	16	5-6-7-8-11-12-16	150	6	900
516	5	16	5-10-15-14-13-12-16	150	6	900
516	5	16	5-2-1-7-8-11-12-16	150	7	1050
517	5	17	5-10-15-17	150	3	450
517	5	17	5-6-7-9-14-15-17	150	6	900
517	5	17	5-2-1-7-9-14-15-17	150	7	1050
518	5	18	5-10-15-17-19-20-18	150	6	900
518	5	18	5-6-7-8-11-12-16-18	150	7	1050
518	5	18	5-10-15-14-13-12-16-18	150	7	1050
519	5	19	5-10-15-17-19	150	4	600
519	5	19	5-6-7-9-14-15-17-19	150	7	1050
519	5	19	5-2-1-7-9-14-15-17-19	150	8	1200
520	5	20	5-10-15-17-19-20	150	5	750
520	5	20	5-6-7-8-11-12-16-18-20	150	8	1200
520	5	20	5-6-7-9-14-15-17-19-20	150	8	1200
60	6	0	6-7-1-0	150	3	450
60	6	0	6-5-2-0	150	3	450
60	6	0	6-5-2-1-0	150	4	600
61	6	1	6-7-1	150	2	300
61	6	1	6-5-2-1	150	3	450
61	6	1	6-5-2-0-1	150	4	600
62	6	2	6-5-2	150	2	300
62	6	2	6-7-1-2	150	3	450
62	6	2	6-7-1-0-2	150	4	600
63	6	3	6-7-1-3	150	3	450
63	6	3	6-5-4-3	150	3	450
63	6	3	6-5-2-1-3	150	4	600
64	6	4	6-5-4	150	2	300
64	6	4	6-7-1-3-4	150	4	600
64	6	4	6-5-2-1-3-4	150	5	750
65	6	5	6-5	150	1	150
65	6	5	6-7-1-2-5	150	4	600
65	6	5	6-7-1-0-2-5	150	5	750
67	6	7	6-7	150	1	150
67	6	7	6-5-2-1-7	150	4	600
67	6	7	6-5-2-0-1-7	150	5	750
68	6	8	6-7-8	150	2	300
68	6	8	6-5-2-1-7-8	150	5	750
68	6	8	6-5-2-0-1-7-8	150	6	900
69	6	9	6-7-9	150	2	300
69	6	9	6-5-10-15-14-9	150	5	750
69	6	9	6-5-2-1-7-9	150	5	750
610	6	10	6-5-10	150	2	300
610	6	10	6-7-9-14-15-10	150	5	750
610	6	10	6-7-1-2-5-10	150	5	750
611	6	11	6-7-8-11	150	3	450
611	6	11	6-7-9-14-13-12-11	150	6	900
611	6	11	6-5-2-1-7-8-11	150	6	900
612	6	12	6-7-8-11-12	150	4	600
612	6	12	6-7-9-14-13-12	150	5	750
612	6	12	6-5-10-15-14-13-12	150	6	900
613	6	13	6-7-9-14-13	150	4	600
613	6	13	6-7-8-11-12-13	150	5	750
613	6	13	6-5-10-15-14-13	150	5	750
614	6	14	6-7-9-14	150	3	450
614	6	14	6-5-10-15-14	150	4	600
614	6	14	6-7-8-11-12-13-14	150	6	900
615	6	15	6-5-10-15	150	3	450
615	6	15	6-7-9-14-15	150	4	600
615	6	15	6-7-1-2-5-10-15	150	6	900
616	6	16	6-7-8-11-12-16	150	5	750
616	6	16	6-7-9-14-13-12-16	150	6	900
616	6	16	6-5-10-15-14-13-12-16	150	7	1050
617	6	17	6-5-10-15-17	150	4	600
617	6	17	6-7-9-14-15-17	150	5	750
617	6	17	6-7-1-2-5-10-15-17	150	7	1050
618	6	18	6-7-8-11-12-16-18	150	6	900
618	6	18	6-7-9-14-13-12-16-18	150	7	1050
618	6	18	6-5-10-15-17-19-20-18	150	7	1050
619	6	19	6-5-10-15-17-19	150	5	750
619	6	19	6-7-9-14-15-17-19	150	6	900
619	6	19	6-7-1-2-5-10-15-17-19	150	8	1200
620	6	20	6-5-10-15-17-19-20	150	6	900
620	6	20	6-7-8-11-12-16-18-20	150	7	1050
620	6	20	6-7-9-14-15-17-19-20	150	7	1050
70	7	0	7-1-0	150	2	300
70	7	0	7-1-2-0	150	3	450
70	7	0	7-6-5-2-0	150	4	600
71	7	1	7-1	150	1	150
71	7	1	7-6-5-2-1	150	4	600
71	7	1	7-6-5-2-0-1	150	5	750
72	7	2	7-1-2	150	2	300
72	7	2	7-1-0-2	150	3	450
72	7	2	7-6-5-2	150	3	450
73	7	3	7-1-3	150	2	300
73	7	3	7-6-5-4-3	150	4	600
73	7	3	7-6-5-2-1-3	150	5	750
74	7	4	7-1-3-4	150	3	450
74	7	4	7-6-5-4	150	3	450
74	7	4	7-1-2-5-4	150	4	600
75	7	5	7-6-5	150	2	300
75	7	5	7-1-2-5	150	3	450
75	7	5	7-1-0-2-5	150	4	600
76	7	6	7-6	150	1	150
76	7	6	7-1-2-5-6	150	4	600
76	7	6	7-1-0-2-5-6	150	5	750
78	7	8	7-8	150	1	150
78	7	8	7-9-14-13-12-11-8	150	6	900
78	7	8	7-6-5-10-15-14-13-12-11-8	150	9	1350
79	7	9	7-9	150	1	150
79	7	9	7-8-11-12-13-14-9	150	6	900
79	7	9	7-6-5-10-15-14-9	150	6	900
710	7	10	7-6-5-10	150	3	450
710	7	10	7-9-14-15-10	150	4	600
710	7	10	7-1-2-5-10	150	4	600
711	7	11	7-8-11	150	2	300
711	7	11	7-9-14-13-12-11	150	5	750
711	7	11	7-6-5-10-15-14-13-12-11	150	8	1200
712	7	12	7-8-11-12	150	3	450
712	7	12	7-9-14-13-12	150	4	600
712	7	12	7-6-5-10-15-14-13-12	150	7	1050
713	7	13	7-9-14-13	150	3	450
713	7	13	7-8-11-12-13	150	4	600
713	7	13	7-6-5-10-15-14-13	150	6	900
714	7	14	7-9-14	150	2	300
714	7	14	7-8-11-12-13-14	150	5	750
714	7	14	7-6-5-10-15-14	150	5	750
715	7	15	7-9-14-15	150	3	450
715	7	15	7-6-5-10-15	150	4	600
715	7	15	7-1-2-5-10-15	150	5	750
716	7	16	7-8-11-12-16	150	4	600
716	7	16	7-9-14-13-12-16	150	5	750
716	7	16	7-6-5-10-15-14-13-12-16	150	8	1200
717	7	17	7-9-14-15-17	150	4	600
717	7	17	7-6-5-10-15-17	150	5	750
717	7	17	7-1-2-5-10-15-17	150	6	900
718	7	18	7-8-11-12-16-18	150	5	750
718	7	18	7-9-14-13-12-16-18	150	6	900
718	7	18	7-9-14-15-17-19-20-18	150	7	1050
719	7	19	7-9-14-15-17-19	150	5	750
719	7	19	7-6-5-10-15-17-19	150	6	900
719	7	19	7-1-2-5-10-15-17-19	150	7	1050
720	7	20	7-8-11-12-16-18-20	150	6	900
720	7	20	7-9-14-15-17-19-20	150	6	900
720	7	20	7-9-14-13-12-16-18-20	150	7	1050
80	8	0	8-7-1-0	150	3	450
80	8	0	8-7-1-2-0	150	4	600
80	8	0	8-7-6-5-2-0	150	5	750
81	8	1	8-7-1	150	2	300
81	8	1	8-7-6-5-2-1	150	5	750
81	8	1	8-7-6-5-2-0-1	150	6	900
82	8	2	8-7-1-2	150	3	450
82	8	2	8-7-1-0-2	150	4	600
82	8	2	8-7-6-5-2	150	4	600
83	8	3	8-7-1-3	150	3	450
83	8	3	8-7-6-5-4-3	150	5	750
83	8	3	8-7-6-5-2-1-3	150	6	900
84	8	4	8-7-1-3-4	150	4	600
84	8	4	8-7-6-5-4	150	4	600
84	8	4	8-7-1-2-5-4	150	5	750
85	8	5	8-7-6-5	150	3	450
85	8	5	8-7-1-2-5	150	4	600
85	8	5	8-7-1-0-2-5	150	5	750
86	8	6	8-7-6	150	2	300
86	8	6	8-7-1-2-5-6	150	5	750
86	8	6	8-7-1-0-2-5-6	150	6	900
87	8	7	8-7	150	1	150
87	8	7	8-11-12-13-14-9-7	150	6	900
87	8	7	8-11-12-13-14-15-10-5-6-7	150	9	1350
89	8	9	8-7-9	150	2	300
89	8	9	8-11-12-13-14-9	150	5	750
89	8	9	8-7-6-5-10-15-14-9	150	7	1050
810	8	10	8-7-6-5-10	150	4	600
810	8	10	8-7-9-14-15-10	150	5	750
810	8	10	8-7-1-2-5-10	150	5	750
811	8	11	8-11	150	1	150
811	8	11	8-7-9-14-13-12-11	150	6	900
811	8	11	8-7-6-5-10-15-14-13-12-11	150	9	1350
812	8	12	8-11-12	150	2	300
812	8	12	8-7-9-14-13-12	150	5	750
812	8	12	8-7-6-5-10-15-14-13-12	150	8	1200
813	8	13	8-11-12-13	150	3	450
813	8	13	8-7-9-14-13	150	4	600
813	8	13	8-7-6-5-10-15-14-13	150	7	1050
814	8	14	8-7-9-14	150	3	450
814	8	14	8-11-12-13-14	150	4	600
814	8	14	8-7-6-5-10-15-14	150	6	900
815	8	15	8-7-9-14-15	150	4	600
815	8	15	8-11-12-13-14-15	150	5	750
815	8	15	8-7-6-5-10-15	150	5	750
816	8	16	8-11-12-16	150	3	450
816	8	16	8-7-9-14-13-12-16	150	6	900
816	8	16	8-7-6-5-10-15-14-13-12-16	150	9	1350
817	8	17	8-7-9-14-15-17	150	5	750
817	8	17	8-11-12-13-14-15-17	150	6	900
817	8	17	8-7-6-5-10-15-17	150	6	900
818	8	18	8-11-12-16-18	150	4	600
818	8	18	8-7-9-14-13-12-16-18	150	7	1050
818	8	18	8-7-9-14-15-17-19-20-18	150	8	1200
819	8	19	8-7-9-14-15-17-19	150	6	900
819	8	19	8-11-12-16-18-20-19	150	6	900
819	8	19	8-11-12-13-14-15-17-19	150	7	1050
820	8	20	8-11-12-16-18-20	150	5	750
820	8	20	8-7-9-14-15-17-19-20	150	7	1050
820	8	20	8-7-9-14-13-12-16-18-20	150	8	1200
90	9	0	9-7-1-0	150	3	450
90	9	0	9-7-1-2-0	150	4	600
90	9	0	9-7-6-5-2-0	150	5	750
91	9	1	9-7-1	150	2	300
91	9	1	9-7-6-5-2-1	150	5	750
91	9	1	9-7-6-5-2-0-1	150	6	900
92	9	2	9-7-1-2	150	3	450
92	9	2	9-7-1-0-2	150	4	600
92	9	2	9-7-6-5-2	150	4	600
93	9	3	9-7-1-3	150	3	450
93	9	3	9-7-6-5-4-3	150	5	750
93	9	3	9-7-6-5-2-1-3	150	6	900
94	9	4	9-7-1-3-4	150	4	600
94	9	4	9-7-6-5-4	150	4	600
94	9	4	9-7-1-2-5-4	150	5	750
95	9	5	9-7-6-5	150	3	450
95	9	5	9-7-1-2-5	150	4	600
95	9	5	9-14-15-10-5	150	4	600
96	9	6	9-7-6	150	2	300
96	9	6	9-7-1-2-5-6	150	5	750
96	9	6	9-14-15-10-5-6	150	5	750
97	9	7	9-7	150	1	150
97	9	7	9-14-15-10-5-6-7	150	6	900
97	9	7	9-14-13-12-11-8-7	150	6	900
98	9	8	9-7-8	150	2	300
98	9	8	9-14-13-12-11-8	150	5	750
98	9	8	9-14-15-10-5-6-7-8	150	7	1050
910	9	10	9-14-15-10	150	3	450
910	9	10	9-7-6-5-10	150	4	600
910	9	10	9-7-1-2-5-10	150	5	750
911	9	11	9-7-8-11	150	3	450
911	9	11	9-14-13-12-11	150	4	600
911	9	11	9-14-15-10-5-6-7-8-11	150	8	1200
912	9	12	9-14-13-12	150	3	450
912	9	12	9-7-8-11-12	150	4	600
912	9	12	9-7-6-5-10-15-14-13-12	150	8	1200
913	9	13	9-14-13	150	2	300
913	9	13	9-7-8-11-12-13	150	5	750
913	9	13	9-7-6-5-10-15-14-13	150	7	1050
914	9	14	9-14	150	1	150
914	9	14	9-7-8-11-12-13-14	150	6	900
914	9	14	9-7-6-5-10-15-14	150	6	900
915	9	15	9-14-15	150	2	300
915	9	15	9-7-6-5-10-15	150	5	750
915	9	15	9-7-1-2-5-10-15	150	6	900
916	9	16	9-14-13-12-16	150	4	600
916	9	16	9-7-8-11-12-16	150	5	750
916	9	16	9-14-15-17-19-20-18-16	150	7	1050
917	9	17	9-14-15-17	150	3	450
917	9	17	9-7-6-5-10-15-17	150	6	900
917	9	17	9-7-1-2-5-10-15-17	150	7	1050
918	9	18	9-14-13-12-16-18	150	5	750
918	9	18	9-7-8-11-12-16-18	150	6	900
918	9	18	9-14-15-17-19-20-18	150	6	900
919	9	19	9-14-15-17-19	150	4	600
919	9	19	9-7-6-5-10-15-17-19	150	7	1050
919	9	19	9-14-13-12-16-18-20-19	150	7	1050
920	9	20	9-14-15-17-19-20	150	5	750
920	9	20	9-14-13-12-16-18-20	150	6	900
920	9	20	9-7-8-11-12-16-18-20	150	7	1050
100	10	0	10-5-2-0	150	3	450
100	10	0	10-5-2-1-0	150	4	600
100	10	0	10-5-4-3-1-0	150	5	750
101	10	1	10-5-2-1	150	3	450
101	10	1	10-5-2-0-1	150	4	600
101	10	1	10-5-6-7-1	150	4	600
102	10	2	10-5-2	150	2	300
102	10	2	10-5-4-3-1-2	150	5	750
102	10	2	10-5-6-7-1-2	150	5	750
103	10	3	10-5-4-3	150	3	450
103	10	3	10-5-2-1-3	150	4	600
103	10	3	10-5-2-0-1-3	150	5	750
104	10	4	10-5-4	150	2	300
104	10	4	10-5-2-1-3-4	150	5	750
104	10	4	10-5-2-0-1-3-4	150	6	900
105	10	5	10-5	150	1	150
105	10	5	10-15-14-9-7-6-5	150	6	900
105	10	5	10-15-14-9-7-1-2-5	150	7	1050
106	10	6	10-5-6	150	2	300
106	10	6	10-5-2-1-7-6	150	5	750
106	10	6	10-15-14-9-7-6	150	5	750
107	10	7	10-5-6-7	150	3	450
107	10	7	10-5-2-1-7	150	4	600
107	10	7	10-15-14-9-7	150	4	600
108	10	8	10-5-6-7-8	150	4	600
108	10	8	10-5-2-1-7-8	150	5	750
108	10	8	10-15-14-9-7-8	150	5	750
109	10	9	10-15-14-9	150	3	450
109	10	9	10-5-6-7-9	150	4	600
109	10	9	10-5-2-1-7-9	150	5	750
1011	10	11	10-15-14-13-12-11	150	5	750
1011	10	11	10-5-6-7-8-11	150	5	750
1011	10	11	10-5-2-1-7-8-11	150	6	900
1012	10	12	10-15-14-13-12	150	4	600
1012	10	12	10-5-6-7-8-11-12	150	6	900
1012	10	12	10-5-2-1-7-8-11-12	150	7	1050
1013	10	13	10-15-14-13	150	3	450
1013	10	13	10-5-6-7-9-14-13	150	6	900
1013	10	13	10-5-6-7-8-11-12-13	150	7	1050
1014	10	14	10-15-14	150	2	300
1014	10	14	10-5-6-7-9-14	150	5	750
1014	10	14	10-5-2-1-7-9-14	150	6	900
1015	10	15	10-15	150	1	150
1015	10	15	10-5-6-7-9-14-15	150	6	900
1015	10	15	10-5-2-1-7-9-14-15	150	7	1050
1016	10	16	10-15-14-13-12-16	150	5	750
1016	10	16	10-15-17-19-20-18-16	150	6	900
1016	10	16	10-5-6-7-8-11-12-16	150	7	1050
1017	10	17	10-15-17	150	2	300
1017	10	17	10-5-6-7-9-14-15-17	150	7	1050
1017	10	17	10-5-2-1-7-9-14-15-17	150	8	1200
1018	10	18	10-15-17-19-20-18	150	5	750
1018	10	18	10-15-14-13-12-16-18	150	6	900
1018	10	18	10-5-6-7-8-11-12-16-18	150	8	1200
1019	10	19	10-15-17-19	150	3	450
1019	10	19	10-5-6-7-9-14-15-17-19	150	8	1200
1019	10	19	10-15-14-13-12-16-18-20-19	150	8	1200
1020	10	20	10-15-17-19-20	150	4	600
1020	10	20	10-15-14-13-12-16-18-20	150	7	1050
1020	10	20	10-5-6-7-8-11-12-16-18-20	150	9	1350
110	11	0	11-8-7-1-0	150	4	600
110	11	0	11-8-7-1-2-0	150	5	750
110	11	0	11-8-7-6-5-2-0	150	6	900
111	11	1	11-8-7-1	150	3	450
111	11	1	11-8-7-6-5-2-1	150	6	900
111	11	1	11-12-13-14-9-7-1	150	6	900
112	11	2	11-8-7-1-2	150	4	600
112	11	2	11-8-7-1-0-2	150	5	750
112	11	2	11-8-7-6-5-2	150	5	750
113	11	3	11-8-7-1-3	150	4	600
113	11	3	11-8-7-6-5-4-3	150	6	900
113	11	3	11-8-7-6-5-2-1-3	150	7	1050
114	11	4	11-8-7-1-3-4	150	5	750
114	11	4	11-8-7-6-5-4	150	5	750
114	11	4	11-8-7-1-2-5-4	150	6	900
115	11	5	11-8-7-6-5	150	4	600
115	11	5	11-8-7-1-2-5	150	5	750
115	11	5	11-8-7-1-0-2-5	150	6	900
116	11	6	11-8-7-6	150	3	450
116	11	6	11-8-7-1-2-5-6	150	6	900
116	11	6	11-12-13-14-9-7-6	150	6	900
117	11	7	11-8-7	150	2	300
117	11	7	11-12-13-14-9-7	150	5	750
117	11	7	11-12-13-14-15-10-5-6-7	150	8	1200
118	11	8	11-8	150	1	150
118	11	8	11-12-13-14-9-7-8	150	6	900
118	11	8	11-12-13-14-15-10-5-6-7-8	150	9	1350
119	11	9	11-8-7-9	150	3	450
119	11	9	11-12-13-14-9	150	4	600
119	11	9	11-8-7-6-5-10-15-14-9	150	8	1200
1110	11	10	11-12-13-14-15-10	150	5	750
1110	11	10	11-8-7-6-5-10	150	5	750
1110	11	10	11-8-7-9-14-15-10	150	6	900
1112	11	12	11-12	150	1	150
1112	11	12	11-8-7-9-14-13-12	150	6	900
1112	11	12	11-8-7-6-5-10-15-14-13-12	150	9	1350
1113	11	13	11-12-13	150	2	300
1113	11	13	11-8-7-9-14-13	150	5	750
1113	11	13	11-8-7-6-5-10-15-14-13	150	8	1200
1114	11	14	11-12-13-14	150	3	450
1114	11	14	11-8-7-9-14	150	4	600
1114	11	14	11-8-7-6-5-10-15-14	150	7	1050
1115	11	15	11-12-13-14-15	150	4	600
1115	11	15	11-8-7-9-14-15	150	5	750
1115	11	15	11-8-7-6-5-10-15	150	6	900
1116	11	16	11-12-16	150	2	300
1116	11	16	11-8-7-9-14-13-12-16	150	7	1050
1116	11	16	11-12-13-14-15-17-19-20-18-16	150	9	1350
1117	11	17	11-12-13-14-15-17	150	5	750
1117	11	17	11-8-7-9-14-15-17	150	6	900
1117	11	17	11-12-16-18-20-19-17	150	6	900
1118	11	18	11-12-16-18	150	3	450
1118	11	18	11-8-7-9-14-13-12-16-18	150	8	1200
1118	11	18	11-12-13-14-15-17-19-20-18	150	8	1200
1119	11	19	11-12-16-18-20-19	150	5	750
1119	11	19	11-12-13-14-15-17-19	150	6	900
1119	11	19	11-8-7-9-14-15-17-19	150	7	1050
1120	11	20	11-12-16-18-20	150	4	600
1120	11	20	11-12-13-14-15-17-19-20	150	7	1050
1120	11	20	11-8-7-9-14-15-17-19-20	150	8	1200
120	12	0	12-11-8-7-1-0	150	5	750
120	12	0	12-13-14-9-7-1-0	150	6	900
120	12	0	12-11-8-7-1-2-0	150	6	900
121	12	1	12-11-8-7-1	150	4	600
121	12	1	12-13-14-9-7-1	150	5	750
121	12	1	12-11-8-7-6-5-2-1	150	7	1050
122	12	2	12-11-8-7-1-2	150	5	750
122	12	2	12-11-8-7-1-0-2	150	6	900
122	12	2	12-13-14-15-10-5-2	150	6	900
123	12	3	12-11-8-7-1-3	150	5	750
123	12	3	12-13-14-9-7-1-3	150	6	900
123	12	3	12-11-8-7-6-5-4-3	150	7	1050
124	12	4	12-11-8-7-1-3-4	150	6	900
124	12	4	12-13-14-15-10-5-4	150	6	900
124	12	4	12-11-8-7-6-5-4	150	6	900
125	12	5	12-11-8-7-6-5	150	5	750
125	12	5	12-13-14-15-10-5	150	5	750
125	12	5	12-11-8-7-1-2-5	150	6	900
126	12	6	12-11-8-7-6	150	4	600
126	12	6	12-13-14-9-7-6	150	5	750
126	12	6	12-13-14-15-10-5-6	150	6	900
127	12	7	12-11-8-7	150	3	450
127	12	7	12-13-14-9-7	150	4	600
127	12	7	12-13-14-15-10-5-6-7	150	7	1050
128	12	8	12-11-8	150	2	300
128	12	8	12-13-14-9-7-8	150	5	750
128	12	8	12-13-14-15-10-5-6-7-8	150	8	1200
129	12	9	12-13-14-9	150	3	450
129	12	9	12-11-8-7-9	150	4	600
129	12	9	12-16-18-20-19-17-15-14-9	150	8	1200
1210	12	10	12-13-14-15-10	150	4	600
1210	12	10	12-11-8-7-6-5-10	150	6	900
1210	12	10	12-11-8-7-9-14-15-10	150	7	1050
1211	12	11	12-11	150	1	150
1211	12	11	12-13-14-9-7-8-11	150	6	900
1211	12	11	12-13-14-15-10-5-6-7-8-11	150	9	1350
1213	12	13	12-13	150	1	150
1213	12	13	12-11-8-7-9-14-13	150	6	900
1213	12	13	12-16-18-20-19-17-15-14-13	150	8	1200
1214	12	14	12-13-14	150	2	300
1214	12	14	12-11-8-7-9-14	150	5	750
1214	12	14	12-16-18-20-19-17-15-14	150	7	1050
1215	12	15	12-13-14-15	150	3	450
1215	12	15	12-11-8-7-9-14-15	150	6	900
1215	12	15	12-16-18-20-19-17-15	150	6	900
1216	12	16	12-16	150	1	150
1216	12	16	12-13-14-15-17-19-20-18-16	150	8	1200
1216	12	16	12-11-8-7-9-14-15-17-19-20-18-16	150	11	1650
1217	12	17	12-13-14-15-17	150	4	600
1217	12	17	12-16-18-20-19-17	150	5	750
1217	12	17	12-11-8-7-9-14-15-17	150	7	1050
1218	12	18	12-16-18	150	2	300
1218	12	18	12-13-14-15-17-19-20-18	150	7	1050
1218	12	18	12-11-8-7-9-14-15-17-19-20-18	150	10	1500
1219	12	19	12-16-18-20-19	150	4	600
1219	12	19	12-13-14-15-17-19	150	5	750
1219	12	19	12-11-8-7-9-14-15-17-19	150	8	1200
1220	12	20	12-16-18-20	150	3	450
1220	12	20	12-13-14-15-17-19-20	150	6	900
1220	12	20	12-11-8-7-9-14-15-17-19-20	150	9	1350
130	13	0	13-14-9-7-1-0	150	5	750
130	13	0	13-12-11-8-7-1-0	150	6	900
130	13	0	13-14-15-10-5-2-0	150	6	900
131	13	1	13-14-9-7-1	150	4	600
131	13	1	13-12-11-8-7-1	150	5	750
131	13	1	13-14-15-10-5-2-1	150	6	900
132	13	2	13-14-9-7-1-2	150	5	750
132	13	2	13-14-15-10-5-2	150	5	750
132	13	2	13-14-9-7-1-0-2	150	6	900
133	13	3	13-14-9-7-1-3	150	5	750
133	13	3	13-12-11-8-7-1-3	150	6	900
133	13	3	13-14-15-10-5-4-3	150	6	900
134	13	4	13-14-15-10-5-4	150	5	750
134	13	4	13-14-9-7-1-3-4	150	6	900
134	13	4	13-14-9-7-6-5-4	150	6	900
135	13	5	13-14-15-10-5	150	4	600
135	13	5	13-14-9-7-6-5	150	5	750
135	13	5	13-14-9-7-1-2-5	150	6	900
136	13	6	13-14-9-7-6	150	4	600
136	13	6	13-14-15-10-5-6	150	5	750
136	13	6	13-12-11-8-7-6	150	5	750
137	13	7	13-14-9-7	150	3	450
137	13	7	13-12-11-8-7	150	4	600
137	13	7	13-14-15-10-5-6-7	150	6	900
138	13	8	13-12-11-8	150	3	450
138	13	8	13-14-9-7-8	150	4	600
138	13	8	13-14-15-10-5-6-7-8	150	7	1050
139	13	9	13-14-9	150	2	300
139	13	9	13-12-11-8-7-9	150	5	750
139	13	9	13-14-15-10-5-6-7-9	150	7	1050
1310	13	10	13-14-15-10	150	3	450
1310	13	10	13-14-9-7-6-5-10	150	6	900
1310	13	10	13-14-9-7-1-2-5-10	150	7	1050
1311	13	11	13-12-11	150	2	300
1311	13	11	13-14-9-7-8-11	150	5	750
1311	13	11	13-14-15-10-5-6-7-8-11	150	8	1200
1312	13	12	13-12	150	1	150
1312	13	12	13-14-9-7-8-11-12	150	6	900
1312	13	12	13-14-15-17-19-20-18-16-12	150	8	1200
1314	13	14	13-14	150	1	150
1314	13	14	13-12-11-8-7-9-14	150	6	900
1314	13	14	13-12-16-18-20-19-17-15-14	150	8	1200
1315	13	15	13-14-15	150	2	300
1315	13	15	13-12-11-8-7-9-14-15	150	7	1050
1315	13	15	13-14-9-7-6-5-10-15	150	7	1050
1316	13	16	13-12-16	150	2	300
1316	13	16	13-14-9-7-8-11-12-16	150	7	1050
1316	13	16	13-14-15-17-19-20-18-16	150	7	1050
1317	13	17	13-14-15-17	150	3	450
1317	13	17	13-12-16-18-20-19-17	150	6	900
1317	13	17	13-12-11-8-7-9-14-15-17	150	8	1200
1318	13	18	13-12-16-18	150	3	450
1318	13	18	13-14-15-17-19-20-18	150	6	900
1318	13	18	13-14-9-7-8-11-12-16-18	150	8	1200
1319	13	19	13-14-15-17-19	150	4	600
1319	13	19	13-12-16-18-20-19	150	5	750
1319	13	19	13-12-11-8-7-9-14-15-17-19	150	9	1350
1320	13	20	13-12-16-18-20	150	4	600
1320	13	20	13-14-15-17-19-20	150	5	750
1320	13	20	13-14-9-7-8-11-12-16-18-20	150	9	1350
140	14	0	14-9-7-1-0	150	4	600
140	14	0	14-9-7-1-2-0	150	5	750
140	14	0	14-15-10-5-2-0	150	5	750
141	14	1	14-9-7-1	150	3	450
141	14	1	14-15-10-5-2-1	150	5	750
141	14	1	14-15-10-5-2-0-1	150	6	900
142	14	2	14-9-7-1-2	150	4	600
142	14	2	14-15-10-5-2	150	4	600
142	14	2	14-9-7-1-0-2	150	5	750
143	14	3	14-9-7-1-3	150	4	600
143	14	3	14-15-10-5-4-3	150	5	750
143	14	3	14-15-10-5-2-1-3	150	6	900
144	14	4	14-15-10-5-4	150	4	600
144	14	4	14-9-7-1-3-4	150	5	750
144	14	4	14-9-7-6-5-4	150	5	750
145	14	5	14-15-10-5	150	3	450
145	14	5	14-9-7-6-5	150	4	600
145	14	5	14-9-7-1-2-5	150	5	750
146	14	6	14-9-7-6	150	3	450
146	14	6	14-15-10-5-6	150	4	600
146	14	6	14-9-7-1-2-5-6	150	6	900
147	14	7	14-9-7	150	2	300
147	14	7	14-15-10-5-6-7	150	5	750
147	14	7	14-13-12-11-8-7	150	5	750
148	14	8	14-9-7-8	150	3	450
148	14	8	14-13-12-11-8	150	4	600
148	14	8	14-15-10-5-6-7-8	150	6	900
149	14	9	14-9	150	1	150
149	14	9	14-15-10-5-6-7-9	150	6	900
149	14	9	14-13-12-11-8-7-9	150	6	900
1410	14	10	14-15-10	150	2	300
1410	14	10	14-9-7-6-5-10	150	5	750
1410	14	10	14-9-7-1-2-5-10	150	6	900
1411	14	11	14-13-12-11	150	3	450
1411	14	11	14-9-7-8-11	150	4	600
1411	14	11	14-15-10-5-6-7-8-11	150	7	1050
1412	14	12	14-13-12	150	2	300
1412	14	12	14-9-7-8-11-12	150	5	750
1412	14	12	14-15-17-19-20-18-16-12	150	7	1050
1413	14	13	14-13	150	1	150
1413	14	13	14-9-7-8-11-12-13	150	6	900
1413	14	13	14-15-17-19-20-18-16-12-13	150	8	1200
1415	14	15	14-15	150	1	150
1415	14	15	14-9-7-6-5-10-15	150	6	900
1415	14	15	14-9-7-1-2-5-10-15	150	7	1050
1416	14	16	14-13-12-16	150	3	450
1416	14	16	14-9-7-8-11-12-16	150	6	900
1416	14	16	14-15-17-19-20-18-16	150	6	900
1417	14	17	14-15-17	150	2	300
1417	14	17	14-9-7-6-5-10-15-17	150	7	1050
1417	14	17	14-13-12-16-18-20-19-17	150	7	1050
1418	14	18	14-13-12-16-18	150	4	600
1418	14	18	14-15-17-19-20-18	150	5	750
1418	14	18	14-9-7-8-11-12-16-18	150	7	1050
1419	14	19	14-15-17-19	150	3	450
1419	14	19	14-13-12-16-18-20-19	150	6	900
1419	14	19	14-9-7-6-5-10-15-17-19	150	8	1200
1420	14	20	14-15-17-19-20	150	4	600
1420	14	20	14-13-12-16-18-20	150	5	750
1420	14	20	14-9-7-8-11-12-16-18-20	150	8	1200
150	15	0	15-10-5-2-0	150	4	600
150	15	0	15-10-5-2-1-0	150	5	750
150	15	0	15-14-9-7-1-0	150	5	750
151	15	1	15-10-5-2-1	150	4	600
151	15	1	15-14-9-7-1	150	4	600
151	15	1	15-10-5-2-0-1	150	5	750
152	15	2	15-10-5-2	150	3	450
152	15	2	15-14-9-7-1-2	150	5	750
152	15	2	15-14-9-7-1-0-2	150	6	900
153	15	3	15-10-5-4-3	150	4	600
153	15	3	15-10-5-2-1-3	150	5	750
153	15	3	15-14-9-7-1-3	150	5	750
154	15	4	15-10-5-4	150	3	450
154	15	4	15-10-5-2-1-3-4	150	6	900
154	15	4	15-14-9-7-6-5-4	150	6	900
155	15	5	15-10-5	150	2	300
155	15	5	15-14-9-7-6-5	150	5	750
155	15	5	15-14-9-7-1-2-5	150	6	900
156	15	6	15-10-5-6	150	3	450
156	15	6	15-14-9-7-6	150	4	600
156	15	6	15-10-5-2-1-7-6	150	6	900
157	15	7	15-14-9-7	150	3	450
157	15	7	15-10-5-6-7	150	4	600
157	15	7	15-10-5-2-1-7	150	5	750
158	15	8	15-14-9-7-8	150	4	600
158	15	8	15-14-13-12-11-8	150	5	750
158	15	8	15-10-5-6-7-8	150	5	750
159	15	9	15-14-9	150	2	300
159	15	9	15-10-5-6-7-9	150	5	750
159	15	9	15-10-5-2-1-7-9	150	6	900
1510	15	10	15-10	150	1	150
1510	15	10	15-14-9-7-6-5-10	150	6	900
1510	15	10	15-14-9-7-1-2-5-10	150	7	1050
1511	15	11	15-14-13-12-11	150	4	600
1511	15	11	15-14-9-7-8-11	150	5	750
1511	15	11	15-10-5-6-7-8-11	150	6	900
1512	15	12	15-14-13-12	150	3	450
1512	15	12	15-14-9-7-8-11-12	150	6	900
1512	15	12	15-17-19-20-18-16-12	150	6	900
1513	15	13	15-14-13	150	2	300
1513	15	13	15-14-9-7-8-11-12-13	150	7	1050
1513	15	13	15-10-5-6-7-9-14-13	150	7	1050
1514	15	14	15-14	150	1	150
1514	15	14	15-10-5-6-7-9-14	150	6	900
1514	15	14	15-10-5-2-1-7-9-14	150	7	1050
1516	15	16	15-14-13-12-16	150	4	600
1516	15	16	15-17-19-20-18-16	150	5	750
1516	15	16	15-14-9-7-8-11-12-16	150	7	1050
1517	15	17	15-17	150	1	150
1517	15	17	15-14-13-12-16-18-20-19-17	150	8	1200
1517	15	17	15-14-9-7-8-11-12-16-18-20-19-17	150	11	1650
1518	15	18	15-17-19-20-18	150	4	600
1518	15	18	15-14-13-12-16-18	150	5	750
1518	15	18	15-14-9-7-8-11-12-16-18	150	8	1200
1519	15	19	15-17-19	150	2	300
1519	15	19	15-14-13-12-16-18-20-19	150	7	1050
1519	15	19	15-14-9-7-8-11-12-16-18-20-19	150	10	1500
1520	15	20	15-17-19-20	150	3	450
1520	15	20	15-14-13-12-16-18-20	150	6	900
1520	15	20	15-14-9-7-8-11-12-16-18-20	150	9	1350
160	16	0	16-12-11-8-7-1-0	150	6	900
160	16	0	16-12-13-14-9-7-1-0	150	7	1050
160	16	0	16-12-11-8-7-1-2-0	150	7	1050
161	16	1	16-12-11-8-7-1	150	5	750
161	16	1	16-12-13-14-9-7-1	150	6	900
161	16	1	16-12-11-8-7-6-5-2-1	150	8	1200
162	16	2	16-12-11-8-7-1-2	150	6	900
162	16	2	16-12-11-8-7-1-0-2	150	7	1050
162	16	2	16-12-13-14-15-10-5-2	150	7	1050
163	16	3	16-12-11-8-7-1-3	150	6	900
163	16	3	16-12-13-14-9-7-1-3	150	7	1050
163	16	3	16-12-11-8-7-6-5-4-3	150	8	1200
164	16	4	16-12-11-8-7-1-3-4	150	7	1050
164	16	4	16-12-13-14-15-10-5-4	150	7	1050
164	16	4	16-12-11-8-7-6-5-4	150	7	1050
165	16	5	16-12-11-8-7-6-5	150	6	900
165	16	5	16-12-13-14-15-10-5	150	6	900
165	16	5	16-12-11-8-7-1-2-5	150	7	1050
166	16	6	16-12-11-8-7-6	150	5	750
166	16	6	16-12-13-14-9-7-6	150	6	900
166	16	6	16-12-13-14-15-10-5-6	150	7	1050
167	16	7	16-12-11-8-7	150	4	600
167	16	7	16-12-13-14-9-7	150	5	750
167	16	7	16-12-13-14-15-10-5-6-7	150	8	1200
168	16	8	16-12-11-8	150	3	450
168	16	8	16-12-13-14-9-7-8	150	6	900
168	16	8	16-12-13-14-15-10-5-6-7-8	150	9	1350
169	16	9	16-12-13-14-9	150	4	600
169	16	9	16-12-11-8-7-9	150	5	750
169	16	9	16-18-20-19-17-15-14-9	150	7	1050
1610	16	10	16-12-13-14-15-10	150	5	750
1610	16	10	16-18-20-19-17-15-10	150	6	900
1610	16	10	16-12-11-8-7-6-5-10	150	7	1050
1611	16	11	16-12-11	150	2	300
1611	16	11	16-12-13-14-9-7-8-11	150	7	1050
1611	16	11	16-18-20-19-17-15-14-13-12-11	150	9	1350
1612	16	12	16-12	150	1	150
1612	16	12	16-18-20-19-17-15-14-13-12	150	8	1200
1612	16	12	16-18-20-19-17-15-14-9-7-8-11-12	150	11	1650
1613	16	13	16-12-13	150	2	300
1613	16	13	16-18-20-19-17-15-14-13	150	7	1050
1613	16	13	16-12-11-8-7-9-14-13	150	7	1050
1614	16	14	16-12-13-14	150	3	450
1614	16	14	16-18-20-19-17-15-14	150	6	900
1614	16	14	16-12-11-8-7-9-14	150	6	900
1615	16	15	16-12-13-14-15	150	4	600
1615	16	15	16-18-20-19-17-15	150	5	750
1615	16	15	16-12-11-8-7-9-14-15	150	7	1050
1617	16	17	16-18-20-19-17	150	4	600
1617	16	17	16-12-13-14-15-17	150	5	750
1617	16	17	16-12-11-8-7-9-14-15-17	150	8	1200
1618	16	18	16-18	150	1	150
1618	16	18	16-12-13-14-15-17-19-20-18	150	8	1200
1618	16	18	16-12-11-8-7-9-14-15-17-19-20-18	150	11	1650
1619	16	19	16-18-20-19	150	3	450
1619	16	19	16-12-13-14-15-17-19	150	6	900
1619	16	19	16-12-11-8-7-9-14-15-17-19	150	9	1350
1620	16	20	16-18-20	150	2	300
1620	16	20	16-12-13-14-15-17-19-20	150	7	1050
1620	16	20	16-12-11-8-7-9-14-15-17-19-20	150	10	1500
170	17	0	17-15-10-5-2-0	150	5	750
170	17	0	17-15-10-5-2-1-0	150	6	900
170	17	0	17-15-14-9-7-1-0	150	6	900
171	17	1	17-15-10-5-2-1	150	5	750
171	17	1	17-15-14-9-7-1	150	5	750
171	17	1	17-15-10-5-2-0-1	150	6	900
172	17	2	17-15-10-5-2	150	4	600
172	17	2	17-15-14-9-7-1-2	150	6	900
172	17	2	17-15-14-9-7-1-0-2	150	7	1050
173	17	3	17-15-10-5-4-3	150	5	750
173	17	3	17-15-10-5-2-1-3	150	6	900
173	17	3	17-15-14-9-7-1-3	150	6	900
174	17	4	17-15-10-5-4	150	4	600
174	17	4	17-15-10-5-2-1-3-4	150	7	1050
174	17	4	17-15-14-9-7-6-5-4	150	7	1050
175	17	5	17-15-10-5	150	3	450
175	17	5	17-15-14-9-7-6-5	150	6	900
175	17	5	17-15-14-9-7-1-2-5	150	7	1050
176	17	6	17-15-10-5-6	150	4	600
176	17	6	17-15-14-9-7-6	150	5	750
176	17	6	17-15-10-5-2-1-7-6	150	7	1050
177	17	7	17-15-14-9-7	150	4	600
177	17	7	17-15-10-5-6-7	150	5	750
177	17	7	17-15-10-5-2-1-7	150	6	900
178	17	8	17-15-14-9-7-8	150	5	750
178	17	8	17-15-14-13-12-11-8	150	6	900
178	17	8	17-15-10-5-6-7-8	150	6	900
179	17	9	17-15-14-9	150	3	450
179	17	9	17-15-10-5-6-7-9	150	6	900
179	17	9	17-15-10-5-2-1-7-9	150	7	1050
1710	17	10	17-15-10	150	2	300
1710	17	10	17-15-14-9-7-6-5-10	150	7	1050
1710	17	10	17-15-14-9-7-1-2-5-10	150	8	1200
1711	17	11	17-15-14-13-12-11	150	5	750
1711	17	11	17-19-20-18-16-12-11	150	6	900
1711	17	11	17-15-14-9-7-8-11	150	6	900
1712	17	12	17-15-14-13-12	150	4	600
1712	17	12	17-19-20-18-16-12	150	5	750
1712	17	12	17-15-14-9-7-8-11-12	150	7	1050
1713	17	13	17-15-14-13	150	3	450
1713	17	13	17-19-20-18-16-12-13	150	6	900
1713	17	13	17-15-14-9-7-8-11-12-13	150	8	1200
1714	17	14	17-15-14	150	2	300
1714	17	14	17-19-20-18-16-12-13-14	150	7	1050
1714	17	14	17-15-10-5-6-7-9-14	150	7	1050
1715	17	15	17-15	150	1	150
1715	17	15	17-19-20-18-16-12-13-14-15	150	8	1200
1715	17	15	17-19-20-18-16-12-11-8-7-9-14-15	150	11	1650
1716	17	16	17-19-20-18-16	150	4	600
1716	17	16	17-15-14-13-12-16	150	5	750
1716	17	16	17-15-14-9-7-8-11-12-16	150	8	1200
1718	17	18	17-19-20-18	150	3	450
1718	17	18	17-15-14-13-12-16-18	150	6	900
1718	17	18	17-15-14-9-7-8-11-12-16-18	150	9	1350
1719	17	19	17-19	150	1	150
1719	17	19	17-15-14-13-12-16-18-20-19	150	8	1200
1719	17	19	17-15-14-9-7-8-11-12-16-18-20-19	150	11	1650
1720	17	20	17-19-20	150	2	300
1720	17	20	17-15-14-13-12-16-18-20	150	7	1050
1720	17	20	17-15-14-9-7-8-11-12-16-18-20	150	10	1500
180	18	0	18-16-12-11-8-7-1-0	150	7	1050
180	18	0	18-16-12-13-14-9-7-1-0	150	8	1200
180	18	0	18-20-19-17-15-10-5-2-0	150	8	1200
181	18	1	18-16-12-11-8-7-1	150	6	900
181	18	1	18-16-12-13-14-9-7-1	150	7	1050
181	18	1	18-20-19-17-15-10-5-2-1	150	8	1200
182	18	2	18-16-12-11-8-7-1-2	150	7	1050
182	18	2	18-20-19-17-15-10-5-2	150	7	1050
182	18	2	18-16-12-11-8-7-1-0-2	150	8	1200
183	18	3	18-16-12-11-8-7-1-3	150	7	1050
183	18	3	18-16-12-13-14-9-7-1-3	150	8	1200
183	18	3	18-20-19-17-15-10-5-4-3	150	8	1200
184	18	4	18-20-19-17-15-10-5-4	150	7	1050
184	18	4	18-16-12-11-8-7-1-3-4	150	8	1200
184	18	4	18-16-12-13-14-15-10-5-4	150	8	1200
185	18	5	18-20-19-17-15-10-5	150	6	900
185	18	5	18-16-12-11-8-7-6-5	150	7	1050
185	18	5	18-16-12-13-14-15-10-5	150	7	1050
186	18	6	18-16-12-11-8-7-6	150	6	900
186	18	6	18-20-19-17-15-10-5-6	150	7	1050
186	18	6	18-16-12-13-14-9-7-6	150	7	1050
187	18	7	18-16-12-11-8-7	150	5	750
187	18	7	18-16-12-13-14-9-7	150	6	900
187	18	7	18-20-19-17-15-14-9-7	150	7	1050
188	18	8	18-16-12-11-8	150	4	600
188	18	8	18-16-12-13-14-9-7-8	150	7	1050
188	18	8	18-20-19-17-15-14-9-7-8	150	8	1200
189	18	9	18-16-12-13-14-9	150	5	750
189	18	9	18-20-19-17-15-14-9	150	6	900
189	18	9	18-16-12-11-8-7-9	150	6	900
1810	18	10	18-20-19-17-15-10	150	5	750
1810	18	10	18-16-12-13-14-15-10	150	6	900
1810	18	10	18-16-12-11-8-7-6-5-10	150	8	1200
1811	18	11	18-16-12-11	150	3	450
1811	18	11	18-20-19-17-15-14-13-12-11	150	8	1200
1811	18	11	18-16-12-13-14-9-7-8-11	150	8	1200
1812	18	12	18-16-12	150	2	300
1812	18	12	18-20-19-17-15-14-13-12	150	7	1050
1812	18	12	18-20-19-17-15-14-9-7-8-11-12	150	10	1500
1813	18	13	18-16-12-13	150	3	450
1813	18	13	18-20-19-17-15-14-13	150	6	900
1813	18	13	18-16-12-11-8-7-9-14-13	150	8	1200
1814	18	14	18-16-12-13-14	150	4	600
1814	18	14	18-20-19-17-15-14	150	5	750
1814	18	14	18-16-12-11-8-7-9-14	150	7	1050
1815	18	15	18-20-19-17-15	150	4	600
1815	18	15	18-16-12-13-14-15	150	5	750
1815	18	15	18-16-12-11-8-7-9-14-15	150	8	1200
1816	18	16	18-16	150	1	150
1816	18	16	18-20-19-17-15-14-13-12-16	150	8	1200
1816	18	16	18-20-19-17-15-14-9-7-8-11-12-16	150	11	1650
1817	18	17	18-20-19-17	150	3	450
1817	18	17	18-16-12-13-14-15-17	150	6	900
1817	18	17	18-16-12-11-8-7-9-14-15-17	150	9	1350
1819	18	19	18-20-19	150	2	300
1819	18	19	18-16-12-13-14-15-17-19	150	7	1050
1819	18	19	18-16-12-11-8-7-9-14-15-17-19	150	10	1500
1820	18	20	18-20	150	1	150
1820	18	20	18-16-12-13-14-15-17-19-20	150	8	1200
1820	18	20	18-16-12-11-8-7-9-14-15-17-19-20	150	11	1650
190	19	0	19-17-15-10-5-2-0	150	6	900
190	19	0	19-17-15-10-5-2-1-0	150	7	1050
190	19	0	19-17-15-14-9-7-1-0	150	7	1050
191	19	1	19-17-15-10-5-2-1	150	6	900
191	19	1	19-17-15-14-9-7-1	150	6	900
191	19	1	19-17-15-10-5-2-0-1	150	7	1050
192	19	2	19-17-15-10-5-2	150	5	750
192	19	2	19-17-15-14-9-7-1-2	150	7	1050
192	19	2	19-17-15-14-9-7-1-0-2	150	8	1200
193	19	3	19-17-15-10-5-4-3	150	6	900
193	19	3	19-17-15-10-5-2-1-3	150	7	1050
193	19	3	19-17-15-14-9-7-1-3	150	7	1050
194	19	4	19-17-15-10-5-4	150	5	750
194	19	4	19-17-15-10-5-2-1-3-4	150	8	1200
194	19	4	19-17-15-14-9-7-6-5-4	150	8	1200
195	19	5	19-17-15-10-5	150	4	600
195	19	5	19-17-15-14-9-7-6-5	150	7	1050
195	19	5	19-17-15-14-9-7-1-2-5	150	8	1200
196	19	6	19-17-15-10-5-6	150	5	750
196	19	6	19-17-15-14-9-7-6	150	6	900
196	19	6	19-17-15-10-5-2-1-7-6	150	8	1200
197	19	7	19-17-15-14-9-7	150	5	750
197	19	7	19-17-15-10-5-6-7	150	6	900
197	19	7	19-17-15-10-5-2-1-7	150	7	1050
198	19	8	19-20-18-16-12-11-8	150	6	900
198	19	8	19-17-15-14-9-7-8	150	6	900
198	19	8	19-17-15-14-13-12-11-8	150	7	1050
199	19	9	19-17-15-14-9	150	4	600
199	19	9	19-20-18-16-12-13-14-9	150	7	1050
199	19	9	19-17-15-10-5-6-7-9	150	7	1050
1910	19	10	19-17-15-10	150	3	450
1910	19	10	19-20-18-16-12-13-14-15-10	150	8	1200
1910	19	10	19-17-15-14-9-7-6-5-10	150	8	1200
1911	19	11	19-20-18-16-12-11	150	5	750
1911	19	11	19-17-15-14-13-12-11	150	6	900
1911	19	11	19-17-15-14-9-7-8-11	150	7	1050
1912	19	12	19-20-18-16-12	150	4	600
1912	19	12	19-17-15-14-13-12	150	5	750
1912	19	12	19-17-15-14-9-7-8-11-12	150	8	1200
1913	19	13	19-17-15-14-13	150	4	600
1913	19	13	19-20-18-16-12-13	150	5	750
1913	19	13	19-17-15-14-9-7-8-11-12-13	150	9	1350
1914	19	14	19-17-15-14	150	3	450
1914	19	14	19-20-18-16-12-13-14	150	6	900
1914	19	14	19-17-15-10-5-6-7-9-14	150	8	1200
1915	19	15	19-17-15	150	2	300
1915	19	15	19-20-18-16-12-13-14-15	150	7	1050
1915	19	15	19-20-18-16-12-11-8-7-9-14-15	150	10	1500
1916	19	16	19-20-18-16	150	3	450
1916	19	16	19-17-15-14-13-12-16	150	6	900
1916	19	16	19-17-15-14-9-7-8-11-12-16	150	9	1350
1917	19	17	19-17	150	1	150
1917	19	17	19-20-18-16-12-13-14-15-17	150	8	1200
1917	19	17	19-20-18-16-12-11-8-7-9-14-15-17	150	11	1650
1918	19	18	19-20-18	150	2	300
1918	19	18	19-17-15-14-13-12-16-18	150	7	1050
1918	19	18	19-17-15-14-9-7-8-11-12-16-18	150	10	1500
1920	19	20	19-20	150	1	150
1920	19	20	19-17-15-14-13-12-16-18-20	150	8	1200
1920	19	20	19-17-15-14-9-7-8-11-12-16-18-20	150	11	1650
200	20	0	20-19-17-15-10-5-2-0	150	7	1050
200	20	0	20-19-17-15-10-5-2-1-0	150	8	1200
200	20	0	20-18-16-12-11-8-7-1-0	150	8	1200
201	20	1	20-19-17-15-10-5-2-1	150	7	1050
201	20	1	20-19-17-15-14-9-7-1	150	7	1050
201	20	1	20-18-16-12-11-8-7-1	150	7	1050
202	20	2	20-19-17-15-10-5-2	150	6	900
202	20	2	20-18-16-12-11-8-7-1-2	150	8	1200
202	20	2	20-19-17-15-14-9-7-1-2	150	8	1200
203	20	3	20-19-17-15-10-5-4-3	150	7	1050
203	20	3	20-19-17-15-10-5-2-1-3	150	8	1200
203	20	3	20-18-16-12-11-8-7-1-3	150	8	1200
204	20	4	20-19-17-15-10-5-4	150	6	900
204	20	4	20-19-17-15-10-5-2-1-3-4	150	9	1350
204	20	4	20-18-16-12-13-14-15-10-5-4	150	9	1350
205	20	5	20-19-17-15-10-5	150	5	750
205	20	5	20-18-16-12-11-8-7-6-5	150	8	1200
205	20	5	20-18-16-12-13-14-15-10-5	150	8	1200
206	20	6	20-19-17-15-10-5-6	150	6	900
206	20	6	20-18-16-12-11-8-7-6	150	7	1050
206	20	6	20-19-17-15-14-9-7-6	150	7	1050
207	20	7	20-18-16-12-11-8-7	150	6	900
207	20	7	20-19-17-15-14-9-7	150	6	900
207	20	7	20-19-17-15-10-5-6-7	150	7	1050
208	20	8	20-18-16-12-11-8	150	5	750
208	20	8	20-19-17-15-14-9-7-8	150	7	1050
208	20	8	20-19-17-15-14-13-12-11-8	150	8	1200
209	20	9	20-19-17-15-14-9	150	5	750
209	20	9	20-18-16-12-13-14-9	150	6	900
209	20	9	20-18-16-12-11-8-7-9	150	7	1050
2010	20	10	20-19-17-15-10	150	4	600
2010	20	10	20-18-16-12-13-14-15-10	150	7	1050
2010	20	10	20-18-16-12-11-8-7-6-5-10	150	9	1350
2011	20	11	20-18-16-12-11	150	4	600
2011	20	11	20-19-17-15-14-13-12-11	150	7	1050
2011	20	11	20-19-17-15-14-9-7-8-11	150	8	1200
2012	20	12	20-18-16-12	150	3	450
2012	20	12	20-19-17-15-14-13-12	150	6	900
2012	20	12	20-19-17-15-14-9-7-8-11-12	150	9	1350
2013	20	13	20-18-16-12-13	150	4	600
2013	20	13	20-19-17-15-14-13	150	5	750
2013	20	13	20-18-16-12-11-8-7-9-14-13	150	9	1350
2014	20	14	20-19-17-15-14	150	4	600
2014	20	14	20-18-16-12-13-14	150	5	750
2014	20	14	20-18-16-12-11-8-7-9-14	150	8	1200
2015	20	15	20-19-17-15	150	3	450
2015	20	15	20-18-16-12-13-14-15	150	6	900
2015	20	15	20-18-16-12-11-8-7-9-14-15	150	9	1350
2016	20	16	20-18-16	150	2	300
2016	20	16	20-19-17-15-14-13-12-16	150	7	1050
2016	20	16	20-19-17-15-14-9-7-8-11-12-16	150	10	1500
2017	20	17	20-19-17	150	2	300
2017	20	17	20-18-16-12-13-14-15-17	150	7	1050
2017	20	17	20-18-16-12-11-8-7-9-14-15-17	150	10	1500
2018	20	18	20-18	150	1	150
2018	20	18	20-19-17-15-14-13-12-16-18	150	8	1200
2018	20	18	20-19-17-15-14-9-7-8-11-12-16-18	150	11	1650
2019	20	19	20-19	150	1	150
2019	20	19	20-18-16-12-13-14-15-17-19	150	8	1200
2019	20	19	20-18-16-12-11-8-7-9-14-15-17-19	150	11	1650
