01	0	1	0-1	136	1	136
01	0	1	0-2-1	136	2	272
01	0	1	0-2-5-4-3-1	136	5	680
01	0	1	0-2-5-6-7-1	136	5	680
01	0	1	0-2-5-10-15-14-9-7-1	136	8	1088
01	0	1	0-2-5-10-15-14-13-12-11-8-7-1	136	11	1496
02	0	2	0-2	14	1	14
02	0	2	0-1-2	14	2	28
02	0	2	0-1-3-4-5-2	14	5	70
02	0	2	0-1-7-6-5-2	14	5	70
02	0	2	0-1-7-9-14-15-10-5-2	14	8	112
02	0	2	0-1-7-8-11-12-13-14-15-10-5-2	14	11	154
03	0	3	0-1-3	172	2	344
03	0	3	0-2-1-3	172	3	516
03	0	3	0-2-5-4-3	172	4	688
03	0	3	0-1-2-5-4-3	172	5	860
03	0	3	0-2-5-6-7-1-3	172	6	1032
03	0	3	0-1-7-6-5-4-3	172	6	1032
04	0	4	0-1-3-4	125	3	375
04	0	4	0-2-5-4	125	3	375
04	0	4	0-2-1-3-4	125	4	500
04	0	4	0-1-2-5-4	125	4	500
04	0	4	0-1-7-6-5-4	125	5	625
04	0	4	0-2-1-7-6-5-4	125	6	750
05	0	5	0-2-5	89	2	178
05	0	5	0-1-2-5	89	3	267
05	0	5	0-1-3-4-5	89	4	356
05	0	5	0-1-7-6-5	89	4	356
05	0	5	0-2-1-3-4-5	89	5	445
05	0	5	0-2-1-7-6-5	89	5	445
06	0	6	0-2-5-6	1	3	3
06	0	6	0-1-7-6	1	3	3
06	0	6	0-1-2-5-6	1	4	4
06	0	6	0-2-1-7-6	1	4	4
06	0	6	0-1-3-4-5-6	1	5	5
06	0	6	0-2-1-3-4-5-6	1	6	6
07	0	7	0-1-7	72	2	144
07	0	7	0-2-1-7	72	3	216
07	0	7	0-2-5-6-7	72	4	288
07	0	7	0-1-2-5-6-7	72	5	360
07	0	7	0-2-5-4-3-1-7	72	6	432
07	0	7	0-1-3-4-5-6-7	72	6	432
08	0	8	0-1-7-8	63	3	189
08	0	8	0-2-1-7-8	63	4	252
08	0	8	0-2-5-6-7-8	63	5	315
08	0	8	0-1-2-5-6-7-8	63	6	378
08	0	8	0-2-5-4-3-1-7-8	63	7	441
08	0	8	0-1-3-4-5-6-7-8	63	7	441
09	0	9	0-1-7-9	17	3	51
09	0	9	0-2-1-7-9	17	4	68
09	0	9	0-2-5-6-7-9	17	5	85
09	0	9	0-2-5-10-15-14-9	17	6	102
09	0	9	0-1-2-5-6-7-9	17	6	102
09	0	9	0-1-2-5-10-15-14-9	17	7	119
010	0	10	0-2-5-10	83	3	249
010	0	10	0-1-2-5-10	83	4	332
010	0	10	0-1-3-4-5-10	83	5	415
010	0	10	0-1-7-6-5-10	83	5	415
010	0	10	0-1-7-9-14-15-10	83	6	498
010	0	10	0-2-1-7-6-5-10	83	6	498
011	0	11	0-1-7-8-11	24	4	96
011	0	11	0-2-1-7-8-11	24	5	120
011	0	11	0-2-5-6-7-8-11	24	6	144
011	0	11	0-1-7-9-14-13-12-11	24	7	168
011	0	11	0-1-2-5-6-7-8-11	24	7	168
011	0	11	0-2-5-10-15-14-13-12-11	24	8	192
012	0	12	0-1-7-8-11-12	10	5	50
012	0	12	0-2-1-7-8-11-12	10	6	60
012	0	12	0-1-7-9-14-13-12	10	6	60
012	0	12	0-2-5-6-7-8-11-12	10	7	70
012	0	12	0-2-1-7-9-14-13-12	10	7	70
012	0	12	0-2-5-10-15-14-13-12	10	7	70
013	0	13	0-1-7-9-14-13	166	5	830
013	0	13	0-1-7-8-11-12-13	166	6	996
013	0	13	0-2-1-7-9-14-13	166	6	996
013	0	13	0-2-5-10-15-14-13	166	6	996
013	0	13	0-2-1-7-8-11-12-13	166	7	1162
013	0	13	0-2-5-6-7-9-14-13	166	7	1162
014	0	14	0-1-7-9-14	24	4	96
014	0	14	0-2-5-10-15-14	24	5	120
014	0	14	0-2-1-7-9-14	24	5	120
014	0	14	0-1-2-5-10-15-14	24	6	144
014	0	14	0-2-5-6-7-9-14	24	6	144
014	0	14	0-1-7-8-11-12-13-14	24	7	168
015	0	15	0-2-5-10-15	1	4	4
015	0	15	0-1-7-9-14-15	1	5	5
015	0	15	0-1-2-5-10-15	1	5	5
015	0	15	0-2-1-7-9-14-15	1	6	6
015	0	15	0-1-7-6-5-10-15	1	6	6
015	0	15	0-1-3-4-5-10-15	1	6	6
016	0	16	0-1-7-8-11-12-16	176	6	1056
016	0	16	0-2-1-7-8-11-12-16	176	7	1232
016	0	16	0-1-7-9-14-13-12-16	176	7	1232
016	0	16	0-2-5-6-7-8-11-12-16	176	8	1408
016	0	16	0-2-1-7-9-14-13-12-16	176	8	1408
016	0	16	0-2-5-10-15-14-13-12-16	176	8	1408
017	0	17	0-2-5-10-15-17	111	5	555
017	0	17	0-1-7-9-14-15-17	111	6	666
017	0	17	0-1-2-5-10-15-17	111	6	666
017	0	17	0-2-1-7-9-14-15-17	111	7	777
017	0	17	0-1-3-4-5-10-15-17	111	7	777
017	0	17	0-1-7-6-5-10-15-17	111	7	777
018	0	18	0-1-7-8-11-12-16-18	171	7	1197
018	0	18	0-2-1-7-8-11-12-16-18	171	8	1368
018	0	18	0-2-5-10-15-17-19-20-18	171	8	1368
018	0	18	0-1-7-9-14-13-12-16-18	171	8	1368
018	0	18	0-2-5-6-7-8-11-12-16-18	171	9	1539
018	0	18	0-1-2-5-10-15-17-19-20-18	171	9	1539
019	0	19	0-2-5-10-15-17-19	160	6	960
019	0	19	0-1-7-9-14-15-17-19	160	7	1120
019	0	19	0-1-2-5-10-15-17-19	160	7	1120
019	0	19	0-2-1-7-9-14-15-17-19	160	8	1280
019	0	19	0-1-7-6-5-10-15-17-19	160	8	1280
019	0	19	0-1-3-4-5-10-15-17-19	160	8	1280
020	0	20	0-2-5-10-15-17-19-20	102	7	714
020	0	20	0-1-7-8-11-12-16-18-20	102	8	816
020	0	20	0-1-2-5-10-15-17-19-20	102	8	816
020	0	20	0-1-7-9-14-15-17-19-20	102	8	816
020	0	20	0-2-1-7-8-11-12-16-18-20	102	9	918
020	0	20	0-1-3-4-5-10-15-17-19-20	102	9	918
10	1	0	1-0	115	1	115
10	1	0	1-2-0	115	2	230
10	1	0	1-3-4-5-2-0	115	5	575
10	1	0	1-7-6-5-2-0	115	5	575
10	1	0	1-7-9-14-15-10-5-2-0	115	8	920
10	1	0	1-7-8-11-12-13-14-15-10-5-2-0	115	11	1265
12	1	2	1-2	96	1	96
12	1	2	1-0-2	96	2	192
12	1	2	1-3-4-5-2	96	4	384
12	1	2	1-7-6-5-2	96	4	384
12	1	2	1-7-9-14-15-10-5-2	96	7	672
12	1	2	1-7-8-11-12-13-14-15-10-5-2	96	10	960
13	1	3	1-3	53	1	53
13	1	3	1-2-5-4-3	53	4	212
13	1	3	1-0-2-5-4-3	53	5	265
13	1	3	1-7-6-5-4-3	53	5	265
13	1	3	1-7-9-14-15-10-5-4-3	53	8	424
13	1	3	1-7-8-11-12-13-14-15-10-5-4-3	53	11	583
14	1	4	1-3-4	60	2	120
14	1	4	1-2-5-4	60	3	180
14	1	4	1-0-2-5-4	60	4	240
14	1	4	1-7-6-5-4	60	4	240
14	1	4	1-7-9-14-15-10-5-4	60	7	420
14	1	4	1-7-8-11-12-13-14-15-10-5-4	60	10	600
15	1	5	1-2-5	163	2	326
15	1	5	1-0-2-5	163	3	489
15	1	5	1-7-6-5	163	3	489
15	1	5	1-3-4-5	163	3	489
15	1	5	1-7-9-14-15-10-5	163	6	978
15	1	5	1-7-8-11-12-13-14-15-10-5	163	9	1467
16	1	6	1-7-6	63	2	126
16	1	6	1-2-5-6	63	3	189
16	1	6	1-0-2-5-6	63	4	252
16	1	6	1-3-4-5-6	63	4	252
16	1	6	1-7-9-14-15-10-5-6	63	7	441
16	1	6	1-2-5-10-15-14-9-7-6	63	8	504
17	1	7	1-7	92	1	92
17	1	7	1-2-5-6-7	92	4	368
17	1	7	1-0-2-5-6-7	92	5	460
17	1	7	1-3-4-5-6-7	92	5	460
17	1	7	1-2-5-10-15-14-9-7	92	7	644
17	1	7	1-0-2-5-10-15-14-9-7	92	8	736
18	1	8	1-7-8	15	2	30
18	1	8	1-2-5-6-7-8	15	5	75
18	1	8	1-0-2-5-6-7-8	15	6	90
18	1	8	1-3-4-5-6-7-8	15	6	90
18	1	8	1-7-9-14-13-12-11-8	15	7	105
18	1	8	1-2-5-10-15-14-9-7-8	15	8	120
19	1	9	1-7-9	131	2	262
19	1	9	1-2-5-6-7-9	131	5	655
19	1	9	1-2-5-10-15-14-9	131	6	786
19	1	9	1-3-4-5-6-7-9	131	6	786
19	1	9	1-0-2-5-6-7-9	131	6	786
19	1	9	1-7-8-11-12-13-14-9	131	7	917
110	1	10	1-2-5-10	182	3	546
110	1	10	1-0-2-5-10	182	4	728
110	1	10	1-3-4-5-10	182	4	728
110	1	10	1-7-6-5-10	182	4	728
110	1	10	1-7-9-14-15-10	182	5	910
110	1	10	1-7-8-11-12-13-14-15-10	182	8	1456
111	1	11	1-7-8-11	24	3	72
111	1	11	1-7-9-14-13-12-11	24	6	144
111	1	11	1-2-5-6-7-8-11	24	6	144
111	1	11	1-0-2-5-6-7-8-11	24	7	168
111	1	11	1-3-4-5-6-7-8-11	24	7	168
111	1	11	1-2-5-10-15-14-13-12-11	24	8	192
112	1	12	1-7-8-11-12	159	4	636
112	1	12	1-7-9-14-13-12	159	5	795
112	1	12	1-2-5-6-7-8-11-12	159	7	1113
112	1	12	1-2-5-10-15-14-13-12	159	7	1113
112	1	12	1-0-2-5-6-7-8-11-12	159	8	1272
112	1	12	1-2-5-6-7-9-14-13-12	159	8	1272
113	1	13	1-7-9-14-13	47	4	188
113	1	13	1-7-8-11-12-13	47	5	235
113	1	13	1-2-5-10-15-14-13	47	6	282
113	1	13	1-0-2-5-10-15-14-13	47	7	329
113	1	13	1-7-6-5-10-15-14-13	47	7	329
113	1	13	1-3-4-5-10-15-14-13	47	7	329
114	1	14	1-7-9-14	193	3	579
114	1	14	1-2-5-10-15-14	193	5	965
114	1	14	1-7-8-11-12-13-14	193	6	1158
114	1	14	1-2-5-6-7-9-14	193	6	1158
114	1	14	1-3-4-5-10-15-14	193	6	1158
114	1	14	1-7-6-5-10-15-14	193	6	1158
115	1	15	1-7-9-14-15	7	4	28
115	1	15	1-2-5-10-15	7	4	28
115	1	15	1-0-2-5-10-15	7	5	35
115	1	15	1-7-6-5-10-15	7	5	35
115	1	15	1-3-4-5-10-15	7	5	35
115	1	15	1-7-8-11-12-13-14-15	7	7	49
116	1	16	1-7-8-11-12-16	116	5	580
116	1	16	1-7-9-14-13-12-16	116	6	696
116	1	16	1-2-5-6-7-8-11-12-16	116	8	928
116	1	16	1-2-5-10-15-14-13-12-16	116	8	928
116	1	16	1-0-2-5-6-7-8-11-12-16	116	9	1044
116	1	16	1-2-5-10-15-17-19-20-18-16	116	9	1044
117	1	17	1-7-9-14-15-17	149	5	745
117	1	17	1-2-5-10-15-17	149	5	745
117	1	17	1-0-2-5-10-15-17	149	6	894
117	1	17	1-3-4-5-10-15-17	149	6	894
117	1	17	1-7-6-5-10-15-17	149	6	894
117	1	17	1-7-8-11-12-13-14-15-17	149	8	1192
118	1	18	1-7-8-11-12-16-18	176	6	1056
118	1	18	1-7-9-14-13-12-16-18	176	7	1232
118	1	18	1-7-9-14-15-17-19-20-18	176	8	1408
118	1	18	1-2-5-10-15-17-19-20-18	176	8	1408
118	1	18	1-2-5-6-7-8-11-12-16-18	176	9	1584
118	1	18	1-7-6-5-10-15-17-19-20-18	176	9	1584
119	1	19	1-7-9-14-15-17-19	23	6	138
119	1	19	1-2-5-10-15-17-19	23	6	138
119	1	19	1-0-2-5-10-15-17-19	23	7	161
119	1	19	1-7-6-5-10-15-17-19	23	7	161
119	1	19	1-3-4-5-10-15-17-19	23	7	161
119	1	19	1-7-8-11-12-16-18-20-19	23	8	184
120	1	20	1-7-8-11-12-16-18-20	55	7	385
120	1	20	1-2-5-10-15-17-19-20	55	7	385
120	1	20	1-7-9-14-15-17-19-20	55	7	385
120	1	20	1-7-9-14-13-12-16-18-20	55	8	440
120	1	20	1-3-4-5-10-15-17-19-20	55	8	440
120	1	20	1-7-6-5-10-15-17-19-20	55	8	440
20	2	0	2-0	67	1	67
20	2	0	2-1-0	67	2	134
20	2	0	2-5-4-3-1-0	67	5	335
20	2	0	2-5-6-7-1-0	67	5	335
20	2	0	2-5-10-15-14-9-7-1-0	67	8	536
20	2	0	2-5-10-15-14-13-12-11-8-7-1-0	67	11	737
21	2	1	2-1	33	1	33
21	2	1	2-0-1	33	2	66
21	2	1	2-5-4-3-1	33	4	132
21	2	1	2-5-6-7-1	33	4	132
21	2	1	2-5-10-15-14-9-7-1	33	7	231
21	2	1	2-5-10-15-14-13-12-11-8-7-1	33	10	330
23	2	3	2-1-3	12	2	24
23	2	3	2-0-1-3	12	3	36
23	2	3	2-5-4-3	12	3	36
23	2	3	2-5-6-7-1-3	12	5	60
23	2	3	2-1-7-6-5-4-3	12	6	72
23	2	3	2-0-1-7-6-5-4-3	12	7	84
24	2	4	2-5-4	72	2	144
24	2	4	2-1-3-4	72	3	216
24	2	4	2-0-1-3-4	72	4	288
24	2	4	2-1-7-6-5-4	72	5	360
24	2	4	2-5-6-7-1-3-4	72	6	432
24	2	4	2-0-1-7-6-5-4	72	6	432
25	2	5	2-5	7	1	7
25	2	5	2-1-3-4-5	7	4	28
25	2	5	2-1-7-6-5	7	4	28
25	2	5	2-0-1-3-4-5	7	5	35
25	2	5	2-0-1-7-6-5	7	5	35
25	2	5	2-1-7-9-14-15-10-5	7	7	49
26	2	6	2-5-6	155	2	310
26	2	6	2-1-7-6	155	3	465
26	2	6	2-0-1-7-6	155	4	620
26	2	6	2-1-3-4-5-6	155	5	775
26	2	6	2-0-1-3-4-5-6	155	6	930
26	2	6	2-5-4-3-1-7-6	155	6	930
27	2	7	2-1-7	99	2	198
27	2	7	2-0-1-7	99	3	297
27	2	7	2-5-6-7	99	3	297
27	2	7	2-5-4-3-1-7	99	5	495
27	2	7	2-1-3-4-5-6-7	99	6	594
27	2	7	2-5-10-15-14-9-7	99	6	594
28	2	8	2-1-7-8	79	3	237
28	2	8	2-0-1-7-8	79	4	316
28	2	8	2-5-6-7-8	79	4	316
28	2	8	2-5-4-3-1-7-8	79	6	474
28	2	8	2-1-3-4-5-6-7-8	79	7	553
28	2	8	2-5-10-15-14-9-7-8	79	7	553
29	2	9	2-1-7-9	161	3	483
29	2	9	2-0-1-7-9	161	4	644
29	2	9	2-5-6-7-9	161	4	644
29	2	9	2-5-10-15-14-9	161	5	805
29	2	9	2-5-4-3-1-7-9	161	6	966
29	2	9	2-1-3-4-5-6-7-9	161	7	1127
210	2	10	2-5-10	16	2	32
210	2	10	2-1-3-4-5-10	16	5	80
210	2	10	2-1-7-6-5-10	16	5	80
210	2	10	2-1-7-9-14-15-10	16	6	96
210	2	10	2-0-1-7-6-5-10	16	6	96
210	2	10	2-0-1-3-4-5-10	16	6	96
211	2	11	2-1-7-8-11	40	4	160
211	2	11	2-0-1-7-8-11	40	5	200
211	2	11	2-5-6-7-8-11	40	5	200
211	2	11	2-5-10-15-14-13-12-11	40	7	280
211	2	11	2-5-4-3-1-7-8-11	40	7	280
211	2	11	2-1-7-9-14-13-12-11	40	7	280
212	2	12	2-1-7-8-11-12	199	5	995
212	2	12	2-0-1-7-8-11-12	199	6	1194
212	2	12	2-1-7-9-14-13-12	199	6	1194
212	2	12	2-5-10-15-14-13-12	199	6	1194
212	2	12	2-5-6-7-8-11-12	199	6	1194
212	2	12	2-0-1-7-9-14-13-12	199	7	1393
213	2	13	2-5-10-15-14-13	18	5	90
213	2	13	2-1-7-9-14-13	18	5	90
213	2	13	2-1-7-8-11-12-13	18	6	108
213	2	13	2-5-6-7-9-14-13	18	6	108
213	2	13	2-0-1-7-9-14-13	18	6	108
213	2	13	2-0-1-7-8-11-12-13	18	7	126
214	2	14	2-5-10-15-14	40	4	160
214	2	14	2-1-7-9-14	40	4	160
214	2	14	2-0-1-7-9-14	40	5	200
214	2	14	2-5-6-7-9-14	40	5	200
214	2	14	2-1-7-8-11-12-13-14	40	7	280
214	2	14	2-5-4-3-1-7-9-14	40	7	280
215	2	15	2-5-10-15	144	3	432
215	2	15	2-1-7-9-14-15	144	5	720
215	2	15	2-0-1-7-9-14-15	144	6	864
215	2	15	2-1-7-6-5-10-15	144	6	864
215	2	15	2-1-3-4-5-10-15	144	6	864
215	2	15	2-5-6-7-9-14-15	144	6	864
216	2	16	2-1-7-8-11-12-16	141	6	846
216	2	16	2-0-1-7-8-11-12-16	141	7	987
216	2	16	2-5-6-7-8-11-12-16	141	7	987
216	2	16	2-5-10-15-14-13-12-16	141	7	987
216	2	16	2-1-7-9-14-13-12-16	141	7	987
216	2	16	2-5-6-7-9-14-13-12-16	141	8	1128
217	2	17	2-5-10-15-17	161	4	644
217	2	17	2-1-7-9-14-15-17	161	6	966
217	2	17	2-0-1-7-9-14-15-17	161	7	1127
217	2	17	2-5-6-7-9-14-15-17	161	7	1127
217	2	17	2-1-3-4-5-10-15-17	161	7	1127
217	2	17	2-1-7-6-5-10-15-17	161	7	1127
218	2	18	2-1-7-8-11-12-16-18	120	7	840
218	2	18	2-5-10-15-17-19-20-18	120	7	840
218	2	18	2-0-1-7-8-11-12-16-18	120	8	960
218	2	18	2-1-7-9-14-13-12-16-18	120	8	960
218	2	18	2-5-10-15-14-13-12-16-18	120	8	960
218	2	18	2-5-6-7-8-11-12-16-18	120	8	960
219	2	19	2-5-10-15-17-19	134	5	670
219	2	19	2-1-7-9-14-15-17-19	134	7	938
219	2	19	2-0-1-7-9-14-15-17-19	134	8	1072
219	2	19	2-1-7-6-5-10-15-17-19	134	8	1072
219	2	19	2-1-3-4-5-10-15-17-19	134	8	1072
219	2	19	2-5-6-7-9-14-15-17-19	134	8	1072
220	2	20	2-5-10-15-17-19-20	134	6	804
220	2	20	2-1-7-8-11-12-16-18-20	134	8	1072
220	2	20	2-1-7-9-14-15-17-19-20	134	8	1072
220	2	20	2-0-1-7-8-11-12-16-18-20	134	9	1206
220	2	20	2-5-6-7-9-14-15-17-19-20	134	9	1206
220	2	20	2-1-3-4-5-10-15-17-19-20	134	9	1206
30	3	0	3-1-0	65	2	130
30	3	0	3-1-2-0	65	3	195
30	3	0	3-4-5-2-0	65	4	260
30	3	0	3-4-5-2-1-0	65	5	325
30	3	0	3-4-5-6-7-1-0	65	6	390
30	3	0	3-1-7-6-5-2-0	65	6	390
31	3	1	3-1	69	1	69
31	3	1	3-4-5-2-1	69	4	276
31	3	1	3-4-5-2-0-1	69	5	345
31	3	1	3-4-5-6-7-1	69	5	345
31	3	1	3-4-5-10-15-14-9-7-1	69	8	552
31	3	1	3-4-5-10-15-14-13-12-11-8-7-1	69	11	759
32	3	2	3-1-2	146	2	292
32	3	2	3-1-0-2	146	3	438
32	3	2	3-4-5-2	146	3	438
32	3	2	3-1-7-6-5-2	146	5	730
32	3	2	3-4-5-6-7-1-2	146	6	876
32	3	2	3-4-5-6-7-1-0-2	146	7	1022
34	3	4	3-4	191	1	191
34	3	4	3-1-2-5-4	191	4	764
34	3	4	3-1-0-2-5-4	191	5	955
34	3	4	3-1-7-6-5-4	191	5	955
34	3	4	3-1-7-9-14-15-10-5-4	191	8	1528
34	3	4	3-1-7-8-11-12-13-14-15-10-5-4	191	11	2101
35	3	5	3-4-5	78	2	156
35	3	5	3-1-2-5	78	3	234
35	3	5	3-1-0-2-5	78	4	312
35	3	5	3-1-7-6-5	78	4	312
35	3	5	3-1-7-9-14-15-10-5	78	7	546
35	3	5	3-1-7-8-11-12-13-14-15-10-5	78	10	780
36	3	6	3-4-5-6	195	3	585
36	3	6	3-1-7-6	195	3	585
36	3	6	3-1-2-5-6	195	4	780
36	3	6	3-1-0-2-5-6	195	5	975
36	3	6	3-4-5-2-1-7-6	195	6	1170
36	3	6	3-4-5-2-0-1-7-6	195	7	1365
37	3	7	3-1-7	26	2	52
37	3	7	3-4-5-6-7	26	4	104
37	3	7	3-4-5-2-1-7	26	5	130
37	3	7	3-1-2-5-6-7	26	5	130
37	3	7	3-4-5-2-0-1-7	26	6	156
37	3	7	3-1-0-2-5-6-7	26	6	156
38	3	8	3-1-7-8	77	3	231
38	3	8	3-4-5-6-7-8	77	5	385
38	3	8	3-4-5-2-1-7-8	77	6	462
38	3	8	3-1-2-5-6-7-8	77	6	462
38	3	8	3-4-5-2-0-1-7-8	77	7	539
38	3	8	3-1-0-2-5-6-7-8	77	7	539
39	3	9	3-1-7-9	104	3	312
39	3	9	3-4-5-6-7-9	104	5	520
39	3	9	3-4-5-10-15-14-9	104	6	624
39	3	9	3-1-2-5-6-7-9	104	6	624
39	3	9	3-4-5-2-1-7-9	104	6	624
39	3	9	3-1-2-5-10-15-14-9	104	7	728
310	3	10	3-4-5-10	139	3	417
310	3	10	3-1-2-5-10	139	4	556
310	3	10	3-1-0-2-5-10	139	5	695
310	3	10	3-1-7-6-5-10	139	5	695
310	3	10	3-1-7-9-14-15-10	139	6	834
310	3	10	3-4-5-6-7-9-14-15-10	139	8	1112
311	3	11	3-1-7-8-11	136	4	544
311	3	11	3-4-5-6-7-8-11	136	6	816
311	3	11	3-1-7-9-14-13-12-11	136	7	952
311	3	11	3-1-2-5-6-7-8-11	136	7	952
311	3	11	3-4-5-2-1-7-8-11	136	7	952
311	3	11	3-4-5-10-15-14-13-12-11	136	8	1088
312	3	12	3-1-7-8-11-12	66	5	330
312	3	12	3-1-7-9-14-13-12	66	6	396
312	3	12	3-4-5-6-7-8-11-12	66	7	462
312	3	12	3-4-5-10-15-14-13-12	66	7	462
312	3	12	3-4-5-2-1-7-8-11-12	66	8	528
312	3	12	3-4-5-6-7-9-14-13-12	66	8	528
313	3	13	3-1-7-9-14-13	70	5	350
313	3	13	3-1-7-8-11-12-13	70	6	420
313	3	13	3-4-5-10-15-14-13	70	6	420
313	3	13	3-1-2-5-10-15-14-13	70	7	490
313	3	13	3-4-5-6-7-9-14-13	70	7	490
313	3	13	3-4-5-6-7-8-11-12-13	70	8	560
314	3	14	3-1-7-9-14	19	4	76
314	3	14	3-4-5-10-15-14	19	5	95
314	3	14	3-1-2-5-10-15-14	19	6	114
314	3	14	3-4-5-6-7-9-14	19	6	114
314	3	14	3-1-7-8-11-12-13-14	19	7	133
314	3	14	3-1-2-5-6-7-9-14	19	7	133
315	3	15	3-4-5-10-15	105	4	420
315	3	15	3-1-7-9-14-15	105	5	525
315	3	15	3-1-2-5-10-15	105	5	525
315	3	15	3-1-0-2-5-10-15	105	6	630
315	3	15	3-1-7-6-5-10-15	105	6	630
315	3	15	3-4-5-6-7-9-14-15	105	7	735
316	3	16	3-1-7-8-11-12-16	67	6	402
316	3	16	3-1-7-9-14-13-12-16	67	7	469
316	3	16	3-4-5-6-7-8-11-12-16	67	8	536
316	3	16	3-4-5-10-15-14-13-12-16	67	8	536
316	3	16	3-4-5-2-1-7-8-11-12-16	67	9	603
316	3	16	3-4-5-10-15-17-19-20-18-16	67	9	603
317	3	17	3-4-5-10-15-17	2	5	10
317	3	17	3-1-7-9-14-15-17	2	6	12
317	3	17	3-1-2-5-10-15-17	2	6	12
317	3	17	3-1-0-2-5-10-15-17	2	7	14
317	3	17	3-1-7-6-5-10-15-17	2	7	14
317	3	17	3-4-5-6-7-9-14-15-17	2	8	16
318	3	18	3-1-7-8-11-12-16-18	26	7	182
318	3	18	3-1-7-9-14-13-12-16-18	26	8	208
318	3	18	3-4-5-10-15-17-19-20-18	26	8	208
318	3	18	3-4-5-6-7-8-11-12-16-18	26	9	234
318	3	18	3-1-2-5-10-15-17-19-20-18	26	9	234
318	3	18	3-1-7-9-14-15-17-19-20-18	26	9	234
319	3	19	3-4-5-10-15-17-19	184	6	1104
319	3	19	3-1-7-9-14-15-17-19	184	7	1288
319	3	19	3-1-2-5-10-15-17-19	184	7	1288
319	3	19	3-1-0-2-5-10-15-17-19	184	8	1472
319	3	19	3-1-7-6-5-10-15-17-19	184	8	1472
319	3	19	3-4-5-6-7-9-14-15-17-19	184	9	1656
320	3	20	3-4-5-10-15-17-19-20	36	7	252
320	3	20	3-1-7-8-11-12-16-18-20	36	8	288
320	3	20	3-1-2-5-10-15-17-19-20	36	8	288
320	3	20	3-1-7-9-14-15-17-19-20	36	8	288
320	3	20	3-1-7-9-14-13-12-16-18-20	36	9	324
320	3	20	3-1-7-6-5-10-15-17-19-20	36	9	324
40	4	0	4-3-1-0	100	3	300
40	4	0	4-5-2-0	100	3	300
40	4	0	4-5-2-1-0	100	4	400
40	4	0	4-3-1-2-0	100	4	400
40	4	0	4-5-6-7-1-0	100	5	500
40	4	0	4-5-6-7-1-2-0	100	6	600
41	4	1	4-3-1	44	2	88
41	4	1	4-5-2-1	44	3	132
41	4	1	4-5-2-0-1	44	4	176
41	4	1	4-5-6-7-1	44	4	176
41	4	1	4-5-10-15-14-9-7-1	44	7	308
41	4	1	4-5-10-15-14-13-12-11-8-7-1	44	10	440
42	4	2	4-5-2	141	2	282
42	4	2	4-3-1-2	141	3	423
42	4	2	4-3-1-0-2	141	4	564
42	4	2	4-5-6-7-1-2	141	5	705
42	4	2	4-5-6-7-1-0-2	141	6	846
42	4	2	4-3-1-7-6-5-2	141	6	846
43	4	3	4-3	25	1	25
43	4	3	4-5-2-1-3	25	4	100
43	4	3	4-5-2-0-1-3	25	5	125
43	4	3	4-5-6-7-1-3	25	5	125
43	4	3	4-5-10-15-14-9-7-1-3	25	8	200
43	4	3	4-5-10-15-14-13-12-11-8-7-1-3	25	11	275
45	4	5	4-5	60	1	60
45	4	5	4-3-1-2-5	60	4	240
45	4	5	4-3-1-0-2-5	60	5	300
45	4	5	4-3-1-7-6-5	60	5	300
45	4	5	4-3-1-7-9-14-15-10-5	60	8	480
45	4	5	4-3-1-7-8-11-12-13-14-15-10-5	60	11	660
46	4	6	4-5-6	45	2	90
46	4	6	4-3-1-7-6	45	4	180
46	4	6	4-3-1-2-5-6	45	5	225
46	4	6	4-5-2-1-7-6	45	5	225
46	4	6	4-3-1-0-2-5-6	45	6	270
46	4	6	4-5-2-0-1-7-6	45	6	270
47	4	7	4-3-1-7	120	3	360
47	4	7	4-5-6-7	120	3	360
47	4	7	4-5-2-1-7	120	4	480
47	4	7	4-5-2-0-1-7	120	5	600
47	4	7	4-3-1-2-5-6-7	120	6	720
47	4	7	4-5-10-15-14-9-7	120	6	720
48	4	8	4-3-1-7-8	194	4	776
48	4	8	4-5-6-7-8	194	4	776
48	4	8	4-5-2-1-7-8	194	5	970
48	4	8	4-5-2-0-1-7-8	194	6	1164
48	4	8	4-3-1-2-5-6-7-8	194	7	1358
48	4	8	4-5-10-15-14-9-7-8	194	7	1358
49	4	9	4-3-1-7-9	3	4	12
49	4	9	4-5-6-7-9	3	4	12
49	4	9	4-5-10-15-14-9	3	5	15
49	4	9	4-5-2-1-7-9	3	5	15
49	4	9	4-5-2-0-1-7-9	3	6	18
49	4	9	4-3-1-2-5-6-7-9	3	7	21
410	4	10	4-5-10	113	2	226
410	4	10	4-3-1-2-5-10	113	5	565
410	4	10	4-3-1-0-2-5-10	113	6	678
410	4	10	4-3-1-7-6-5-10	113	6	678
410	4	10	4-3-1-7-9-14-15-10	113	7	791
410	4	10	4-5-6-7-9-14-15-10	113	7	791
411	4	11	4-3-1-7-8-11	78	5	390
411	4	11	4-5-6-7-8-11	78	5	390
411	4	11	4-5-2-1-7-8-11	78	6	468
411	4	11	4-5-10-15-14-13-12-11	78	7	546
411	4	11	4-5-2-0-1-7-8-11	78	7	546
411	4	11	4-3-1-7-9-14-13-12-11	78	8	624
412	4	12	4-3-1-7-8-11-12	157	6	942
412	4	12	4-5-10-15-14-13-12	157	6	942
412	4	12	4-5-6-7-8-11-12	157	6	942
412	4	12	4-5-2-1-7-8-11-12	157	7	1099
412	4	12	4-5-6-7-9-14-13-12	157	7	1099
412	4	12	4-3-1-7-9-14-13-12	157	7	1099
413	4	13	4-5-10-15-14-13	131	5	655
413	4	13	4-3-1-7-9-14-13	131	6	786
413	4	13	4-5-6-7-9-14-13	131	6	786
413	4	13	4-3-1-7-8-11-12-13	131	7	917
413	4	13	4-5-2-1-7-9-14-13	131	7	917
413	4	13	4-5-6-7-8-11-12-13	131	7	917
414	4	14	4-5-10-15-14	87	4	348
414	4	14	4-3-1-7-9-14	87	5	435
414	4	14	4-5-6-7-9-14	87	5	435
414	4	14	4-5-2-1-7-9-14	87	6	522
414	4	14	4-3-1-2-5-10-15-14	87	7	609
414	4	14	4-5-2-0-1-7-9-14	87	7	609
415	4	15	4-5-10-15	37	3	111
415	4	15	4-3-1-7-9-14-15	37	6	222
415	4	15	4-3-1-2-5-10-15	37	6	222
415	4	15	4-5-6-7-9-14-15	37	6	222
415	4	15	4-5-2-1-7-9-14-15	37	7	259
415	4	15	4-3-1-7-6-5-10-15	37	7	259
416	4	16	4-3-1-7-8-11-12-16	84	7	588
416	4	16	4-5-10-15-14-13-12-16	84	7	588
416	4	16	4-5-6-7-8-11-12-16	84	7	588
416	4	16	4-5-2-1-7-8-11-12-16	84	8	672
416	4	16	4-5-10-15-17-19-20-18-16	84	8	672
416	4	16	4-3-1-7-9-14-13-12-16	84	8	672
417	4	17	4-5-10-15-17	186	4	744
417	4	17	4-3-1-7-9-14-15-17	186	7	1302
417	4	17	4-5-6-7-9-14-15-17	186	7	1302
417	4	17	4-3-1-2-5-10-15-17	186	7	1302
417	4	17	4-5-2-1-7-9-14-15-17	186	8	1488
417	4	17	4-3-1-7-6-5-10-15-17	186	8	1488
418	4	18	4-5-10-15-17-19-20-18	142	7	994
418	4	18	4-3-1-7-8-11-12-16-18	142	8	1136
418	4	18	4-5-6-7-8-11-12-16-18	142	8	1136
418	4	18	4-5-10-15-14-13-12-16-18	142	8	1136
418	4	18	4-5-2-1-7-8-11-12-16-18	142	9	1278
418	4	18	4-5-6-7-9-14-13-12-16-18	142	9	1278
419	4	19	4-5-10-15-17-19	100	5	500
419	4	19	4-3-1-7-9-14-15-17-19	100	8	800
419	4	19	4-3-1-2-5-10-15-17-19	100	8	800
419	4	19	4-5-6-7-9-14-15-17-19	100	8	800
419	4	19	4-5-2-1-7-9-14-15-17-19	100	9	900
419	4	19	4-3-1-7-6-5-10-15-17-19	100	9	900
420	4	20	4-5-10-15-17-19-20	67	6	402
420	4	20	4-3-1-7-8-11-12-16-18-20	67	9	603
420	4	20	4-5-6-7-9-14-15-17-19-20	67	9	603
420	4	20	4-3-1-2-5-10-15-17-19-20	67	9	603
420	4	20	4-3-1-7-9-14-15-17-19-20	67	9	603
420	4	20	4-5-6-7-8-11-12-16-18-20	67	9	603
50	5	0	5-2-0	134	2	268
50	5	0	5-2-1-0	134	3	402
50	5	0	5-4-3-1-0	134	4	536
50	5	0	5-6-7-1-0	134	4	536
50	5	0	5-4-3-1-2-0	134	5	670
50	5	0	5-6-7-1-2-0	134	5	670
51	5	1	5-2-1	66	2	132
51	5	1	5-2-0-1	66	3	198
51	5	1	5-6-7-1	66	3	198
51	5	1	5-4-3-1	66	3	198
51	5	1	5-10-15-14-9-7-1	66	6	396
51	5	1	5-10-15-14-13-12-11-8-7-1	66	9	594
52	5	2	5-2	171	1	171
52	5	2	5-4-3-1-2	171	4	684
52	5	2	5-6-7-1-2	171	4	684
52	5	2	5-4-3-1-0-2	171	5	855
52	5	2	5-6-7-1-0-2	171	5	855
52	5	2	5-10-15-14-9-7-1-2	171	7	1197
53	5	3	5-4-3	19	2	38
53	5	3	5-2-1-3	19	3	57
53	5	3	5-2-0-1-3	19	4	76
53	5	3	5-6-7-1-3	19	4	76
53	5	3	5-10-15-14-9-7-1-3	19	7	133
53	5	3	5-10-15-14-13-12-11-8-7-1-3	19	10	190
54	5	4	5-4	149	1	149
54	5	4	5-2-1-3-4	149	4	596
54	5	4	5-2-0-1-3-4	149	5	745
54	5	4	5-6-7-1-3-4	149	5	745
54	5	4	5-10-15-14-9-7-1-3-4	149	8	1192
54	5	4	5-10-15-14-13-12-11-8-7-1-3-4	149	11	1639
56	5	6	5-6	87	1	87
56	5	6	5-2-1-7-6	87	4	348
56	5	6	5-2-0-1-7-6	87	5	435
56	5	6	5-4-3-1-7-6	87	5	435
56	5	6	5-10-15-14-9-7-6	87	6	522
56	5	6	5-10-15-14-13-12-11-8-7-6	87	9	783
57	5	7	5-6-7	55	2	110
57	5	7	5-2-1-7	55	3	165
57	5	7	5-2-0-1-7	55	4	220
57	5	7	5-4-3-1-7	55	4	220
57	5	7	5-10-15-14-9-7	55	5	275
57	5	7	5-10-15-14-13-12-11-8-7	55	8	440
58	5	8	5-6-7-8	136	3	408
58	5	8	5-2-1-7-8	136	4	544
58	5	8	5-2-0-1-7-8	136	5	680
58	5	8	5-4-3-1-7-8	136	5	680
58	5	8	5-10-15-14-9-7-8	136	6	816
58	5	8	5-10-15-14-13-12-11-8	136	7	952
59	5	9	5-6-7-9	37	3	111
59	5	9	5-10-15-14-9	37	4	148
59	5	9	5-2-1-7-9	37	4	148
59	5	9	5-2-0-1-7-9	37	5	185
59	5	9	5-4-3-1-7-9	37	5	185
59	5	9	5-6-7-8-11-12-13-14-9	37	8	296
510	5	10	5-10	75	1	75
510	5	10	5-6-7-9-14-15-10	75	6	450
510	5	10	5-2-1-7-9-14-15-10	75	7	525
510	5	10	5-2-0-1-7-9-14-15-10	75	8	600
510	5	10	5-4-3-1-7-9-14-15-10	75	8	600
510	5	10	5-6-7-8-11-12-13-14-15-10	75	9	675
511	5	11	5-6-7-8-11	167	4	668
511	5	11	5-2-1-7-8-11	167	5	835
511	5	11	5-10-15-14-13-12-11	167	6	1002
511	5	11	5-4-3-1-7-8-11	167	6	1002
511	5	11	5-2-0-1-7-8-11	167	6	1002
511	5	11	5-6-7-9-14-13-12-11	167	7	1169
512	5	12	5-6-7-8-11-12	145	5	725
512	5	12	5-10-15-14-13-12	145	5	725
512	5	12	5-2-1-7-8-11-12	145	6	870
512	5	12	5-6-7-9-14-13-12	145	6	870
512	5	12	5-2-0-1-7-8-11-12	145	7	1015
512	5	12	5-2-1-7-9-14-13-12	145	7	1015
513	5	13	5-10-15-14-13	134	4	536
513	5	13	5-6-7-9-14-13	134	5	670
513	5	13	5-6-7-8-11-12-13	134	6	804
513	5	13	5-2-1-7-9-14-13	134	6	804
513	5	13	5-2-1-7-8-11-12-13	134	7	938
513	5	13	5-4-3-1-7-9-14-13	134	7	938
514	5	14	5-10-15-14	84	3	252
514	5	14	5-6-7-9-14	84	4	336
514	5	14	5-2-1-7-9-14	84	5	420
514	5	14	5-2-0-1-7-9-14	84	6	504
514	5	14	5-4-3-1-7-9-14	84	6	504
514	5	14	5-6-7-8-11-12-13-14	84	7	588
515	5	15	5-10-15	146	2	292
515	5	15	5-6-7-9-14-15	146	5	730
515	5	15	5-2-1-7-9-14-15	146	6	876
515	5	15	5-2-0-1-7-9-14-15	146	7	1022
515	5	15	5-4-3-1-7-9-14-15	146	7	1022
515	5	15	5-6-7-8-11-12-13-14-15	146	8	1168
516	5	16	5-6-7-8-11-12-16	34	6	204
516	5	16	5-10-15-14-13-12-16	34	6	204
516	5	16	5-2-1-7-8-11-12-16	34	7	238
516	5	16	5-10-15-17-19-20-18-16	34	7	238
516	5	16	5-6-7-9-14-13-12-16	34	7	238
516	5	16	5-2-0-1-7-8-11-12-16	34	8	272
517	5	17	5-10-15-17	4	3	12
517	5	17	5-6-7-9-14-15-17	4	6	24
517	5	17	5-2-1-7-9-14-15-17	4	7	28
517	5	17	5-2-0-1-7-9-14-15-17	4	8	32
517	5	17	5-4-3-1-7-9-14-15-17	4	8	32
517	5	17	5-6-7-8-11-12-13-14-15-17	4	9	36
518	5	18	5-10-15-17-19-20-18	78	6	468
518	5	18	5-6-7-8-11-12-16-18	78	7	546
518	5	18	5-10-15-14-13-12-16-18	78	7	546
518	5	18	5-2-1-7-8-11-12-16-18	78	8	624
518	5	18	5-6-7-9-14-13-12-16-18	78	8	624
518	5	18	5-2-0-1-7-8-11-12-16-18	78	9	702
519	5	19	5-10-15-17-19	80	4	320
519	5	19	5-6-7-9-14-15-17-19	80	7	560
519	5	19	5-2-1-7-9-14-15-17-19	80	8	640
519	5	19	5-2-0-1-7-9-14-15-17-19	80	9	720
519	5	19	5-10-15-14-13-12-16-18-20-19	80	9	720
519	5	19	5-6-7-8-11-12-16-18-20-19	80	9	720
520	5	20	5-10-15-17-19-20	50	5	250
520	5	20	5-6-7-8-11-12-16-18-20	50	8	400
520	5	20	5-6-7-9-14-15-17-19-20	50	8	400
520	5	20	5-10-15-14-13-12-16-18-20	50	8	400
520	5	20	5-2-1-7-8-11-12-16-18-20	50	9	450
520	5	20	5-2-1-7-9-14-15-17-19-20	50	9	450
60	6	0	6-7-1-0	188	3	564
60	6	0	6-5-2-0	188	3	564
60	6	0	6-5-2-1-0	188	4	752
60	6	0	6-7-1-2-0	188	4	752
60	6	0	6-5-4-3-1-0	188	5	940
60	6	0	6-5-4-3-1-2-0	188	6	1128
61	6	1	6-7-1	150	2	300
61	6	1	6-5-2-1	150	3	450
61	6	1	6-5-2-0-1	150	4	600
61	6	1	6-5-4-3-1	150	4	600
61	6	1	6-5-10-15-14-9-7-1	150	7	1050
61	6	1	6-7-9-14-15-10-5-2-1	150	8	1200
62	6	2	6-5-2	172	2	344
62	6	2	6-7-1-2	172	3	516
62	6	2	6-7-1-0-2	172	4	688
62	6	2	6-5-4-3-1-2	172	5	860
62	6	2	6-5-4-3-1-0-2	172	6	1032
62	6	2	6-7-1-3-4-5-2	172	6	1032
63	6	3	6-7-1-3	104	3	312
63	6	3	6-5-4-3	104	3	312
63	6	3	6-5-2-1-3	104	4	416
63	6	3	6-5-2-0-1-3	104	5	520
63	6	3	6-7-1-2-5-4-3	104	6	624
63	6	3	6-7-1-0-2-5-4-3	104	7	728
64	6	4	6-5-4	17	2	34
64	6	4	6-7-1-3-4	17	4	68
64	6	4	6-5-2-1-3-4	17	5	85
64	6	4	6-7-1-2-5-4	17	5	85
64	6	4	6-5-2-0-1-3-4	17	6	102
64	6	4	6-7-1-0-2-5-4	17	6	102
65	6	5	6-5	166	1	166
65	6	5	6-7-1-2-5	166	4	664
65	6	5	6-7-1-0-2-5	166	5	830
65	6	5	6-7-1-3-4-5	166	5	830
65	6	5	6-7-9-14-15-10-5	166	6	996
65	6	5	6-7-8-11-12-13-14-15-10-5	166	9	1494
67	6	7	6-7	33	1	33
67	6	7	6-5-2-1-7	33	4	132
67	6	7	6-5-2-0-1-7	33	5	165
67	6	7	6-5-4-3-1-7	33	5	165
67	6	7	6-5-10-15-14-9-7	33	6	198
67	6	7	6-5-10-15-14-13-12-11-8-7	33	9	297
68	6	8	6-7-8	93	2	186
68	6	8	6-5-2-1-7-8	93	5	465
68	6	8	6-5-2-0-1-7-8	93	6	558
68	6	8	6-5-4-3-1-7-8	93	6	558
68	6	8	6-7-9-14-13-12-11-8	93	7	651
68	6	8	6-5-10-15-14-9-7-8	93	7	651
69	6	9	6-7-9	50	2	100
69	6	9	6-5-10-15-14-9	50	5	250
69	6	9	6-5-2-1-7-9	50	5	250
69	6	9	6-5-2-0-1-7-9	50	6	300
69	6	9	6-5-4-3-1-7-9	50	6	300
69	6	9	6-7-8-11-12-13-14-9	50	7	350
610	6	10	6-5-10	175	2	350
610	6	10	6-7-9-14-15-10	175	5	875
610	6	10	6-7-1-2-5-10	175	5	875
610	6	10	6-7-1-0-2-5-10	175	6	1050
610	6	10	6-7-1-3-4-5-10	175	6	1050
610	6	10	6-7-8-11-12-13-14-15-10	175	8	1400
611	6	11	6-7-8-11	167	3	501
611	6	11	6-7-9-14-13-12-11	167	6	1002
611	6	11	6-5-2-1-7-8-11	167	6	1002
611	6	11	6-5-10-15-14-13-12-11	167	7	1169
611	6	11	6-5-4-3-1-7-8-11	167	7	1169
611	6	11	6-5-2-0-1-7-8-11	167	7	1169
612	6	12	6-7-8-11-12	2	4	8
612	6	12	6-7-9-14-13-12	2	5	10
612	6	12	6-5-10-15-14-13-12	2	6	12
612	6	12	6-5-2-1-7-8-11-12	2	7	14
612	6	12	6-5-2-0-1-7-8-11-12	2	8	16
612	6	12	6-5-2-1-7-9-14-13-12	2	8	16
613	6	13	6-7-9-14-13	148	4	592
613	6	13	6-7-8-11-12-13	148	5	740
613	6	13	6-5-10-15-14-13	148	5	740
613	6	13	6-5-2-1-7-9-14-13	148	7	1036
613	6	13	6-5-2-1-7-8-11-12-13	148	8	1184
613	6	13	6-5-2-0-1-7-9-14-13	148	8	1184
614	6	14	6-7-9-14	64	3	192
614	6	14	6-5-10-15-14	64	4	256
614	6	14	6-7-8-11-12-13-14	64	6	384
614	6	14	6-5-2-1-7-9-14	64	6	384
614	6	14	6-7-1-2-5-10-15-14	64	7	448
614	6	14	6-5-4-3-1-7-9-14	64	7	448
615	6	15	6-5-10-15	98	3	294
615	6	15	6-7-9-14-15	98	4	392
615	6	15	6-7-1-2-5-10-15	98	6	588
615	6	15	6-7-8-11-12-13-14-15	98	7	686
615	6	15	6-7-1-3-4-5-10-15	98	7	686
615	6	15	6-7-1-0-2-5-10-15	98	7	686
616	6	16	6-7-8-11-12-16	134	5	670
616	6	16	6-7-9-14-13-12-16	134	6	804
616	6	16	6-5-10-15-14-13-12-16	134	7	938
616	6	16	6-5-2-1-7-8-11-12-16	134	8	1072
616	6	16	6-5-10-15-17-19-20-18-16	134	8	1072
616	6	16	6-5-2-0-1-7-8-11-12-16	134	9	1206
617	6	17	6-5-10-15-17	82	4	328
617	6	17	6-7-9-14-15-17	82	5	410
617	6	17	6-7-1-2-5-10-15-17	82	7	574
617	6	17	6-7-8-11-12-13-14-15-17	82	8	656
617	6	17	6-7-1-0-2-5-10-15-17	82	8	656
617	6	17	6-7-1-3-4-5-10-15-17	82	8	656
618	6	18	6-7-8-11-12-16-18	176	6	1056
618	6	18	6-7-9-14-13-12-16-18	176	7	1232
618	6	18	6-5-10-15-17-19-20-18	176	7	1232
618	6	18	6-5-10-15-14-13-12-16-18	176	8	1408
618	6	18	6-7-9-14-15-17-19-20-18	176	8	1408
618	6	18	6-5-2-1-7-8-11-12-16-18	176	9	1584
619	6	19	6-5-10-15-17-19	96	5	480
619	6	19	6-7-9-14-15-17-19	96	6	576
619	6	19	6-7-1-2-5-10-15-17-19	96	8	768
619	6	19	6-7-8-11-12-16-18-20-19	96	8	768
619	6	19	6-7-8-11-12-13-14-15-17-19	96	9	864
619	6	19	6-7-9-14-13-12-16-18-20-19	96	9	864
620	6	20	6-5-10-15-17-19-20	88	6	528
620	6	20	6-7-8-11-12-16-18-20	88	7	616
620	6	20	6-7-9-14-15-17-19-20	88	7	616
620	6	20	6-7-9-14-13-12-16-18-20	88	8	704
620	6	20	6-5-10-15-14-13-12-16-18-20	88	9	792
620	6	20	6-7-1-2-5-10-15-17-19-20	88	9	792
70	7	0	7-1-0	57	2	114
70	7	0	7-1-2-0	57	3	171
70	7	0	7-6-5-2-0	57	4	228
70	7	0	7-6-5-2-1-0	57	5	285
70	7	0	7-6-5-4-3-1-0	57	6	342
70	7	0	7-1-3-4-5-2-0	57	6	342
71	7	1	7-1	10	1	10
71	7	1	7-6-5-2-1	10	4	40
71	7	1	7-6-5-2-0-1	10	5	50
71	7	1	7-6-5-4-3-1	10	5	50
71	7	1	7-9-14-15-10-5-2-1	10	7	70
71	7	1	7-9-14-15-10-5-2-0-1	10	8	80
72	7	2	7-1-2	20	2	40
72	7	2	7-1-0-2	20	3	60
72	7	2	7-6-5-2	20	3	60
72	7	2	7-1-3-4-5-2	20	5	100
72	7	2	7-6-5-4-3-1-2	20	6	120
72	7	2	7-9-14-15-10-5-2	20	6	120
73	7	3	7-1-3	129	2	258
73	7	3	7-6-5-4-3	129	4	516
73	7	3	7-6-5-2-1-3	129	5	645
73	7	3	7-1-2-5-4-3	129	5	645
73	7	3	7-6-5-2-0-1-3	129	6	774
73	7	3	7-1-0-2-5-4-3	129	6	774
74	7	4	7-1-3-4	25	3	75
74	7	4	7-6-5-4	25	3	75
74	7	4	7-1-2-5-4	25	4	100
74	7	4	7-1-0-2-5-4	25	5	125
74	7	4	7-6-5-2-1-3-4	25	6	150
74	7	4	7-9-14-15-10-5-4	25	6	150
75	7	5	7-6-5	14	2	28
75	7	5	7-1-2-5	14	3	42
75	7	5	7-1-0-2-5	14	4	56
75	7	5	7-1-3-4-5	14	4	56
75	7	5	7-9-14-15-10-5	14	5	70
75	7	5	7-8-11-12-13-14-15-10-5	14	8	112
76	7	6	7-6	49	1	49
76	7	6	7-1-2-5-6	49	4	196
76	7	6	7-1-0-2-5-6	49	5	245
76	7	6	7-1-3-4-5-6	49	5	245
76	7	6	7-9-14-15-10-5-6	49	6	294
76	7	6	7-8-11-12-13-14-15-10-5-6	49	9	441
78	7	8	7-8	92	1	92
78	7	8	7-9-14-13-12-11-8	92	6	552
78	7	8	7-6-5-10-15-14-13-12-11-8	92	9	828
78	7	8	7-1-2-5-10-15-14-13-12-11-8	92	10	920
78	7	8	7-1-0-2-5-10-15-14-13-12-11-8	92	11	1012
78	7	8	7-9-14-15-17-19-20-18-16-12-11-8	92	11	1012
79	7	9	7-9	57	1	57
79	7	9	7-8-11-12-13-14-9	57	6	342
79	7	9	7-6-5-10-15-14-9	57	6	342
79	7	9	7-1-2-5-10-15-14-9	57	7	399
79	7	9	7-1-0-2-5-10-15-14-9	57	8	456
79	7	9	7-1-3-4-5-10-15-14-9	57	8	456
710	7	10	7-6-5-10	161	3	483
710	7	10	7-9-14-15-10	161	4	644
710	7	10	7-1-2-5-10	161	4	644
710	7	10	7-1-0-2-5-10	161	5	805
710	7	10	7-1-3-4-5-10	161	5	805
710	7	10	7-8-11-12-13-14-15-10	161	7	1127
711	7	11	7-8-11	15	2	30
711	7	11	7-9-14-13-12-11	15	5	75
711	7	11	7-6-5-10-15-14-13-12-11	15	8	120
711	7	11	7-1-2-5-10-15-14-13-12-11	15	9	135
711	7	11	7-1-0-2-5-10-15-14-13-12-11	15	10	150
711	7	11	7-1-3-4-5-10-15-14-13-12-11	15	10	150
712	7	12	7-8-11-12	126	3	378
712	7	12	7-9-14-13-12	126	4	504
712	7	12	7-6-5-10-15-14-13-12	126	7	882
712	7	12	7-1-2-5-10-15-14-13-12	126	8	1008
712	7	12	7-1-0-2-5-10-15-14-13-12	126	9	1134
712	7	12	7-9-14-15-17-19-20-18-16-12	126	9	1134
713	7	13	7-9-14-13	99	3	297
713	7	13	7-8-11-12-13	99	4	396
713	7	13	7-6-5-10-15-14-13	99	6	594
713	7	13	7-1-2-5-10-15-14-13	99	7	693
713	7	13	7-1-0-2-5-10-15-14-13	99	8	792
713	7	13	7-1-3-4-5-10-15-14-13	99	8	792
714	7	14	7-9-14	49	2	98
714	7	14	7-8-11-12-13-14	49	5	245
714	7	14	7-6-5-10-15-14	49	5	245
714	7	14	7-1-2-5-10-15-14	49	6	294
714	7	14	7-1-0-2-5-10-15-14	49	7	343
714	7	14	7-1-3-4-5-10-15-14	49	7	343
715	7	15	7-9-14-15	185	3	555
715	7	15	7-6-5-10-15	185	4	740
715	7	15	7-1-2-5-10-15	185	5	925
715	7	15	7-8-11-12-13-14-15	185	6	1110
715	7	15	7-1-3-4-5-10-15	185	6	1110
715	7	15	7-1-0-2-5-10-15	185	6	1110
716	7	16	7-8-11-12-16	194	4	776
716	7	16	7-9-14-13-12-16	194	5	970
716	7	16	7-6-5-10-15-14-13-12-16	194	8	1552
716	7	16	7-9-14-15-17-19-20-18-16	194	8	1552
716	7	16	7-1-2-5-10-15-14-13-12-16	194	9	1746
716	7	16	7-6-5-10-15-17-19-20-18-16	194	9	1746
717	7	17	7-9-14-15-17	48	4	192
717	7	17	7-6-5-10-15-17	48	5	240
717	7	17	7-1-2-5-10-15-17	48	6	288
717	7	17	7-8-11-12-13-14-15-17	48	7	336
717	7	17	7-1-0-2-5-10-15-17	48	7	336
717	7	17	7-1-3-4-5-10-15-17	48	7	336
718	7	18	7-8-11-12-16-18	87	5	435
718	7	18	7-9-14-13-12-16-18	87	6	522
718	7	18	7-9-14-15-17-19-20-18	87	7	609
718	7	18	7-6-5-10-15-17-19-20-18	87	8	696
718	7	18	7-6-5-10-15-14-13-12-16-18	87	9	783
718	7	18	7-1-2-5-10-15-17-19-20-18	87	9	783
719	7	19	7-9-14-15-17-19	139	5	695
719	7	19	7-6-5-10-15-17-19	139	6	834
719	7	19	7-1-2-5-10-15-17-19	139	7	973
719	7	19	7-8-11-12-16-18-20-19	139	7	973
719	7	19	7-8-11-12-13-14-15-17-19	139	8	1112
719	7	19	7-9-14-13-12-16-18-20-19	139	8	1112
720	7	20	7-8-11-12-16-18-20	155	6	930
720	7	20	7-9-14-15-17-19-20	155	6	930
720	7	20	7-9-14-13-12-16-18-20	155	7	1085
720	7	20	7-6-5-10-15-17-19-20	155	7	1085
720	7	20	7-1-2-5-10-15-17-19-20	155	8	1240
720	7	20	7-8-11-12-13-14-15-17-19-20	155	9	1395
80	8	0	8-7-1-0	15	3	45
80	8	0	8-7-1-2-0	15	4	60
80	8	0	8-7-6-5-2-0	15	5	75
80	8	0	8-7-6-5-2-1-0	15	6	90
80	8	0	8-7-6-5-4-3-1-0	15	7	105
80	8	0	8-7-1-3-4-5-2-0	15	7	105
81	8	1	8-7-1	62	2	124
81	8	1	8-7-6-5-2-1	62	5	310
81	8	1	8-7-6-5-2-0-1	62	6	372
81	8	1	8-7-6-5-4-3-1	62	6	372
81	8	1	8-11-12-13-14-9-7-1	62	7	434
81	8	1	8-7-9-14-15-10-5-2-1	62	8	496
82	8	2	8-7-1-2	76	3	228
82	8	2	8-7-1-0-2	76	4	304
82	8	2	8-7-6-5-2	76	4	304
82	8	2	8-7-1-3-4-5-2	76	6	456
82	8	2	8-7-6-5-4-3-1-2	76	7	532
82	8	2	8-7-9-14-15-10-5-2	76	7	532
83	8	3	8-7-1-3	5	3	15
83	8	3	8-7-6-5-4-3	5	5	25
83	8	3	8-7-6-5-2-1-3	5	6	30
83	8	3	8-7-1-2-5-4-3	5	6	30
83	8	3	8-7-6-5-2-0-1-3	5	7	35
83	8	3	8-7-1-0-2-5-4-3	5	7	35
84	8	4	8-7-1-3-4	93	4	372
84	8	4	8-7-6-5-4	93	4	372
84	8	4	8-7-1-2-5-4	93	5	465
84	8	4	8-7-1-0-2-5-4	93	6	558
84	8	4	8-7-6-5-2-1-3-4	93	7	651
84	8	4	8-7-9-14-15-10-5-4	93	7	651
85	8	5	8-7-6-5	6	3	18
85	8	5	8-7-1-2-5	6	4	24
85	8	5	8-7-1-0-2-5	6	5	30
85	8	5	8-7-1-3-4-5	6	5	30
85	8	5	8-7-9-14-15-10-5	6	6	36
85	8	5	8-11-12-13-14-15-10-5	6	7	42
86	8	6	8-7-6	196	2	392
86	8	6	8-7-1-2-5-6	196	5	980
86	8	6	8-7-1-0-2-5-6	196	6	1176
86	8	6	8-7-1-3-4-5-6	196	6	1176
86	8	6	8-7-9-14-15-10-5-6	196	7	1372
86	8	6	8-11-12-13-14-9-7-6	196	7	1372
87	8	7	8-7	164	1	164
87	8	7	8-11-12-13-14-9-7	164	6	984
87	8	7	8-11-12-13-14-15-10-5-6-7	164	9	1476
87	8	7	8-11-12-13-14-15-10-5-2-1-7	164	10	1640
87	8	7	8-11-12-13-14-15-10-5-2-0-1-7	164	11	1804
87	8	7	8-11-12-16-18-20-19-17-15-14-9-7	164	11	1804
89	8	9	8-7-9	171	2	342
89	8	9	8-11-12-13-14-9	171	5	855
89	8	9	8-7-6-5-10-15-14-9	171	7	1197
89	8	9	8-7-1-2-5-10-15-14-9	171	8	1368
89	8	9	8-7-1-3-4-5-10-15-14-9	171	9	1539
89	8	9	8-7-1-0-2-5-10-15-14-9	171	9	1539
810	8	10	8-7-6-5-10	26	4	104
810	8	10	8-7-9-14-15-10	26	5	130
810	8	10	8-7-1-2-5-10	26	5	130
810	8	10	8-11-12-13-14-15-10	26	6	156
810	8	10	8-7-1-3-4-5-10	26	6	156
810	8	10	8-7-1-0-2-5-10	26	6	156
811	8	11	8-11	196	1	196
811	8	11	8-7-9-14-13-12-11	196	6	1176
811	8	11	8-7-6-5-10-15-14-13-12-11	196	9	1764
811	8	11	8-7-1-2-5-10-15-14-13-12-11	196	10	1960
811	8	11	8-7-1-0-2-5-10-15-14-13-12-11	196	11	2156
811	8	11	8-7-1-3-4-5-10-15-14-13-12-11	196	11	2156
812	8	12	8-11-12	127	2	254
812	8	12	8-7-9-14-13-12	127	5	635
812	8	12	8-7-6-5-10-15-14-13-12	127	8	1016
812	8	12	8-7-1-2-5-10-15-14-13-12	127	9	1143
812	8	12	8-7-1-0-2-5-10-15-14-13-12	127	10	1270
812	8	12	8-7-9-14-15-17-19-20-18-16-12	127	10	1270
813	8	13	8-11-12-13	108	3	324
813	8	13	8-7-9-14-13	108	4	432
813	8	13	8-7-6-5-10-15-14-13	108	7	756
813	8	13	8-7-1-2-5-10-15-14-13	108	8	864
813	8	13	8-7-1-0-2-5-10-15-14-13	108	9	972
813	8	13	8-7-1-3-4-5-10-15-14-13	108	9	972
814	8	14	8-7-9-14	24	3	72
814	8	14	8-11-12-13-14	24	4	96
814	8	14	8-7-6-5-10-15-14	24	6	144
814	8	14	8-7-1-2-5-10-15-14	24	7	168
814	8	14	8-7-1-0-2-5-10-15-14	24	8	192
814	8	14	8-7-1-3-4-5-10-15-14	24	8	192
815	8	15	8-7-9-14-15	116	4	464
815	8	15	8-11-12-13-14-15	116	5	580
815	8	15	8-7-6-5-10-15	116	5	580
815	8	15	8-7-1-2-5-10-15	116	6	696
815	8	15	8-7-1-0-2-5-10-15	116	7	812
815	8	15	8-7-1-3-4-5-10-15	116	7	812
816	8	16	8-11-12-16	131	3	393
816	8	16	8-7-9-14-13-12-16	131	6	786
816	8	16	8-7-6-5-10-15-14-13-12-16	131	9	1179
816	8	16	8-7-9-14-15-17-19-20-18-16	131	9	1179
816	8	16	8-7-1-2-5-10-15-14-13-12-16	131	10	1310
816	8	16	8-7-6-5-10-15-17-19-20-18-16	131	10	1310
817	8	17	8-7-9-14-15-17	44	5	220
817	8	17	8-11-12-13-14-15-17	44	6	264
817	8	17	8-7-6-5-10-15-17	44	6	264
817	8	17	8-7-1-2-5-10-15-17	44	7	308
817	8	17	8-11-12-16-18-20-19-17	44	7	308
817	8	17	8-7-1-0-2-5-10-15-17	44	8	352
818	8	18	8-11-12-16-18	20	4	80
818	8	18	8-7-9-14-13-12-16-18	20	7	140
818	8	18	8-7-9-14-15-17-19-20-18	20	8	160
818	8	18	8-11-12-13-14-15-17-19-20-18	20	9	180
818	8	18	8-7-6-5-10-15-17-19-20-18	20	9	180
818	8	18	8-7-6-5-10-15-14-13-12-16-18	20	10	200
819	8	19	8-7-9-14-15-17-19	184	6	1104
819	8	19	8-11-12-16-18-20-19	184	6	1104
819	8	19	8-11-12-13-14-15-17-19	184	7	1288
819	8	19	8-7-6-5-10-15-17-19	184	7	1288
819	8	19	8-7-1-2-5-10-15-17-19	184	8	1472
819	8	19	8-7-1-0-2-5-10-15-17-19	184	9	1656
820	8	20	8-11-12-16-18-20	143	5	715
820	8	20	8-7-9-14-15-17-19-20	143	7	1001
820	8	20	8-7-9-14-13-12-16-18-20	143	8	1144
820	8	20	8-7-6-5-10-15-17-19-20	143	8	1144
820	8	20	8-11-12-13-14-15-17-19-20	143	8	1144
820	8	20	8-7-1-2-5-10-15-17-19-20	143	9	1287
90	9	0	9-7-1-0	128	3	384
90	9	0	9-7-1-2-0	128	4	512
90	9	0	9-7-6-5-2-0	128	5	640
90	9	0	9-7-6-5-2-1-0	128	6	768
90	9	0	9-14-15-10-5-2-0	128	6	768
90	9	0	9-14-15-10-5-2-1-0	128	7	896
91	9	1	9-7-1	151	2	302
91	9	1	9-7-6-5-2-1	151	5	755
91	9	1	9-7-6-5-2-0-1	151	6	906
91	9	1	9-7-6-5-4-3-1	151	6	906
91	9	1	9-14-15-10-5-2-1	151	6	906
91	9	1	9-14-15-10-5-2-0-1	151	7	1057
92	9	2	9-7-1-2	118	3	354
92	9	2	9-7-1-0-2	118	4	472
92	9	2	9-7-6-5-2	118	4	472
92	9	2	9-14-15-10-5-2	118	5	590
92	9	2	9-7-1-3-4-5-2	118	6	708
92	9	2	9-7-6-5-4-3-1-2	118	7	826
93	9	3	9-7-1-3	128	3	384
93	9	3	9-7-6-5-4-3	128	5	640
93	9	3	9-7-6-5-2-1-3	128	6	768
93	9	3	9-14-15-10-5-4-3	128	6	768
93	9	3	9-7-1-2-5-4-3	128	6	768
93	9	3	9-7-6-5-2-0-1-3	128	7	896
94	9	4	9-7-1-3-4	132	4	528
94	9	4	9-7-6-5-4	132	4	528
94	9	4	9-7-1-2-5-4	132	5	660
94	9	4	9-14-15-10-5-4	132	5	660
94	9	4	9-7-1-0-2-5-4	132	6	792
94	9	4	9-7-6-5-2-1-3-4	132	7	924
95	9	5	9-7-6-5	118	3	354
95	9	5	9-7-1-2-5	118	4	472
95	9	5	9-14-15-10-5	118	4	472
95	9	5	9-7-1-0-2-5	118	5	590
95	9	5	9-7-1-3-4-5	118	5	590
95	9	5	9-14-13-12-11-8-7-6-5	118	8	944
96	9	6	9-7-6	83	2	166
96	9	6	9-7-1-2-5-6	83	5	415
96	9	6	9-14-15-10-5-6	83	5	415
96	9	6	9-7-1-0-2-5-6	83	6	498
96	9	6	9-7-1-3-4-5-6	83	6	498
96	9	6	9-14-13-12-11-8-7-6	83	7	581
97	9	7	9-7	119	1	119
97	9	7	9-14-15-10-5-6-7	119	6	714
97	9	7	9-14-13-12-11-8-7	119	6	714
97	9	7	9-14-15-10-5-2-1-7	119	7	833
97	9	7	9-14-15-10-5-2-0-1-7	119	8	952
97	9	7	9-14-15-10-5-4-3-1-7	119	8	952
98	9	8	9-7-8	134	2	268
98	9	8	9-14-13-12-11-8	134	5	670
98	9	8	9-14-15-10-5-6-7-8	134	7	938
98	9	8	9-14-15-10-5-2-1-7-8	134	8	1072
98	9	8	9-14-15-10-5-2-0-1-7-8	134	9	1206
98	9	8	9-14-15-10-5-4-3-1-7-8	134	9	1206
910	9	10	9-14-15-10	30	3	90
910	9	10	9-7-6-5-10	30	4	120
910	9	10	9-7-1-2-5-10	30	5	150
910	9	10	9-7-1-0-2-5-10	30	6	180
910	9	10	9-7-1-3-4-5-10	30	6	180
910	9	10	9-7-8-11-12-13-14-15-10	30	8	240
911	9	11	9-7-8-11	54	3	162
911	9	11	9-14-13-12-11	54	4	216
911	9	11	9-14-15-10-5-6-7-8-11	54	8	432
911	9	11	9-7-6-5-10-15-14-13-12-11	54	9	486
911	9	11	9-14-15-10-5-2-1-7-8-11	54	9	486
911	9	11	9-14-15-17-19-20-18-16-12-11	54	9	486
912	9	12	9-14-13-12	139	3	417
912	9	12	9-7-8-11-12	139	4	556
912	9	12	9-7-6-5-10-15-14-13-12	139	8	1112
912	9	12	9-14-15-17-19-20-18-16-12	139	8	1112
912	9	12	9-14-15-10-5-6-7-8-11-12	139	9	1251
912	9	12	9-7-1-2-5-10-15-14-13-12	139	9	1251
913	9	13	9-14-13	30	2	60
913	9	13	9-7-8-11-12-13	30	5	150
913	9	13	9-7-6-5-10-15-14-13	30	7	210
913	9	13	9-7-1-2-5-10-15-14-13	30	8	240
913	9	13	9-14-15-17-19-20-18-16-12-13	30	9	270
913	9	13	9-7-1-3-4-5-10-15-14-13	30	9	270
914	9	14	9-14	73	1	73
914	9	14	9-7-8-11-12-13-14	73	6	438
914	9	14	9-7-6-5-10-15-14	73	6	438
914	9	14	9-7-1-2-5-10-15-14	73	7	511
914	9	14	9-7-1-0-2-5-10-15-14	73	8	584
914	9	14	9-7-1-3-4-5-10-15-14	73	8	584
915	9	15	9-14-15	35	2	70
915	9	15	9-7-6-5-10-15	35	5	175
915	9	15	9-7-1-2-5-10-15	35	6	210
915	9	15	9-7-8-11-12-13-14-15	35	7	245
915	9	15	9-7-1-3-4-5-10-15	35	7	245
915	9	15	9-7-1-0-2-5-10-15	35	7	245
916	9	16	9-14-13-12-16	62	4	248
916	9	16	9-7-8-11-12-16	62	5	310
916	9	16	9-14-15-17-19-20-18-16	62	7	434
916	9	16	9-7-6-5-10-15-14-13-12-16	62	9	558
916	9	16	9-14-15-10-5-6-7-8-11-12-16	62	10	620
916	9	16	9-7-6-5-10-15-17-19-20-18-16	62	10	620
917	9	17	9-14-15-17	192	3	576
917	9	17	9-7-6-5-10-15-17	192	6	1152
917	9	17	9-7-1-2-5-10-15-17	192	7	1344
917	9	17	9-7-8-11-12-13-14-15-17	192	8	1536
917	9	17	9-14-13-12-16-18-20-19-17	192	8	1536
917	9	17	9-7-1-0-2-5-10-15-17	192	8	1536
918	9	18	9-14-13-12-16-18	103	5	515
918	9	18	9-7-8-11-12-16-18	103	6	618
918	9	18	9-14-15-17-19-20-18	103	6	618
918	9	18	9-7-6-5-10-15-17-19-20-18	103	9	927
918	9	18	9-7-6-5-10-15-14-13-12-16-18	103	10	1030
918	9	18	9-7-1-2-5-10-15-17-19-20-18	103	10	1030
919	9	19	9-14-15-17-19	27	4	108
919	9	19	9-7-6-5-10-15-17-19	27	7	189
919	9	19	9-14-13-12-16-18-20-19	27	7	189
919	9	19	9-7-1-2-5-10-15-17-19	27	8	216
919	9	19	9-7-8-11-12-16-18-20-19	27	8	216
919	9	19	9-7-8-11-12-13-14-15-17-19	27	9	243
920	9	20	9-14-15-17-19-20	61	5	305
920	9	20	9-14-13-12-16-18-20	61	6	366
920	9	20	9-7-8-11-12-16-18-20	61	7	427
920	9	20	9-7-6-5-10-15-17-19-20	61	8	488
920	9	20	9-7-1-2-5-10-15-17-19-20	61	9	549
920	9	20	9-7-8-11-12-13-14-15-17-19-20	61	10	610
100	10	0	10-5-2-0	41	3	123
100	10	0	10-5-2-1-0	41	4	164
100	10	0	10-5-4-3-1-0	41	5	205
100	10	0	10-5-6-7-1-0	41	5	205
100	10	0	10-15-14-9-7-1-0	41	6	246
100	10	0	10-5-6-7-1-2-0	41	6	246
101	10	1	10-5-2-1	192	3	576
101	10	1	10-5-2-0-1	192	4	768
101	10	1	10-5-6-7-1	192	4	768
101	10	1	10-5-4-3-1	192	4	768
101	10	1	10-15-14-9-7-1	192	5	960
101	10	1	10-15-14-9-7-6-5-2-1	192	8	1536
102	10	2	10-5-2	154	2	308
102	10	2	10-5-4-3-1-2	154	5	770
102	10	2	10-5-6-7-1-2	154	5	770
102	10	2	10-5-4-3-1-0-2	154	6	924
102	10	2	10-15-14-9-7-1-2	154	6	924
102	10	2	10-5-6-7-1-0-2	154	6	924
103	10	3	10-5-4-3	181	3	543
103	10	3	10-5-2-1-3	181	4	724
103	10	3	10-5-2-0-1-3	181	5	905
103	10	3	10-5-6-7-1-3	181	5	905
103	10	3	10-15-14-9-7-1-3	181	6	1086
103	10	3	10-15-14-9-7-6-5-4-3	181	8	1448
104	10	4	10-5-4	197	2	394
104	10	4	10-5-2-1-3-4	197	5	985
104	10	4	10-5-2-0-1-3-4	197	6	1182
104	10	4	10-5-6-7-1-3-4	197	6	1182
104	10	4	10-15-14-9-7-1-3-4	197	7	1379
104	10	4	10-15-14-9-7-6-5-4	197	7	1379
105	10	5	10-5	88	1	88
105	10	5	10-15-14-9-7-6-5	88	6	528
105	10	5	10-15-14-9-7-1-2-5	88	7	616
105	10	5	10-15-14-9-7-1-0-2-5	88	8	704
105	10	5	10-15-14-9-7-1-3-4-5	88	8	704
105	10	5	10-15-14-13-12-11-8-7-6-5	88	9	792
106	10	6	10-5-6	155	2	310
106	10	6	10-5-2-1-7-6	155	5	775
106	10	6	10-15-14-9-7-6	155	5	775
106	10	6	10-5-2-0-1-7-6	155	6	930
106	10	6	10-5-4-3-1-7-6	155	6	930
106	10	6	10-15-14-9-7-1-2-5-6	155	8	1240
107	10	7	10-5-6-7	123	3	369
107	10	7	10-5-2-1-7	123	4	492
107	10	7	10-15-14-9-7	123	4	492
107	10	7	10-5-2-0-1-7	123	5	615
107	10	7	10-5-4-3-1-7	123	5	615
107	10	7	10-15-14-13-12-11-8-7	123	7	861
108	10	8	10-5-6-7-8	73	4	292
108	10	8	10-5-2-1-7-8	73	5	365
108	10	8	10-15-14-9-7-8	73	5	365
108	10	8	10-15-14-13-12-11-8	73	6	438
108	10	8	10-5-4-3-1-7-8	73	6	438
108	10	8	10-5-2-0-1-7-8	73	6	438
109	10	9	10-15-14-9	158	3	474
109	10	9	10-5-6-7-9	158	4	632
109	10	9	10-5-2-1-7-9	158	5	790
109	10	9	10-5-2-0-1-7-9	158	6	948
109	10	9	10-5-4-3-1-7-9	158	6	948
109	10	9	10-15-14-13-12-11-8-7-9	158	8	1264
1011	10	11	10-15-14-13-12-11	125	5	625
1011	10	11	10-5-6-7-8-11	125	5	625
1011	10	11	10-5-2-1-7-8-11	125	6	750
1011	10	11	10-15-14-9-7-8-11	125	6	750
1011	10	11	10-5-2-0-1-7-8-11	125	7	875
1011	10	11	10-5-4-3-1-7-8-11	125	7	875
1012	10	12	10-15-14-13-12	14	4	56
1012	10	12	10-5-6-7-8-11-12	14	6	84
1012	10	12	10-5-2-1-7-8-11-12	14	7	98
1012	10	12	10-15-17-19-20-18-16-12	14	7	98
1012	10	12	10-5-6-7-9-14-13-12	14	7	98
1012	10	12	10-15-14-9-7-8-11-12	14	7	98
1013	10	13	10-15-14-13	34	3	102
1013	10	13	10-5-6-7-9-14-13	34	6	204
1013	10	13	10-5-6-7-8-11-12-13	34	7	238
1013	10	13	10-5-2-1-7-9-14-13	34	7	238
1013	10	13	10-5-2-1-7-8-11-12-13	34	8	272
1013	10	13	10-5-4-3-1-7-9-14-13	34	8	272
1014	10	14	10-15-14	24	2	48
1014	10	14	10-5-6-7-9-14	24	5	120
1014	10	14	10-5-2-1-7-9-14	24	6	144
1014	10	14	10-5-2-0-1-7-9-14	24	7	168
1014	10	14	10-5-4-3-1-7-9-14	24	7	168
1014	10	14	10-5-6-7-8-11-12-13-14	24	8	192
1015	10	15	10-15	144	1	144
1015	10	15	10-5-6-7-9-14-15	144	6	864
1015	10	15	10-5-2-1-7-9-14-15	144	7	1008
1015	10	15	10-5-2-0-1-7-9-14-15	144	8	1152
1015	10	15	10-5-4-3-1-7-9-14-15	144	8	1152
1015	10	15	10-5-6-7-8-11-12-13-14-15	144	9	1296
1016	10	16	10-15-14-13-12-16	52	5	260
1016	10	16	10-15-17-19-20-18-16	52	6	312
1016	10	16	10-5-6-7-8-11-12-16	52	7	364
1016	10	16	10-5-2-1-7-8-11-12-16	52	8	416
1016	10	16	10-15-14-9-7-8-11-12-16	52	8	416
1016	10	16	10-5-6-7-9-14-13-12-16	52	8	416
1017	10	17	10-15-17	32	2	64
1017	10	17	10-5-6-7-9-14-15-17	32	7	224
1017	10	17	10-5-2-1-7-9-14-15-17	32	8	256
1017	10	17	10-5-2-0-1-7-9-14-15-17	32	9	288
1017	10	17	10-15-14-13-12-16-18-20-19-17	32	9	288
1017	10	17	10-5-4-3-1-7-9-14-15-17	32	9	288
1018	10	18	10-15-17-19-20-18	35	5	175
1018	10	18	10-15-14-13-12-16-18	35	6	210
1018	10	18	10-5-6-7-8-11-12-16-18	35	8	280
1018	10	18	10-5-2-1-7-8-11-12-16-18	35	9	315
1018	10	18	10-5-6-7-9-14-13-12-16-18	35	9	315
1018	10	18	10-15-14-9-7-8-11-12-16-18	35	9	315
1019	10	19	10-15-17-19	122	3	366
1019	10	19	10-5-6-7-9-14-15-17-19	122	8	976
1019	10	19	10-15-14-13-12-16-18-20-19	122	8	976
1019	10	19	10-5-2-1-7-9-14-15-17-19	122	9	1098
1019	10	19	10-5-2-0-1-7-9-14-15-17-19	122	10	1220
1019	10	19	10-5-6-7-8-11-12-16-18-20-19	122	10	1220
1020	10	20	10-15-17-19-20	33	4	132
1020	10	20	10-15-14-13-12-16-18-20	33	7	231
1020	10	20	10-5-6-7-8-11-12-16-18-20	33	9	297
1020	10	20	10-5-6-7-9-14-15-17-19-20	33	9	297
1020	10	20	10-5-2-1-7-8-11-12-16-18-20	33	10	330
1020	10	20	10-5-2-1-7-9-14-15-17-19-20	33	10	330
110	11	0	11-8-7-1-0	142	4	568
110	11	0	11-8-7-1-2-0	142	5	710
110	11	0	11-8-7-6-5-2-0	142	6	852
110	11	0	11-8-7-6-5-2-1-0	142	7	994
110	11	0	11-12-13-14-9-7-1-0	142	7	994
110	11	0	11-8-7-6-5-4-3-1-0	142	8	1136
111	11	1	11-8-7-1	174	3	522
111	11	1	11-8-7-6-5-2-1	174	6	1044
111	11	1	11-12-13-14-9-7-1	174	6	1044
111	11	1	11-8-7-6-5-2-0-1	174	7	1218
111	11	1	11-8-7-6-5-4-3-1	174	7	1218
111	11	1	11-12-13-14-15-10-5-2-1	174	8	1392
112	11	2	11-8-7-1-2	137	4	548
112	11	2	11-8-7-1-0-2	137	5	685
112	11	2	11-8-7-6-5-2	137	5	685
112	11	2	11-12-13-14-9-7-1-2	137	7	959
112	11	2	11-12-13-14-15-10-5-2	137	7	959
112	11	2	11-8-7-1-3-4-5-2	137	7	959
113	11	3	11-8-7-1-3	159	4	636
113	11	3	11-8-7-6-5-4-3	159	6	954
113	11	3	11-8-7-6-5-2-1-3	159	7	1113
113	11	3	11-8-7-1-2-5-4-3	159	7	1113
113	11	3	11-12-13-14-9-7-1-3	159	7	1113
113	11	3	11-8-7-6-5-2-0-1-3	159	8	1272
114	11	4	11-8-7-1-3-4	154	5	770
114	11	4	11-8-7-6-5-4	154	5	770
114	11	4	11-8-7-1-2-5-4	154	6	924
114	11	4	11-8-7-1-0-2-5-4	154	7	1078
114	11	4	11-12-13-14-15-10-5-4	154	7	1078
114	11	4	11-8-7-6-5-2-1-3-4	154	8	1232
115	11	5	11-8-7-6-5	172	4	688
115	11	5	11-8-7-1-2-5	172	5	860
115	11	5	11-8-7-1-0-2-5	172	6	1032
115	11	5	11-12-13-14-15-10-5	172	6	1032
115	11	5	11-8-7-1-3-4-5	172	6	1032
115	11	5	11-12-13-14-9-7-6-5	172	7	1204
116	11	6	11-8-7-6	139	3	417
116	11	6	11-8-7-1-2-5-6	139	6	834
116	11	6	11-12-13-14-9-7-6	139	6	834
116	11	6	11-8-7-1-0-2-5-6	139	7	973
116	11	6	11-8-7-1-3-4-5-6	139	7	973
116	11	6	11-12-13-14-15-10-5-6	139	7	973
117	11	7	11-8-7	111	2	222
117	11	7	11-12-13-14-9-7	111	5	555
117	11	7	11-12-13-14-15-10-5-6-7	111	8	888
117	11	7	11-12-13-14-15-10-5-2-1-7	111	9	999
117	11	7	11-12-13-14-15-10-5-2-0-1-7	111	10	1110
117	11	7	11-12-16-18-20-19-17-15-14-9-7	111	10	1110
118	11	8	11-8	159	1	159
118	11	8	11-12-13-14-9-7-8	159	6	954
118	11	8	11-12-13-14-15-10-5-6-7-8	159	9	1431
118	11	8	11-12-13-14-15-10-5-2-1-7-8	159	10	1590
118	11	8	11-12-13-14-15-10-5-2-0-1-7-8	159	11	1749
118	11	8	11-12-13-14-15-10-5-4-3-1-7-8	159	11	1749
119	11	9	11-8-7-9	28	3	84
119	11	9	11-12-13-14-9	28	4	112
119	11	9	11-8-7-6-5-10-15-14-9	28	8	224
119	11	9	11-12-16-18-20-19-17-15-14-9	28	9	252
119	11	9	11-12-13-14-15-10-5-6-7-9	28	9	252
119	11	9	11-8-7-1-2-5-10-15-14-9	28	9	252
1110	11	10	11-12-13-14-15-10	35	5	175
1110	11	10	11-8-7-6-5-10	35	5	175
1110	11	10	11-8-7-9-14-15-10	35	6	210
1110	11	10	11-8-7-1-2-5-10	35	6	210
1110	11	10	11-8-7-1-0-2-5-10	35	7	245
1110	11	10	11-8-7-1-3-4-5-10	35	7	245
1112	11	12	11-12	25	1	25
1112	11	12	11-8-7-9-14-13-12	25	6	150
1112	11	12	11-8-7-6-5-10-15-14-13-12	25	9	225
1112	11	12	11-8-7-1-2-5-10-15-14-13-12	25	10	250
1112	11	12	11-8-7-1-0-2-5-10-15-14-13-12	25	11	275
1112	11	12	11-8-7-9-14-15-17-19-20-18-16-12	25	11	275
1113	11	13	11-12-13	178	2	356
1113	11	13	11-8-7-9-14-13	178	5	890
1113	11	13	11-8-7-6-5-10-15-14-13	178	8	1424
1113	11	13	11-12-16-18-20-19-17-15-14-13	178	9	1602
1113	11	13	11-8-7-1-2-5-10-15-14-13	178	9	1602
1113	11	13	11-8-7-1-0-2-5-10-15-14-13	178	10	1780
1114	11	14	11-12-13-14	30	3	90
1114	11	14	11-8-7-9-14	30	4	120
1114	11	14	11-8-7-6-5-10-15-14	30	7	210
1114	11	14	11-12-16-18-20-19-17-15-14	30	8	240
1114	11	14	11-8-7-1-2-5-10-15-14	30	8	240
1114	11	14	11-8-7-1-0-2-5-10-15-14	30	9	270
1115	11	15	11-12-13-14-15	172	4	688
1115	11	15	11-8-7-9-14-15	172	5	860
1115	11	15	11-8-7-6-5-10-15	172	6	1032
1115	11	15	11-12-16-18-20-19-17-15	172	7	1204
1115	11	15	11-8-7-1-2-5-10-15	172	7	1204
1115	11	15	11-8-7-1-0-2-5-10-15	172	8	1376
1116	11	16	11-12-16	42	2	84
1116	11	16	11-8-7-9-14-13-12-16	42	7	294
1116	11	16	11-12-13-14-15-17-19-20-18-16	42	9	378
1116	11	16	11-8-7-6-5-10-15-14-13-12-16	42	10	420
1116	11	16	11-8-7-9-14-15-17-19-20-18-16	42	10	420
1116	11	16	11-8-7-1-2-5-10-15-14-13-12-16	42	11	462
1117	11	17	11-12-13-14-15-17	182	5	910
1117	11	17	11-8-7-9-14-15-17	182	6	1092
1117	11	17	11-12-16-18-20-19-17	182	6	1092
1117	11	17	11-8-7-6-5-10-15-17	182	7	1274
1117	11	17	11-8-7-1-2-5-10-15-17	182	8	1456
1117	11	17	11-8-7-1-0-2-5-10-15-17	182	9	1638
1118	11	18	11-12-16-18	119	3	357
1118	11	18	11-8-7-9-14-13-12-16-18	119	8	952
1118	11	18	11-12-13-14-15-17-19-20-18	119	8	952
1118	11	18	11-8-7-9-14-15-17-19-20-18	119	9	1071
1118	11	18	11-8-7-6-5-10-15-17-19-20-18	119	10	1190
1118	11	18	11-8-7-6-5-10-15-14-13-12-16-18	119	11	1309
1119	11	19	11-12-16-18-20-19	71	5	355
1119	11	19	11-12-13-14-15-17-19	71	6	426
1119	11	19	11-8-7-9-14-15-17-19	71	7	497
1119	11	19	11-8-7-6-5-10-15-17-19	71	8	568
1119	11	19	11-8-7-1-2-5-10-15-17-19	71	9	639
1119	11	19	11-8-7-1-0-2-5-10-15-17-19	71	10	710
1120	11	20	11-12-16-18-20	8	4	32
1120	11	20	11-12-13-14-15-17-19-20	8	7	56
1120	11	20	11-8-7-9-14-15-17-19-20	8	8	64
1120	11	20	11-8-7-9-14-13-12-16-18-20	8	9	72
1120	11	20	11-8-7-6-5-10-15-17-19-20	8	9	72
1120	11	20	11-8-7-1-2-5-10-15-17-19-20	8	10	80
120	12	0	12-11-8-7-1-0	134	5	670
120	12	0	12-13-14-9-7-1-0	134	6	804
120	12	0	12-11-8-7-1-2-0	134	6	804
120	12	0	12-13-14-9-7-1-2-0	134	7	938
120	12	0	12-11-8-7-6-5-2-0	134	7	938
120	12	0	12-13-14-15-10-5-2-0	134	7	938
121	12	1	12-11-8-7-1	173	4	692
121	12	1	12-13-14-9-7-1	173	5	865
121	12	1	12-11-8-7-6-5-2-1	173	7	1211
121	12	1	12-13-14-15-10-5-2-1	173	7	1211
121	12	1	12-11-8-7-6-5-2-0-1	173	8	1384
121	12	1	12-13-14-15-10-5-6-7-1	173	8	1384
122	12	2	12-11-8-7-1-2	196	5	980
122	12	2	12-11-8-7-1-0-2	196	6	1176
122	12	2	12-13-14-15-10-5-2	196	6	1176
122	12	2	12-11-8-7-6-5-2	196	6	1176
122	12	2	12-13-14-9-7-1-2	196	6	1176
122	12	2	12-13-14-9-7-1-0-2	196	7	1372
123	12	3	12-11-8-7-1-3	186	5	930
123	12	3	12-13-14-9-7-1-3	186	6	1116
123	12	3	12-11-8-7-6-5-4-3	186	7	1302
123	12	3	12-13-14-15-10-5-4-3	186	7	1302
123	12	3	12-13-14-15-10-5-2-1-3	186	8	1488
123	12	3	12-13-14-9-7-6-5-4-3	186	8	1488
124	12	4	12-11-8-7-1-3-4	169	6	1014
124	12	4	12-13-14-15-10-5-4	169	6	1014
124	12	4	12-11-8-7-6-5-4	169	6	1014
124	12	4	12-13-14-9-7-1-3-4	169	7	1183
124	12	4	12-13-14-9-7-6-5-4	169	7	1183
124	12	4	12-11-8-7-1-2-5-4	169	7	1183
125	12	5	12-11-8-7-6-5	161	5	805
125	12	5	12-13-14-15-10-5	161	5	805
125	12	5	12-11-8-7-1-2-5	161	6	966
125	12	5	12-13-14-9-7-6-5	161	6	966
125	12	5	12-11-8-7-1-0-2-5	161	7	1127
125	12	5	12-11-8-7-1-3-4-5	161	7	1127
126	12	6	12-11-8-7-6	198	4	792
126	12	6	12-13-14-9-7-6	198	5	990
126	12	6	12-13-14-15-10-5-6	198	6	1188
126	12	6	12-11-8-7-1-2-5-6	198	7	1386
126	12	6	12-11-8-7-1-0-2-5-6	198	8	1584
126	12	6	12-13-14-9-7-1-2-5-6	198	8	1584
127	12	7	12-11-8-7	197	3	591
127	12	7	12-13-14-9-7	197	4	788
127	12	7	12-13-14-15-10-5-6-7	197	7	1379
127	12	7	12-13-14-15-10-5-2-1-7	197	8	1576
127	12	7	12-13-14-15-10-5-2-0-1-7	197	9	1773
127	12	7	12-16-18-20-19-17-15-14-9-7	197	9	1773
128	12	8	12-11-8	101	2	202
128	12	8	12-13-14-9-7-8	101	5	505
128	12	8	12-13-14-15-10-5-6-7-8	101	8	808
128	12	8	12-13-14-15-10-5-2-1-7-8	101	9	909
128	12	8	12-13-14-15-10-5-2-0-1-7-8	101	10	1010
128	12	8	12-13-14-15-10-5-4-3-1-7-8	101	10	1010
129	12	9	12-13-14-9	28	3	84
129	12	9	12-11-8-7-9	28	4	112
129	12	9	12-16-18-20-19-17-15-14-9	28	8	224
129	12	9	12-13-14-15-10-5-6-7-9	28	8	224
129	12	9	12-11-8-7-6-5-10-15-14-9	28	9	252
129	12	9	12-13-14-15-10-5-2-1-7-9	28	9	252
1210	12	10	12-13-14-15-10	136	4	544
1210	12	10	12-11-8-7-6-5-10	136	6	816
1210	12	10	12-11-8-7-9-14-15-10	136	7	952
1210	12	10	12-13-14-9-7-6-5-10	136	7	952
1210	12	10	12-11-8-7-1-2-5-10	136	7	952
1210	12	10	12-16-18-20-19-17-15-10	136	7	952
1211	12	11	12-11	11	1	11
1211	12	11	12-13-14-9-7-8-11	11	6	66
1211	12	11	12-13-14-15-10-5-6-7-8-11	11	9	99
1211	12	11	12-13-14-15-10-5-2-1-7-8-11	11	10	110
1211	12	11	12-13-14-15-10-5-2-0-1-7-8-11	11	11	121
1211	12	11	12-16-18-20-19-17-15-14-9-7-8-11	11	11	121
1213	12	13	12-13	41	1	41
1213	12	13	12-11-8-7-9-14-13	41	6	246
1213	12	13	12-16-18-20-19-17-15-14-13	41	8	328
1213	12	13	12-11-8-7-6-5-10-15-14-13	41	9	369
1213	12	13	12-11-8-7-1-2-5-10-15-14-13	41	10	410
1213	12	13	12-11-8-7-1-0-2-5-10-15-14-13	41	11	451
1214	12	14	12-13-14	147	2	294
1214	12	14	12-11-8-7-9-14	147	5	735
1214	12	14	12-16-18-20-19-17-15-14	147	7	1029
1214	12	14	12-11-8-7-6-5-10-15-14	147	8	1176
1214	12	14	12-11-8-7-1-2-5-10-15-14	147	9	1323
1214	12	14	12-11-8-7-1-0-2-5-10-15-14	147	10	1470
1215	12	15	12-13-14-15	54	3	162
1215	12	15	12-11-8-7-9-14-15	54	6	324
1215	12	15	12-16-18-20-19-17-15	54	6	324
1215	12	15	12-11-8-7-6-5-10-15	54	7	378
1215	12	15	12-11-8-7-1-2-5-10-15	54	8	432
1215	12	15	12-13-14-9-7-6-5-10-15	54	8	432
1216	12	16	12-16	72	1	72
1216	12	16	12-13-14-15-17-19-20-18-16	72	8	576
1216	12	16	12-11-8-7-9-14-15-17-19-20-18-16	72	11	792
1216	12	16	12-11-8-7-6-5-10-15-17-19-20-18-16	72	12	864
1216	12	16	12-11-8-7-1-2-5-10-15-17-19-20-18-16	72	13	936
1216	12	16	12-13-14-9-7-6-5-10-15-17-19-20-18-16	72	13	936
1217	12	17	12-13-14-15-17	121	4	484
1217	12	17	12-16-18-20-19-17	121	5	605
1217	12	17	12-11-8-7-9-14-15-17	121	7	847
1217	12	17	12-11-8-7-6-5-10-15-17	121	8	968
1217	12	17	12-11-8-7-1-2-5-10-15-17	121	9	1089
1217	12	17	12-13-14-9-7-6-5-10-15-17	121	9	1089
1218	12	18	12-16-18	162	2	324
1218	12	18	12-13-14-15-17-19-20-18	162	7	1134
1218	12	18	12-11-8-7-9-14-15-17-19-20-18	162	10	1620
1218	12	18	12-11-8-7-6-5-10-15-17-19-20-18	162	11	1782
1218	12	18	12-11-8-7-1-2-5-10-15-17-19-20-18	162	12	1944
1218	12	18	12-13-14-9-7-6-5-10-15-17-19-20-18	162	12	1944
1219	12	19	12-16-18-20-19	62	4	248
1219	12	19	12-13-14-15-17-19	62	5	310
1219	12	19	12-11-8-7-9-14-15-17-19	62	8	496
1219	12	19	12-11-8-7-6-5-10-15-17-19	62	9	558
1219	12	19	12-11-8-7-1-2-5-10-15-17-19	62	10	620
1219	12	19	12-13-14-9-7-6-5-10-15-17-19	62	10	620
1220	12	20	12-16-18-20	178	3	534
1220	12	20	12-13-14-15-17-19-20	178	6	1068
1220	12	20	12-11-8-7-9-14-15-17-19-20	178	9	1602
1220	12	20	12-11-8-7-6-5-10-15-17-19-20	178	10	1780
1220	12	20	12-11-8-7-1-2-5-10-15-17-19-20	178	11	1958
1220	12	20	12-13-14-9-7-6-5-10-15-17-19-20	178	11	1958
130	13	0	13-14-9-7-1-0	42	5	210
130	13	0	13-12-11-8-7-1-0	42	6	252
130	13	0	13-14-15-10-5-2-0	42	6	252
130	13	0	13-14-9-7-1-2-0	42	6	252
130	13	0	13-14-15-10-5-2-1-0	42	7	294
130	13	0	13-14-9-7-6-5-2-0	42	7	294
131	13	1	13-14-9-7-1	63	4	252
131	13	1	13-12-11-8-7-1	63	5	315
131	13	1	13-14-15-10-5-2-1	63	6	378
131	13	1	13-14-15-10-5-2-0-1	63	7	441
131	13	1	13-14-15-10-5-6-7-1	63	7	441
131	13	1	13-14-15-10-5-4-3-1	63	7	441
132	13	2	13-14-9-7-1-2	158	5	790
132	13	2	13-14-15-10-5-2	158	5	790
132	13	2	13-14-9-7-1-0-2	158	6	948
132	13	2	13-14-9-7-6-5-2	158	6	948
132	13	2	13-12-11-8-7-1-2	158	6	948
132	13	2	13-12-11-8-7-1-0-2	158	7	1106
133	13	3	13-14-9-7-1-3	31	5	155
133	13	3	13-12-11-8-7-1-3	31	6	186
133	13	3	13-14-15-10-5-4-3	31	6	186
133	13	3	13-14-15-10-5-2-1-3	31	7	217
133	13	3	13-14-9-7-6-5-4-3	31	7	217
133	13	3	13-14-15-10-5-2-0-1-3	31	8	248
134	13	4	13-14-15-10-5-4	47	5	235
134	13	4	13-14-9-7-1-3-4	47	6	282
134	13	4	13-14-9-7-6-5-4	47	6	282
134	13	4	13-12-11-8-7-1-3-4	47	7	329
134	13	4	13-12-11-8-7-6-5-4	47	7	329
134	13	4	13-14-9-7-1-2-5-4	47	7	329
135	13	5	13-14-15-10-5	190	4	760
135	13	5	13-14-9-7-6-5	190	5	950
135	13	5	13-14-9-7-1-2-5	190	6	1140
135	13	5	13-12-11-8-7-6-5	190	6	1140
135	13	5	13-14-9-7-1-0-2-5	190	7	1330
135	13	5	13-14-9-7-1-3-4-5	190	7	1330
136	13	6	13-14-9-7-6	160	4	640
136	13	6	13-14-15-10-5-6	160	5	800
136	13	6	13-12-11-8-7-6	160	5	800
136	13	6	13-14-9-7-1-2-5-6	160	7	1120
136	13	6	13-14-9-7-1-0-2-5-6	160	8	1280
136	13	6	13-14-15-10-5-2-1-7-6	160	8	1280
137	13	7	13-14-9-7	121	3	363
137	13	7	13-12-11-8-7	121	4	484
137	13	7	13-14-15-10-5-6-7	121	6	726
137	13	7	13-14-15-10-5-2-1-7	121	7	847
137	13	7	13-14-15-10-5-2-0-1-7	121	8	968
137	13	7	13-14-15-10-5-4-3-1-7	121	8	968
138	13	8	13-12-11-8	41	3	123
138	13	8	13-14-9-7-8	41	4	164
138	13	8	13-14-15-10-5-6-7-8	41	7	287
138	13	8	13-14-15-10-5-2-1-7-8	41	8	328
138	13	8	13-14-15-10-5-2-0-1-7-8	41	9	369
138	13	8	13-14-15-10-5-4-3-1-7-8	41	9	369
139	13	9	13-14-9	151	2	302
139	13	9	13-12-11-8-7-9	151	5	755
139	13	9	13-14-15-10-5-6-7-9	151	7	1057
139	13	9	13-14-15-10-5-2-1-7-9	151	8	1208
139	13	9	13-12-16-18-20-19-17-15-14-9	151	9	1359
139	13	9	13-14-15-10-5-4-3-1-7-9	151	9	1359
1310	13	10	13-14-15-10	176	3	528
1310	13	10	13-14-9-7-6-5-10	176	6	1056
1310	13	10	13-14-9-7-1-2-5-10	176	7	1232
1310	13	10	13-12-11-8-7-6-5-10	176	7	1232
1310	13	10	13-12-11-8-7-9-14-15-10	176	8	1408
1310	13	10	13-12-11-8-7-1-2-5-10	176	8	1408
1311	13	11	13-12-11	127	2	254
1311	13	11	13-14-9-7-8-11	127	5	635
1311	13	11	13-14-15-10-5-6-7-8-11	127	8	1016
1311	13	11	13-14-15-17-19-20-18-16-12-11	127	9	1143
1311	13	11	13-14-15-10-5-2-1-7-8-11	127	9	1143
1311	13	11	13-14-15-10-5-2-0-1-7-8-11	127	10	1270
1312	13	12	13-12	133	1	133
1312	13	12	13-14-9-7-8-11-12	133	6	798
1312	13	12	13-14-15-17-19-20-18-16-12	133	8	1064
1312	13	12	13-14-15-10-5-6-7-8-11-12	133	9	1197
1312	13	12	13-14-15-10-5-2-1-7-8-11-12	133	10	1330
1312	13	12	13-14-15-10-5-2-0-1-7-8-11-12	133	11	1463
1314	13	14	13-14	149	1	149
1314	13	14	13-12-11-8-7-9-14	149	6	894
1314	13	14	13-12-16-18-20-19-17-15-14	149	8	1192
1314	13	14	13-12-11-8-7-6-5-10-15-14	149	9	1341
1314	13	14	13-12-11-8-7-1-2-5-10-15-14	149	10	1490
1314	13	14	13-12-11-8-7-1-0-2-5-10-15-14	149	11	1639
1315	13	15	13-14-15	115	2	230
1315	13	15	13-12-11-8-7-9-14-15	115	7	805
1315	13	15	13-14-9-7-6-5-10-15	115	7	805
1315	13	15	13-12-16-18-20-19-17-15	115	7	805
1315	13	15	13-14-9-7-1-2-5-10-15	115	8	920
1315	13	15	13-12-11-8-7-6-5-10-15	115	8	920
1316	13	16	13-12-16	76	2	152
1316	13	16	13-14-9-7-8-11-12-16	76	7	532
1316	13	16	13-14-15-17-19-20-18-16	76	7	532
1316	13	16	13-14-15-10-5-6-7-8-11-12-16	76	10	760
1316	13	16	13-14-15-10-5-2-1-7-8-11-12-16	76	11	836
1316	13	16	13-14-15-10-5-2-0-1-7-8-11-12-16	76	12	912
1317	13	17	13-14-15-17	93	3	279
1317	13	17	13-12-16-18-20-19-17	93	6	558
1317	13	17	13-12-11-8-7-9-14-15-17	93	8	744
1317	13	17	13-14-9-7-6-5-10-15-17	93	8	744
1317	13	17	13-14-9-7-1-2-5-10-15-17	93	9	837
1317	13	17	13-12-11-8-7-6-5-10-15-17	93	9	837
1318	13	18	13-12-16-18	42	3	126
1318	13	18	13-14-15-17-19-20-18	42	6	252
1318	13	18	13-14-9-7-8-11-12-16-18	42	8	336
1318	13	18	13-14-15-10-5-6-7-8-11-12-16-18	42	11	462
1318	13	18	13-14-9-7-6-5-10-15-17-19-20-18	42	11	462
1318	13	18	13-12-11-8-7-9-14-15-17-19-20-18	42	11	462
1319	13	19	13-14-15-17-19	25	4	100
1319	13	19	13-12-16-18-20-19	25	5	125
1319	13	19	13-12-11-8-7-9-14-15-17-19	25	9	225
1319	13	19	13-14-9-7-6-5-10-15-17-19	25	9	225
1319	13	19	13-14-9-7-1-2-5-10-15-17-19	25	10	250
1319	13	19	13-14-9-7-8-11-12-16-18-20-19	25	10	250
1320	13	20	13-12-16-18-20	172	4	688
1320	13	20	13-14-15-17-19-20	172	5	860
1320	13	20	13-14-9-7-8-11-12-16-18-20	172	9	1548
1320	13	20	13-12-11-8-7-9-14-15-17-19-20	172	10	1720
1320	13	20	13-14-9-7-6-5-10-15-17-19-20	172	10	1720
1320	13	20	13-14-9-7-1-2-5-10-15-17-19-20	172	11	1892
140	14	0	14-9-7-1-0	137	4	548
140	14	0	14-9-7-1-2-0	137	5	685
140	14	0	14-15-10-5-2-0	137	5	685
140	14	0	14-15-10-5-2-1-0	137	6	822
140	14	0	14-9-7-6-5-2-0	137	6	822
140	14	0	14-9-7-6-5-2-1-0	137	7	959
141	14	1	14-9-7-1	71	3	213
141	14	1	14-15-10-5-2-1	71	5	355
141	14	1	14-15-10-5-2-0-1	71	6	426
141	14	1	14-13-12-11-8-7-1	71	6	426
141	14	1	14-15-10-5-6-7-1	71	6	426
141	14	1	14-15-10-5-4-3-1	71	6	426
142	14	2	14-9-7-1-2	173	4	692
142	14	2	14-15-10-5-2	173	4	692
142	14	2	14-9-7-1-0-2	173	5	865
142	14	2	14-9-7-6-5-2	173	5	865
142	14	2	14-15-10-5-4-3-1-2	173	7	1211
142	14	2	14-9-7-1-3-4-5-2	173	7	1211
143	14	3	14-9-7-1-3	142	4	568
143	14	3	14-15-10-5-4-3	142	5	710
143	14	3	14-15-10-5-2-1-3	142	6	852
143	14	3	14-9-7-6-5-4-3	142	6	852
143	14	3	14-15-10-5-2-0-1-3	142	7	994
143	14	3	14-9-7-1-2-5-4-3	142	7	994
144	14	4	14-15-10-5-4	39	4	156
144	14	4	14-9-7-1-3-4	39	5	195
144	14	4	14-9-7-6-5-4	39	5	195
144	14	4	14-9-7-1-2-5-4	39	6	234
144	14	4	14-15-10-5-2-1-3-4	39	7	273
144	14	4	14-9-7-1-0-2-5-4	39	7	273
145	14	5	14-15-10-5	36	3	108
145	14	5	14-9-7-6-5	36	4	144
145	14	5	14-9-7-1-2-5	36	5	180
145	14	5	14-9-7-1-0-2-5	36	6	216
145	14	5	14-9-7-1-3-4-5	36	6	216
145	14	5	14-13-12-11-8-7-6-5	36	7	252
146	14	6	14-9-7-6	177	3	531
146	14	6	14-15-10-5-6	177	4	708
146	14	6	14-9-7-1-2-5-6	177	6	1062
146	14	6	14-13-12-11-8-7-6	177	6	1062
146	14	6	14-9-7-1-0-2-5-6	177	7	1239
146	14	6	14-15-10-5-2-1-7-6	177	7	1239
147	14	7	14-9-7	113	2	226
147	14	7	14-15-10-5-6-7	113	5	565
147	14	7	14-13-12-11-8-7	113	5	565
147	14	7	14-15-10-5-2-1-7	113	6	678
147	14	7	14-15-10-5-2-0-1-7	113	7	791
147	14	7	14-15-10-5-4-3-1-7	113	7	791
148	14	8	14-9-7-8	75	3	225
148	14	8	14-13-12-11-8	75	4	300
148	14	8	14-15-10-5-6-7-8	75	6	450
148	14	8	14-15-10-5-2-1-7-8	75	7	525
148	14	8	14-15-10-5-2-0-1-7-8	75	8	600
148	14	8	14-15-10-5-4-3-1-7-8	75	8	600
149	14	9	14-9	181	1	181
149	14	9	14-15-10-5-6-7-9	181	6	1086
149	14	9	14-13-12-11-8-7-9	181	6	1086
149	14	9	14-15-10-5-2-1-7-9	181	7	1267
149	14	9	14-15-10-5-2-0-1-7-9	181	8	1448
149	14	9	14-15-10-5-4-3-1-7-9	181	8	1448
1410	14	10	14-15-10	23	2	46
1410	14	10	14-9-7-6-5-10	23	5	115
1410	14	10	14-9-7-1-2-5-10	23	6	138
1410	14	10	14-9-7-1-0-2-5-10	23	7	161
1410	14	10	14-9-7-1-3-4-5-10	23	7	161
1410	14	10	14-13-12-11-8-7-6-5-10	23	8	184
1411	14	11	14-13-12-11	190	3	570
1411	14	11	14-9-7-8-11	190	4	760
1411	14	11	14-15-10-5-6-7-8-11	190	7	1330
1411	14	11	14-15-17-19-20-18-16-12-11	190	8	1520
1411	14	11	14-15-10-5-2-1-7-8-11	190	8	1520
1411	14	11	14-15-10-5-2-0-1-7-8-11	190	9	1710
1412	14	12	14-13-12	127	2	254
1412	14	12	14-9-7-8-11-12	127	5	635
1412	14	12	14-15-17-19-20-18-16-12	127	7	889
1412	14	12	14-15-10-5-6-7-8-11-12	127	8	1016
1412	14	12	14-15-10-5-2-1-7-8-11-12	127	9	1143
1412	14	12	14-15-10-5-2-0-1-7-8-11-12	127	10	1270
1413	14	13	14-13	159	1	159
1413	14	13	14-9-7-8-11-12-13	159	6	954
1413	14	13	14-15-17-19-20-18-16-12-13	159	8	1272
1413	14	13	14-15-10-5-6-7-8-11-12-13	159	9	1431
1413	14	13	14-15-10-5-2-1-7-8-11-12-13	159	10	1590
1413	14	13	14-15-10-5-2-0-1-7-8-11-12-13	159	11	1749
1415	14	15	14-15	191	1	191
1415	14	15	14-9-7-6-5-10-15	191	6	1146
1415	14	15	14-9-7-1-2-5-10-15	191	7	1337
1415	14	15	14-13-12-16-18-20-19-17-15	191	8	1528
1415	14	15	14-9-7-1-3-4-5-10-15	191	8	1528
1415	14	15	14-9-7-1-0-2-5-10-15	191	8	1528
1416	14	16	14-13-12-16	109	3	327
1416	14	16	14-9-7-8-11-12-16	109	6	654
1416	14	16	14-15-17-19-20-18-16	109	6	654
1416	14	16	14-15-10-5-6-7-8-11-12-16	109	9	981
1416	14	16	14-15-10-5-2-1-7-8-11-12-16	109	10	1090
1416	14	16	14-15-10-5-2-0-1-7-8-11-12-16	109	11	1199
1417	14	17	14-15-17	150	2	300
1417	14	17	14-9-7-6-5-10-15-17	150	7	1050
1417	14	17	14-13-12-16-18-20-19-17	150	7	1050
1417	14	17	14-9-7-1-2-5-10-15-17	150	8	1200
1417	14	17	14-9-7-1-0-2-5-10-15-17	150	9	1350
1417	14	17	14-9-7-1-3-4-5-10-15-17	150	9	1350
1418	14	18	14-13-12-16-18	188	4	752
1418	14	18	14-15-17-19-20-18	188	5	940
1418	14	18	14-9-7-8-11-12-16-18	188	7	1316
1418	14	18	14-15-10-5-6-7-8-11-12-16-18	188	10	1880
1418	14	18	14-9-7-6-5-10-15-17-19-20-18	188	10	1880
1418	14	18	14-15-10-5-2-1-7-8-11-12-16-18	188	11	2068
1419	14	19	14-15-17-19	31	3	93
1419	14	19	14-13-12-16-18-20-19	31	6	186
1419	14	19	14-9-7-6-5-10-15-17-19	31	8	248
1419	14	19	14-9-7-1-2-5-10-15-17-19	31	9	279
1419	14	19	14-9-7-8-11-12-16-18-20-19	31	9	279
1419	14	19	14-9-7-1-0-2-5-10-15-17-19	31	10	310
1420	14	20	14-15-17-19-20	98	4	392
1420	14	20	14-13-12-16-18-20	98	5	490
1420	14	20	14-9-7-8-11-12-16-18-20	98	8	784
1420	14	20	14-9-7-6-5-10-15-17-19-20	98	9	882
1420	14	20	14-9-7-1-2-5-10-15-17-19-20	98	10	980
1420	14	20	14-15-10-5-6-7-8-11-12-16-18-20	98	11	1078
150	15	0	15-10-5-2-0	166	4	664
150	15	0	15-10-5-2-1-0	166	5	830
150	15	0	15-14-9-7-1-0	166	5	830
150	15	0	15-10-5-4-3-1-0	166	6	996
150	15	0	15-14-9-7-1-2-0	166	6	996
150	15	0	15-10-5-6-7-1-0	166	6	996
151	15	1	15-10-5-2-1	147	4	588
151	15	1	15-14-9-7-1	147	4	588
151	15	1	15-10-5-2-0-1	147	5	735
151	15	1	15-10-5-6-7-1	147	5	735
151	15	1	15-10-5-4-3-1	147	5	735
151	15	1	15-14-9-7-6-5-2-1	147	7	1029
152	15	2	15-10-5-2	112	3	336
152	15	2	15-14-9-7-1-2	112	5	560
152	15	2	15-14-9-7-1-0-2	112	6	672
152	15	2	15-14-9-7-6-5-2	112	6	672
152	15	2	15-10-5-6-7-1-2	112	6	672
152	15	2	15-10-5-4-3-1-2	112	6	672
153	15	3	15-10-5-4-3	109	4	436
153	15	3	15-10-5-2-1-3	109	5	545
153	15	3	15-14-9-7-1-3	109	5	545
153	15	3	15-10-5-2-0-1-3	109	6	654
153	15	3	15-10-5-6-7-1-3	109	6	654
153	15	3	15-14-9-7-6-5-4-3	109	7	763
154	15	4	15-10-5-4	36	3	108
154	15	4	15-10-5-2-1-3-4	36	6	216
154	15	4	15-14-9-7-6-5-4	36	6	216
154	15	4	15-14-9-7-1-3-4	36	6	216
154	15	4	15-10-5-2-0-1-3-4	36	7	252
154	15	4	15-14-9-7-1-2-5-4	36	7	252
155	15	5	15-10-5	56	2	112
155	15	5	15-14-9-7-6-5	56	5	280
155	15	5	15-14-9-7-1-2-5	56	6	336
155	15	5	15-14-9-7-1-0-2-5	56	7	392
155	15	5	15-14-9-7-1-3-4-5	56	7	392
155	15	5	15-14-13-12-11-8-7-6-5	56	8	448
156	15	6	15-10-5-6	110	3	330
156	15	6	15-14-9-7-6	110	4	440
156	15	6	15-10-5-2-1-7-6	110	6	660
156	15	6	15-14-9-7-1-2-5-6	110	7	770
156	15	6	15-10-5-4-3-1-7-6	110	7	770
156	15	6	15-14-13-12-11-8-7-6	110	7	770
157	15	7	15-14-9-7	157	3	471
157	15	7	15-10-5-6-7	157	4	628
157	15	7	15-10-5-2-1-7	157	5	785
157	15	7	15-10-5-2-0-1-7	157	6	942
157	15	7	15-14-13-12-11-8-7	157	6	942
157	15	7	15-10-5-4-3-1-7	157	6	942
158	15	8	15-14-9-7-8	150	4	600
158	15	8	15-14-13-12-11-8	150	5	750
158	15	8	15-10-5-6-7-8	150	5	750
158	15	8	15-10-5-2-1-7-8	150	6	900
158	15	8	15-10-5-2-0-1-7-8	150	7	1050
158	15	8	15-10-5-4-3-1-7-8	150	7	1050
159	15	9	15-14-9	171	2	342
159	15	9	15-10-5-6-7-9	171	5	855
159	15	9	15-10-5-2-1-7-9	171	6	1026
159	15	9	15-10-5-2-0-1-7-9	171	7	1197
159	15	9	15-10-5-4-3-1-7-9	171	7	1197
159	15	9	15-14-13-12-11-8-7-9	171	7	1197
1510	15	10	15-10	84	1	84
1510	15	10	15-14-9-7-6-5-10	84	6	504
1510	15	10	15-14-9-7-1-2-5-10	84	7	588
1510	15	10	15-14-9-7-1-0-2-5-10	84	8	672
1510	15	10	15-14-9-7-1-3-4-5-10	84	8	672
1510	15	10	15-14-13-12-11-8-7-6-5-10	84	9	756
1511	15	11	15-14-13-12-11	158	4	632
1511	15	11	15-14-9-7-8-11	158	5	790
1511	15	11	15-10-5-6-7-8-11	158	6	948
1511	15	11	15-17-19-20-18-16-12-11	158	7	1106
1511	15	11	15-10-5-2-1-7-8-11	158	7	1106
1511	15	11	15-10-5-2-0-1-7-8-11	158	8	1264
1512	15	12	15-14-13-12	100	3	300
1512	15	12	15-14-9-7-8-11-12	100	6	600
1512	15	12	15-17-19-20-18-16-12	100	6	600
1512	15	12	15-10-5-6-7-8-11-12	100	7	700
1512	15	12	15-10-5-2-1-7-8-11-12	100	8	800
1512	15	12	15-10-5-6-7-9-14-13-12	100	8	800
1513	15	13	15-14-13	21	2	42
1513	15	13	15-14-9-7-8-11-12-13	21	7	147
1513	15	13	15-10-5-6-7-9-14-13	21	7	147
1513	15	13	15-17-19-20-18-16-12-13	21	7	147
1513	15	13	15-10-5-6-7-8-11-12-13	21	8	168
1513	15	13	15-10-5-2-1-7-9-14-13	21	8	168
1514	15	14	15-14	1	1	1
1514	15	14	15-10-5-6-7-9-14	1	6	6
1514	15	14	15-10-5-2-1-7-9-14	1	7	7
1514	15	14	15-17-19-20-18-16-12-13-14	1	8	8
1514	15	14	15-10-5-4-3-1-7-9-14	1	8	8
1514	15	14	15-10-5-2-0-1-7-9-14	1	8	8
1516	15	16	15-14-13-12-16	49	4	196
1516	15	16	15-17-19-20-18-16	49	5	245
1516	15	16	15-14-9-7-8-11-12-16	49	7	343
1516	15	16	15-10-5-6-7-8-11-12-16	49	8	392
1516	15	16	15-10-5-2-1-7-8-11-12-16	49	9	441
1516	15	16	15-10-5-6-7-9-14-13-12-16	49	9	441
1517	15	17	15-17	54	1	54
1517	15	17	15-14-13-12-16-18-20-19-17	54	8	432
1517	15	17	15-14-9-7-8-11-12-16-18-20-19-17	54	11	594
1517	15	17	15-10-5-6-7-8-11-12-16-18-20-19-17	54	12	648
1517	15	17	15-10-5-2-1-7-8-11-12-16-18-20-19-17	54	13	702
1517	15	17	15-10-5-6-7-9-14-13-12-16-18-20-19-17	54	13	702
1518	15	18	15-17-19-20-18	129	4	516
1518	15	18	15-14-13-12-16-18	129	5	645
1518	15	18	15-14-9-7-8-11-12-16-18	129	8	1032
1518	15	18	15-10-5-6-7-8-11-12-16-18	129	9	1161
1518	15	18	15-10-5-2-1-7-8-11-12-16-18	129	10	1290
1518	15	18	15-10-5-6-7-9-14-13-12-16-18	129	10	1290
1519	15	19	15-17-19	106	2	212
1519	15	19	15-14-13-12-16-18-20-19	106	7	742
1519	15	19	15-14-9-7-8-11-12-16-18-20-19	106	10	1060
1519	15	19	15-10-5-6-7-8-11-12-16-18-20-19	106	11	1166
1519	15	19	15-10-5-2-1-7-8-11-12-16-18-20-19	106	12	1272
1519	15	19	15-10-5-6-7-9-14-13-12-16-18-20-19	106	12	1272
1520	15	20	15-17-19-20	176	3	528
1520	15	20	15-14-13-12-16-18-20	176	6	1056
1520	15	20	15-14-9-7-8-11-12-16-18-20	176	9	1584
1520	15	20	15-10-5-6-7-8-11-12-16-18-20	176	10	1760
1520	15	20	15-10-5-2-1-7-8-11-12-16-18-20	176	11	1936
1520	15	20	15-10-5-6-7-9-14-13-12-16-18-20	176	11	1936
160	16	0	16-12-11-8-7-1-0	179	6	1074
160	16	0	16-12-13-14-9-7-1-0	179	7	1253
160	16	0	16-12-11-8-7-1-2-0	179	7	1253
160	16	0	16-12-13-14-9-7-1-2-0	179	8	1432
160	16	0	16-12-11-8-7-6-5-2-0	179	8	1432
160	16	0	16-12-13-14-15-10-5-2-0	179	8	1432
161	16	1	16-12-11-8-7-1	167	5	835
161	16	1	16-12-13-14-9-7-1	167	6	1002
161	16	1	16-12-11-8-7-6-5-2-1	167	8	1336
161	16	1	16-12-13-14-15-10-5-2-1	167	8	1336
161	16	1	16-12-11-8-7-6-5-2-0-1	167	9	1503
161	16	1	16-18-20-19-17-15-14-9-7-1	167	9	1503
162	16	2	16-12-11-8-7-1-2	28	6	168
162	16	2	16-12-11-8-7-1-0-2	28	7	196
162	16	2	16-12-13-14-15-10-5-2	28	7	196
162	16	2	16-12-11-8-7-6-5-2	28	7	196
162	16	2	16-12-13-14-9-7-1-2	28	7	196
162	16	2	16-12-13-14-9-7-1-0-2	28	8	224
163	16	3	16-12-11-8-7-1-3	127	6	762
163	16	3	16-12-13-14-9-7-1-3	127	7	889
163	16	3	16-12-11-8-7-6-5-4-3	127	8	1016
163	16	3	16-12-13-14-15-10-5-4-3	127	8	1016
163	16	3	16-12-13-14-15-10-5-2-1-3	127	9	1143
163	16	3	16-18-20-19-17-15-10-5-4-3	127	9	1143
164	16	4	16-12-11-8-7-1-3-4	40	7	280
164	16	4	16-12-13-14-15-10-5-4	40	7	280
164	16	4	16-12-11-8-7-6-5-4	40	7	280
164	16	4	16-12-13-14-9-7-1-3-4	40	8	320
164	16	4	16-12-13-14-9-7-6-5-4	40	8	320
164	16	4	16-18-20-19-17-15-10-5-4	40	8	320
165	16	5	16-12-11-8-7-6-5	117	6	702
165	16	5	16-12-13-14-15-10-5	117	6	702
165	16	5	16-12-11-8-7-1-2-5	117	7	819
165	16	5	16-18-20-19-17-15-10-5	117	7	819
165	16	5	16-12-13-14-9-7-6-5	117	7	819
165	16	5	16-12-11-8-7-1-0-2-5	117	8	936
166	16	6	16-12-11-8-7-6	27	5	135
166	16	6	16-12-13-14-9-7-6	27	6	162
166	16	6	16-12-13-14-15-10-5-6	27	7	189
166	16	6	16-12-11-8-7-1-2-5-6	27	8	216
166	16	6	16-18-20-19-17-15-10-5-6	27	8	216
166	16	6	16-12-11-8-7-1-0-2-5-6	27	9	243
167	16	7	16-12-11-8-7	64	4	256
167	16	7	16-12-13-14-9-7	64	5	320
167	16	7	16-12-13-14-15-10-5-6-7	64	8	512
167	16	7	16-18-20-19-17-15-14-9-7	64	8	512
167	16	7	16-12-13-14-15-10-5-2-1-7	64	9	576
167	16	7	16-18-20-19-17-15-10-5-6-7	64	9	576
168	16	8	16-12-11-8	76	3	228
168	16	8	16-12-13-14-9-7-8	76	6	456
168	16	8	16-12-13-14-15-10-5-6-7-8	76	9	684
168	16	8	16-18-20-19-17-15-14-9-7-8	76	9	684
168	16	8	16-18-20-19-17-15-14-13-12-11-8	76	10	760
168	16	8	16-18-20-19-17-15-10-5-6-7-8	76	10	760
169	16	9	16-12-13-14-9	105	4	420
169	16	9	16-12-11-8-7-9	105	5	525
169	16	9	16-18-20-19-17-15-14-9	105	7	735
169	16	9	16-12-13-14-15-10-5-6-7-9	105	9	945
169	16	9	16-12-11-8-7-6-5-10-15-14-9	105	10	1050
169	16	9	16-18-20-19-17-15-10-5-6-7-9	105	10	1050
1610	16	10	16-12-13-14-15-10	3	5	15
1610	16	10	16-18-20-19-17-15-10	3	6	18
1610	16	10	16-12-11-8-7-6-5-10	3	7	21
1610	16	10	16-12-11-8-7-9-14-15-10	3	8	24
1610	16	10	16-12-13-14-9-7-6-5-10	3	8	24
1610	16	10	16-12-11-8-7-1-2-5-10	3	8	24
1611	16	11	16-12-11	70	2	140
1611	16	11	16-12-13-14-9-7-8-11	70	7	490
1611	16	11	16-18-20-19-17-15-14-13-12-11	70	9	630
1611	16	11	16-12-13-14-15-10-5-6-7-8-11	70	10	700
1611	16	11	16-18-20-19-17-15-14-9-7-8-11	70	10	700
1611	16	11	16-12-13-14-15-10-5-2-1-7-8-11	70	11	770
1612	16	12	16-12	154	1	154
1612	16	12	16-18-20-19-17-15-14-13-12	154	8	1232
1612	16	12	16-18-20-19-17-15-14-9-7-8-11-12	154	11	1694
1612	16	12	16-18-20-19-17-15-10-5-6-7-8-11-12	154	12	1848
1612	16	12	16-18-20-19-17-15-10-5-2-1-7-8-11-12	154	13	2002
1612	16	12	16-18-20-19-17-15-10-5-6-7-9-14-13-12	154	13	2002
1613	16	13	16-12-13	155	2	310
1613	16	13	16-18-20-19-17-15-14-13	155	7	1085
1613	16	13	16-12-11-8-7-9-14-13	155	7	1085
1613	16	13	16-12-11-8-7-6-5-10-15-14-13	155	10	1550
1613	16	13	16-12-11-8-7-1-2-5-10-15-14-13	155	11	1705
1613	16	13	16-18-20-19-17-15-14-9-7-8-11-12-13	155	12	1860
1614	16	14	16-12-13-14	122	3	366
1614	16	14	16-18-20-19-17-15-14	122	6	732
1614	16	14	16-12-11-8-7-9-14	122	6	732
1614	16	14	16-12-11-8-7-6-5-10-15-14	122	9	1098
1614	16	14	16-12-11-8-7-1-2-5-10-15-14	122	10	1220
1614	16	14	16-12-11-8-7-1-0-2-5-10-15-14	122	11	1342
1615	16	15	16-12-13-14-15	78	4	312
1615	16	15	16-18-20-19-17-15	78	5	390
1615	16	15	16-12-11-8-7-9-14-15	78	7	546
1615	16	15	16-12-11-8-7-6-5-10-15	78	8	624
1615	16	15	16-12-11-8-7-1-2-5-10-15	78	9	702
1615	16	15	16-12-13-14-9-7-6-5-10-15	78	9	702
1617	16	17	16-18-20-19-17	138	4	552
1617	16	17	16-12-13-14-15-17	138	5	690
1617	16	17	16-12-11-8-7-9-14-15-17	138	8	1104
1617	16	17	16-12-11-8-7-6-5-10-15-17	138	9	1242
1617	16	17	16-12-11-8-7-1-2-5-10-15-17	138	10	1380
1617	16	17	16-12-13-14-9-7-6-5-10-15-17	138	10	1380
1618	16	18	16-18	167	1	167
1618	16	18	16-12-13-14-15-17-19-20-18	167	8	1336
1618	16	18	16-12-11-8-7-9-14-15-17-19-20-18	167	11	1837
1618	16	18	16-12-11-8-7-6-5-10-15-17-19-20-18	167	12	2004
1618	16	18	16-12-11-8-7-1-2-5-10-15-17-19-20-18	167	13	2171
1618	16	18	16-12-13-14-9-7-6-5-10-15-17-19-20-18	167	13	2171
1619	16	19	16-18-20-19	131	3	393
1619	16	19	16-12-13-14-15-17-19	131	6	786
1619	16	19	16-12-11-8-7-9-14-15-17-19	131	9	1179
1619	16	19	16-12-11-8-7-6-5-10-15-17-19	131	10	1310
1619	16	19	16-12-11-8-7-1-2-5-10-15-17-19	131	11	1441
1619	16	19	16-12-13-14-9-7-6-5-10-15-17-19	131	11	1441
1620	16	20	16-18-20	30	2	60
1620	16	20	16-12-13-14-15-17-19-20	30	7	210
1620	16	20	16-12-11-8-7-9-14-15-17-19-20	30	10	300
1620	16	20	16-12-11-8-7-6-5-10-15-17-19-20	30	11	330
1620	16	20	16-12-11-8-7-1-2-5-10-15-17-19-20	30	12	360
1620	16	20	16-12-13-14-9-7-6-5-10-15-17-19-20	30	12	360
170	17	0	17-15-10-5-2-0	88	5	440
170	17	0	17-15-10-5-2-1-0	88	6	528
170	17	0	17-15-14-9-7-1-0	88	6	528
170	17	0	17-15-10-5-4-3-1-0	88	7	616
170	17	0	17-15-14-9-7-1-2-0	88	7	616
170	17	0	17-15-10-5-6-7-1-0	88	7	616
171	17	1	17-15-10-5-2-1	17	5	85
171	17	1	17-15-14-9-7-1	17	5	85
171	17	1	17-15-10-5-2-0-1	17	6	102
171	17	1	17-15-10-5-6-7-1	17	6	102
171	17	1	17-15-10-5-4-3-1	17	6	102
171	17	1	17-15-14-9-7-6-5-2-1	17	8	136
172	17	2	17-15-10-5-2	42	4	168
172	17	2	17-15-14-9-7-1-2	42	6	252
172	17	2	17-15-14-9-7-1-0-2	42	7	294
172	17	2	17-15-14-9-7-6-5-2	42	7	294
172	17	2	17-15-10-5-6-7-1-2	42	7	294
172	17	2	17-15-10-5-4-3-1-2	42	7	294
173	17	3	17-15-10-5-4-3	35	5	175
173	17	3	17-15-10-5-2-1-3	35	6	210
173	17	3	17-15-14-9-7-1-3	35	6	210
173	17	3	17-15-10-5-2-0-1-3	35	7	245
173	17	3	17-15-10-5-6-7-1-3	35	7	245
173	17	3	17-15-14-9-7-6-5-4-3	35	8	280
174	17	4	17-15-10-5-4	154	4	616
174	17	4	17-15-10-5-2-1-3-4	154	7	1078
174	17	4	17-15-14-9-7-6-5-4	154	7	1078
174	17	4	17-15-14-9-7-1-3-4	154	7	1078
174	17	4	17-15-10-5-2-0-1-3-4	154	8	1232
174	17	4	17-15-14-9-7-1-2-5-4	154	8	1232
175	17	5	17-15-10-5	98	3	294
175	17	5	17-15-14-9-7-6-5	98	6	588
175	17	5	17-15-14-9-7-1-2-5	98	7	686
175	17	5	17-15-14-9-7-1-0-2-5	98	8	784
175	17	5	17-15-14-9-7-1-3-4-5	98	8	784
175	17	5	17-15-14-13-12-11-8-7-6-5	98	9	882
176	17	6	17-15-10-5-6	120	4	480
176	17	6	17-15-14-9-7-6	120	5	600
176	17	6	17-15-10-5-2-1-7-6	120	7	840
176	17	6	17-15-14-9-7-1-2-5-6	120	8	960
176	17	6	17-15-10-5-4-3-1-7-6	120	8	960
176	17	6	17-15-14-13-12-11-8-7-6	120	8	960
177	17	7	17-15-14-9-7	162	4	648
177	17	7	17-15-10-5-6-7	162	5	810
177	17	7	17-15-10-5-2-1-7	162	6	972
177	17	7	17-15-10-5-2-0-1-7	162	7	1134
177	17	7	17-15-14-13-12-11-8-7	162	7	1134
177	17	7	17-15-10-5-4-3-1-7	162	7	1134
178	17	8	17-15-14-9-7-8	47	5	235
178	17	8	17-15-14-13-12-11-8	47	6	282
178	17	8	17-15-10-5-6-7-8	47	6	282
178	17	8	17-19-20-18-16-12-11-8	47	7	329
178	17	8	17-15-10-5-2-1-7-8	47	7	329
178	17	8	17-15-10-5-2-0-1-7-8	47	8	376
179	17	9	17-15-14-9	197	3	591
179	17	9	17-15-10-5-6-7-9	197	6	1182
179	17	9	17-15-10-5-2-1-7-9	197	7	1379
179	17	9	17-19-20-18-16-12-13-14-9	197	8	1576
179	17	9	17-15-10-5-4-3-1-7-9	197	8	1576
179	17	9	17-15-14-13-12-11-8-7-9	197	8	1576
1710	17	10	17-15-10	76	2	152
1710	17	10	17-15-14-9-7-6-5-10	76	7	532
1710	17	10	17-15-14-9-7-1-2-5-10	76	8	608
1710	17	10	17-19-20-18-16-12-13-14-15-10	76	9	684
1710	17	10	17-15-14-9-7-1-3-4-5-10	76	9	684
1710	17	10	17-15-14-9-7-1-0-2-5-10	76	9	684
1711	17	11	17-15-14-13-12-11	115	5	575
1711	17	11	17-19-20-18-16-12-11	115	6	690
1711	17	11	17-15-14-9-7-8-11	115	6	690
1711	17	11	17-15-10-5-6-7-8-11	115	7	805
1711	17	11	17-15-10-5-2-1-7-8-11	115	8	920
1711	17	11	17-15-10-5-2-0-1-7-8-11	115	9	1035
1712	17	12	17-15-14-13-12	43	4	172
1712	17	12	17-19-20-18-16-12	43	5	215
1712	17	12	17-15-14-9-7-8-11-12	43	7	301
1712	17	12	17-15-10-5-6-7-8-11-12	43	8	344
1712	17	12	17-15-10-5-2-1-7-8-11-12	43	9	387
1712	17	12	17-15-10-5-6-7-9-14-13-12	43	9	387
1713	17	13	17-15-14-13	48	3	144
1713	17	13	17-19-20-18-16-12-13	48	6	288
1713	17	13	17-15-14-9-7-8-11-12-13	48	8	384
1713	17	13	17-15-10-5-6-7-9-14-13	48	8	384
1713	17	13	17-15-10-5-6-7-8-11-12-13	48	9	432
1713	17	13	17-15-10-5-2-1-7-9-14-13	48	9	432
1714	17	14	17-15-14	30	2	60
1714	17	14	17-19-20-18-16-12-13-14	30	7	210
1714	17	14	17-15-10-5-6-7-9-14	30	7	210
1714	17	14	17-15-10-5-2-1-7-9-14	30	8	240
1714	17	14	17-15-10-5-2-0-1-7-9-14	30	9	270
1714	17	14	17-15-10-5-4-3-1-7-9-14	30	9	270
1715	17	15	17-15	43	1	43
1715	17	15	17-19-20-18-16-12-13-14-15	43	8	344
1715	17	15	17-19-20-18-16-12-11-8-7-9-14-15	43	11	473
1715	17	15	17-19-20-18-16-12-11-8-7-6-5-10-15	43	12	516
1715	17	15	17-19-20-18-16-12-11-8-7-1-2-5-10-15	43	13	559
1715	17	15	17-19-20-18-16-12-13-14-9-7-6-5-10-15	43	13	559
1716	17	16	17-19-20-18-16	81	4	324
1716	17	16	17-15-14-13-12-16	81	5	405
1716	17	16	17-15-14-9-7-8-11-12-16	81	8	648
1716	17	16	17-15-10-5-6-7-8-11-12-16	81	9	729
1716	17	16	17-15-10-5-2-1-7-8-11-12-16	81	10	810
1716	17	16	17-15-10-5-6-7-9-14-13-12-16	81	10	810
1718	17	18	17-19-20-18	167	3	501
1718	17	18	17-15-14-13-12-16-18	167	6	1002
1718	17	18	17-15-14-9-7-8-11-12-16-18	167	9	1503
1718	17	18	17-15-10-5-6-7-8-11-12-16-18	167	10	1670
1718	17	18	17-15-10-5-2-1-7-8-11-12-16-18	167	11	1837
1718	17	18	17-15-10-5-6-7-9-14-13-12-16-18	167	11	1837
1719	17	19	17-19	191	1	191
1719	17	19	17-15-14-13-12-16-18-20-19	191	8	1528
1719	17	19	17-15-14-9-7-8-11-12-16-18-20-19	191	11	2101
1719	17	19	17-15-10-5-6-7-8-11-12-16-18-20-19	191	12	2292
1719	17	19	17-15-10-5-2-1-7-8-11-12-16-18-20-19	191	13	2483
1719	17	19	17-15-10-5-6-7-9-14-13-12-16-18-20-19	191	13	2483
1720	17	20	17-19-20	10	2	20
1720	17	20	17-15-14-13-12-16-18-20	10	7	70
1720	17	20	17-15-14-9-7-8-11-12-16-18-20	10	10	100
1720	17	20	17-15-10-5-6-7-8-11-12-16-18-20	10	11	110
1720	17	20	17-15-10-5-2-1-7-8-11-12-16-18-20	10	12	120
1720	17	20	17-15-10-5-6-7-9-14-13-12-16-18-20	10	12	120
180	18	0	18-16-12-11-8-7-1-0	178	7	1246
180	18	0	18-16-12-13-14-9-7-1-0	178	8	1424
180	18	0	18-20-19-17-15-10-5-2-0	178	8	1424
180	18	0	18-16-12-11-8-7-1-2-0	178	8	1424
180	18	0	18-20-19-17-15-10-5-2-1-0	178	9	1602
180	18	0	18-16-12-11-8-7-6-5-2-0	178	9	1602
181	18	1	18-16-12-11-8-7-1	143	6	858
181	18	1	18-16-12-13-14-9-7-1	143	7	1001
181	18	1	18-20-19-17-15-10-5-2-1	143	8	1144
181	18	1	18-20-19-17-15-14-9-7-1	143	8	1144
181	18	1	18-20-19-17-15-10-5-2-0-1	143	9	1287
181	18	1	18-20-19-17-15-10-5-6-7-1	143	9	1287
182	18	2	18-16-12-11-8-7-1-2	108	7	756
182	18	2	18-20-19-17-15-10-5-2	108	7	756
182	18	2	18-16-12-11-8-7-1-0-2	108	8	864
182	18	2	18-16-12-13-14-15-10-5-2	108	8	864
182	18	2	18-16-12-11-8-7-6-5-2	108	8	864
182	18	2	18-16-12-13-14-9-7-1-2	108	8	864
183	18	3	18-16-12-11-8-7-1-3	114	7	798
183	18	3	18-16-12-13-14-9-7-1-3	114	8	912
183	18	3	18-20-19-17-15-10-5-4-3	114	8	912
183	18	3	18-20-19-17-15-10-5-2-1-3	114	9	1026
183	18	3	18-16-12-13-14-15-10-5-4-3	114	9	1026
183	18	3	18-16-12-11-8-7-6-5-4-3	114	9	1026
184	18	4	18-20-19-17-15-10-5-4	41	7	287
184	18	4	18-16-12-11-8-7-1-3-4	41	8	328
184	18	4	18-16-12-13-14-15-10-5-4	41	8	328
184	18	4	18-16-12-11-8-7-6-5-4	41	8	328
184	18	4	18-16-12-13-14-9-7-1-3-4	41	9	369
184	18	4	18-16-12-13-14-9-7-6-5-4	41	9	369
185	18	5	18-20-19-17-15-10-5	77	6	462
185	18	5	18-16-12-11-8-7-6-5	77	7	539
185	18	5	18-16-12-13-14-15-10-5	77	7	539
185	18	5	18-16-12-11-8-7-1-2-5	77	8	616
185	18	5	18-16-12-13-14-9-7-6-5	77	8	616
185	18	5	18-16-12-11-8-7-1-0-2-5	77	9	693
186	18	6	18-16-12-11-8-7-6	195	6	1170
186	18	6	18-20-19-17-15-10-5-6	195	7	1365
186	18	6	18-16-12-13-14-9-7-6	195	7	1365
186	18	6	18-16-12-13-14-15-10-5-6	195	8	1560
186	18	6	18-20-19-17-15-14-9-7-6	195	8	1560
186	18	6	18-16-12-11-8-7-1-2-5-6	195	9	1755
187	18	7	18-16-12-11-8-7	180	5	900
187	18	7	18-16-12-13-14-9-7	180	6	1080
187	18	7	18-20-19-17-15-14-9-7	180	7	1260
187	18	7	18-20-19-17-15-10-5-6-7	180	8	1440
187	18	7	18-20-19-17-15-10-5-2-1-7	180	9	1620
187	18	7	18-16-12-13-14-15-10-5-6-7	180	9	1620
188	18	8	18-16-12-11-8	94	4	376
188	18	8	18-16-12-13-14-9-7-8	94	7	658
188	18	8	18-20-19-17-15-14-9-7-8	94	8	752
188	18	8	18-20-19-17-15-14-13-12-11-8	94	9	846
188	18	8	18-20-19-17-15-10-5-6-7-8	94	9	846
188	18	8	18-20-19-17-15-10-5-2-1-7-8	94	10	940
189	18	9	18-16-12-13-14-9	23	5	115
189	18	9	18-20-19-17-15-14-9	23	6	138
189	18	9	18-16-12-11-8-7-9	23	6	138
189	18	9	18-20-19-17-15-10-5-6-7-9	23	9	207
189	18	9	18-20-19-17-15-10-5-2-1-7-9	23	10	230
189	18	9	18-16-12-13-14-15-10-5-6-7-9	23	10	230
1810	18	10	18-20-19-17-15-10	94	5	470
1810	18	10	18-16-12-13-14-15-10	94	6	564
1810	18	10	18-16-12-11-8-7-6-5-10	94	8	752
1810	18	10	18-16-12-11-8-7-9-14-15-10	94	9	846
1810	18	10	18-16-12-13-14-9-7-6-5-10	94	9	846
1810	18	10	18-16-12-11-8-7-1-2-5-10	94	9	846
1811	18	11	18-16-12-11	108	3	324
1811	18	11	18-20-19-17-15-14-13-12-11	108	8	864
1811	18	11	18-16-12-13-14-9-7-8-11	108	8	864
1811	18	11	18-20-19-17-15-14-9-7-8-11	108	9	972
1811	18	11	18-20-19-17-15-10-5-6-7-8-11	108	10	1080
1811	18	11	18-20-19-17-15-10-5-2-1-7-8-11	108	11	1188
1812	18	12	18-16-12	162	2	324
1812	18	12	18-20-19-17-15-14-13-12	162	7	1134
1812	18	12	18-20-19-17-15-14-9-7-8-11-12	162	10	1620
1812	18	12	18-20-19-17-15-10-5-6-7-8-11-12	162	11	1782
1812	18	12	18-20-19-17-15-10-5-2-1-7-8-11-12	162	12	1944
1812	18	12	18-20-19-17-15-10-5-6-7-9-14-13-12	162	12	1944
1813	18	13	18-16-12-13	97	3	291
1813	18	13	18-20-19-17-15-14-13	97	6	582
1813	18	13	18-16-12-11-8-7-9-14-13	97	8	776
1813	18	13	18-20-19-17-15-14-9-7-8-11-12-13	97	11	1067
1813	18	13	18-20-19-17-15-10-5-6-7-9-14-13	97	11	1067
1813	18	13	18-16-12-11-8-7-6-5-10-15-14-13	97	11	1067
1814	18	14	18-16-12-13-14	163	4	652
1814	18	14	18-20-19-17-15-14	163	5	815
1814	18	14	18-16-12-11-8-7-9-14	163	7	1141
1814	18	14	18-16-12-11-8-7-6-5-10-15-14	163	10	1630
1814	18	14	18-20-19-17-15-10-5-6-7-9-14	163	10	1630
1814	18	14	18-16-12-11-8-7-1-2-5-10-15-14	163	11	1793
1815	18	15	18-20-19-17-15	134	4	536
1815	18	15	18-16-12-13-14-15	134	5	670
1815	18	15	18-16-12-11-8-7-9-14-15	134	8	1072
1815	18	15	18-16-12-11-8-7-6-5-10-15	134	9	1206
1815	18	15	18-16-12-11-8-7-1-2-5-10-15	134	10	1340
1815	18	15	18-16-12-13-14-9-7-6-5-10-15	134	10	1340
1816	18	16	18-16	199	1	199
1816	18	16	18-20-19-17-15-14-13-12-16	199	8	1592
1816	18	16	18-20-19-17-15-14-9-7-8-11-12-16	199	11	2189
1816	18	16	18-20-19-17-15-10-5-6-7-8-11-12-16	199	12	2388
1816	18	16	18-20-19-17-15-10-5-2-1-7-8-11-12-16	199	13	2587
1816	18	16	18-20-19-17-15-10-5-6-7-9-14-13-12-16	199	13	2587
1817	18	17	18-20-19-17	6	3	18
1817	18	17	18-16-12-13-14-15-17	6	6	36
1817	18	17	18-16-12-11-8-7-9-14-15-17	6	9	54
1817	18	17	18-16-12-11-8-7-6-5-10-15-17	6	10	60
1817	18	17	18-16-12-11-8-7-1-2-5-10-15-17	6	11	66
1817	18	17	18-16-12-13-14-9-7-6-5-10-15-17	6	11	66
1819	18	19	18-20-19	61	2	122
1819	18	19	18-16-12-13-14-15-17-19	61	7	427
1819	18	19	18-16-12-11-8-7-9-14-15-17-19	61	10	610
1819	18	19	18-16-12-11-8-7-6-5-10-15-17-19	61	11	671
1819	18	19	18-16-12-11-8-7-1-2-5-10-15-17-19	61	12	732
1819	18	19	18-16-12-13-14-9-7-6-5-10-15-17-19	61	12	732
1820	18	20	18-20	175	1	175
1820	18	20	18-16-12-13-14-15-17-19-20	175	8	1400
1820	18	20	18-16-12-11-8-7-9-14-15-17-19-20	175	11	1925
1820	18	20	18-16-12-11-8-7-6-5-10-15-17-19-20	175	12	2100
1820	18	20	18-16-12-11-8-7-1-2-5-10-15-17-19-20	175	13	2275
1820	18	20	18-16-12-13-14-9-7-6-5-10-15-17-19-20	175	13	2275
190	19	0	19-17-15-10-5-2-0	174	6	1044
190	19	0	19-17-15-10-5-2-1-0	174	7	1218
190	19	0	19-17-15-14-9-7-1-0	174	7	1218
190	19	0	19-17-15-10-5-4-3-1-0	174	8	1392
190	19	0	19-17-15-14-9-7-1-2-0	174	8	1392
190	19	0	19-17-15-10-5-6-7-1-0	174	8	1392
191	19	1	19-17-15-10-5-2-1	105	6	630
191	19	1	19-17-15-14-9-7-1	105	6	630
191	19	1	19-17-15-10-5-2-0-1	105	7	735
191	19	1	19-17-15-10-5-6-7-1	105	7	735
191	19	1	19-17-15-10-5-4-3-1	105	7	735
191	19	1	19-20-18-16-12-11-8-7-1	105	8	840
192	19	2	19-17-15-10-5-2	28	5	140
192	19	2	19-17-15-14-9-7-1-2	28	7	196
192	19	2	19-17-15-14-9-7-1-0-2	28	8	224
192	19	2	19-17-15-14-9-7-6-5-2	28	8	224
192	19	2	19-17-15-10-5-6-7-1-2	28	8	224
192	19	2	19-17-15-10-5-4-3-1-2	28	8	224
193	19	3	19-17-15-10-5-4-3	82	6	492
193	19	3	19-17-15-10-5-2-1-3	82	7	574
193	19	3	19-17-15-14-9-7-1-3	82	7	574
193	19	3	19-17-15-10-5-2-0-1-3	82	8	656
193	19	3	19-17-15-10-5-6-7-1-3	82	8	656
193	19	3	19-20-18-16-12-11-8-7-1-3	82	9	738
194	19	4	19-17-15-10-5-4	53	5	265
194	19	4	19-17-15-10-5-2-1-3-4	53	8	424
194	19	4	19-17-15-14-9-7-6-5-4	53	8	424
194	19	4	19-17-15-14-9-7-1-3-4	53	8	424
194	19	4	19-17-15-10-5-2-0-1-3-4	53	9	477
194	19	4	19-17-15-14-9-7-1-2-5-4	53	9	477
195	19	5	19-17-15-10-5	36	4	144
195	19	5	19-17-15-14-9-7-6-5	36	7	252
195	19	5	19-17-15-14-9-7-1-2-5	36	8	288
195	19	5	19-17-15-14-9-7-1-0-2-5	36	9	324
195	19	5	19-20-18-16-12-13-14-15-10-5	36	9	324
195	19	5	19-20-18-16-12-11-8-7-6-5	36	9	324
196	19	6	19-17-15-10-5-6	16	5	80
196	19	6	19-17-15-14-9-7-6	16	6	96
196	19	6	19-17-15-10-5-2-1-7-6	16	8	128
196	19	6	19-20-18-16-12-11-8-7-6	16	8	128
196	19	6	19-17-15-14-9-7-1-2-5-6	16	9	144
196	19	6	19-17-15-14-13-12-11-8-7-6	16	9	144
197	19	7	19-17-15-14-9-7	161	5	805
197	19	7	19-17-15-10-5-6-7	161	6	966
197	19	7	19-17-15-10-5-2-1-7	161	7	1127
197	19	7	19-20-18-16-12-11-8-7	161	7	1127
197	19	7	19-17-15-10-5-2-0-1-7	161	8	1288
197	19	7	19-20-18-16-12-13-14-9-7	161	8	1288
198	19	8	19-20-18-16-12-11-8	168	6	1008
198	19	8	19-17-15-14-9-7-8	168	6	1008
198	19	8	19-17-15-14-13-12-11-8	168	7	1176
198	19	8	19-17-15-10-5-6-7-8	168	7	1176
198	19	8	19-17-15-10-5-2-1-7-8	168	8	1344
198	19	8	19-17-15-10-5-2-0-1-7-8	168	9	1512
199	19	9	19-17-15-14-9	73	4	292
199	19	9	19-20-18-16-12-13-14-9	73	7	511
199	19	9	19-17-15-10-5-6-7-9	73	7	511
199	19	9	19-17-15-10-5-2-1-7-9	73	8	584
199	19	9	19-20-18-16-12-11-8-7-9	73	8	584
199	19	9	19-17-15-10-5-2-0-1-7-9	73	9	657
1910	19	10	19-17-15-10	68	3	204
1910	19	10	19-20-18-16-12-13-14-15-10	68	8	544
1910	19	10	19-17-15-14-9-7-6-5-10	68	8	544
1910	19	10	19-17-15-14-9-7-1-2-5-10	68	9	612
1910	19	10	19-17-15-14-9-7-1-0-2-5-10	68	10	680
1910	19	10	19-17-15-14-9-7-1-3-4-5-10	68	10	680
1911	19	11	19-20-18-16-12-11	169	5	845
1911	19	11	19-17-15-14-13-12-11	169	6	1014
1911	19	11	19-17-15-14-9-7-8-11	169	7	1183
1911	19	11	19-17-15-10-5-6-7-8-11	169	8	1352
1911	19	11	19-17-15-10-5-2-1-7-8-11	169	9	1521
1911	19	11	19-17-15-10-5-2-0-1-7-8-11	169	10	1690
1912	19	12	19-20-18-16-12	157	4	628
1912	19	12	19-17-15-14-13-12	157	5	785
1912	19	12	19-17-15-14-9-7-8-11-12	157	8	1256
1912	19	12	19-17-15-10-5-6-7-8-11-12	157	9	1413
1912	19	12	19-17-15-10-5-2-1-7-8-11-12	157	10	1570
1912	19	12	19-17-15-10-5-6-7-9-14-13-12	157	10	1570
1913	19	13	19-17-15-14-13	11	4	44
1913	19	13	19-20-18-16-12-13	11	5	55
1913	19	13	19-17-15-14-9-7-8-11-12-13	11	9	99
1913	19	13	19-17-15-10-5-6-7-9-14-13	11	9	99
1913	19	13	19-17-15-10-5-6-7-8-11-12-13	11	10	110
1913	19	13	19-20-18-16-12-11-8-7-9-14-13	11	10	110
1914	19	14	19-17-15-14	167	3	501
1914	19	14	19-20-18-16-12-13-14	167	6	1002
1914	19	14	19-17-15-10-5-6-7-9-14	167	8	1336
1914	19	14	19-17-15-10-5-2-1-7-9-14	167	9	1503
1914	19	14	19-20-18-16-12-11-8-7-9-14	167	9	1503
1914	19	14	19-17-15-10-5-2-0-1-7-9-14	167	10	1670
1915	19	15	19-17-15	121	2	242
1915	19	15	19-20-18-16-12-13-14-15	121	7	847
1915	19	15	19-20-18-16-12-11-8-7-9-14-15	121	10	1210
1915	19	15	19-20-18-16-12-11-8-7-6-5-10-15	121	11	1331
1915	19	15	19-20-18-16-12-11-8-7-1-2-5-10-15	121	12	1452
1915	19	15	19-20-18-16-12-13-14-9-7-6-5-10-15	121	12	1452
1916	19	16	19-20-18-16	183	3	549
1916	19	16	19-17-15-14-13-12-16	183	6	1098
1916	19	16	19-17-15-14-9-7-8-11-12-16	183	9	1647
1916	19	16	19-17-15-10-5-6-7-8-11-12-16	183	10	1830
1916	19	16	19-17-15-10-5-2-1-7-8-11-12-16	183	11	2013
1916	19	16	19-17-15-10-5-6-7-9-14-13-12-16	183	11	2013
1917	19	17	19-17	47	1	47
1917	19	17	19-20-18-16-12-13-14-15-17	47	8	376
1917	19	17	19-20-18-16-12-11-8-7-9-14-15-17	47	11	517
1917	19	17	19-20-18-16-12-11-8-7-6-5-10-15-17	47	12	564
1917	19	17	19-20-18-16-12-11-8-7-1-2-5-10-15-17	47	13	611
1917	19	17	19-20-18-16-12-13-14-9-7-6-5-10-15-17	47	13	611
1918	19	18	19-20-18	94	2	188
1918	19	18	19-17-15-14-13-12-16-18	94	7	658
1918	19	18	19-17-15-14-9-7-8-11-12-16-18	94	10	940
1918	19	18	19-17-15-10-5-6-7-8-11-12-16-18	94	11	1034
1918	19	18	19-17-15-10-5-2-1-7-8-11-12-16-18	94	12	1128
1918	19	18	19-17-15-10-5-6-7-9-14-13-12-16-18	94	12	1128
1920	19	20	19-20	164	1	164
1920	19	20	19-17-15-14-13-12-16-18-20	164	8	1312
1920	19	20	19-17-15-14-9-7-8-11-12-16-18-20	164	11	1804
1920	19	20	19-17-15-10-5-6-7-8-11-12-16-18-20	164	12	1968
1920	19	20	19-17-15-10-5-2-1-7-8-11-12-16-18-20	164	13	2132
1920	19	20	19-17-15-10-5-6-7-9-14-13-12-16-18-20	164	13	2132
200	20	0	20-19-17-15-10-5-2-0	144	7	1008
200	20	0	20-19-17-15-10-5-2-1-0	144	8	1152
200	20	0	20-18-16-12-11-8-7-1-0	144	8	1152
200	20	0	20-19-17-15-14-9-7-1-0	144	8	1152
200	20	0	20-19-17-15-10-5-4-3-1-0	144	9	1296
200	20	0	20-18-16-12-11-8-7-1-2-0	144	9	1296
201	20	1	20-19-17-15-10-5-2-1	52	7	364
201	20	1	20-19-17-15-14-9-7-1	52	7	364
201	20	1	20-18-16-12-11-8-7-1	52	7	364
201	20	1	20-19-17-15-10-5-2-0-1	52	8	416
201	20	1	20-18-16-12-13-14-9-7-1	52	8	416
201	20	1	20-19-17-15-10-5-6-7-1	52	8	416
202	20	2	20-19-17-15-10-5-2	142	6	852
202	20	2	20-18-16-12-11-8-7-1-2	142	8	1136
202	20	2	20-19-17-15-14-9-7-1-2	142	8	1136
202	20	2	20-18-16-12-11-8-7-1-0-2	142	9	1278
202	20	2	20-19-17-15-14-9-7-6-5-2	142	9	1278
202	20	2	20-18-16-12-13-14-15-10-5-2	142	9	1278
203	20	3	20-19-17-15-10-5-4-3	60	7	420
203	20	3	20-19-17-15-10-5-2-1-3	60	8	480
203	20	3	20-18-16-12-11-8-7-1-3	60	8	480
203	20	3	20-19-17-15-14-9-7-1-3	60	8	480
203	20	3	20-19-17-15-10-5-2-0-1-3	60	9	540
203	20	3	20-19-17-15-10-5-6-7-1-3	60	9	540
204	20	4	20-19-17-15-10-5-4	55	6	330
204	20	4	20-19-17-15-10-5-2-1-3-4	55	9	495
204	20	4	20-19-17-15-14-9-7-6-5-4	55	9	495
204	20	4	20-18-16-12-13-14-15-10-5-4	55	9	495
204	20	4	20-18-16-12-11-8-7-6-5-4	55	9	495
204	20	4	20-18-16-12-11-8-7-1-3-4	55	9	495
205	20	5	20-19-17-15-10-5	94	5	470
205	20	5	20-18-16-12-11-8-7-6-5	94	8	752
205	20	5	20-18-16-12-13-14-15-10-5	94	8	752
205	20	5	20-19-17-15-14-9-7-6-5	94	8	752
205	20	5	20-18-16-12-11-8-7-1-2-5	94	9	846
205	20	5	20-18-16-12-13-14-9-7-6-5	94	9	846
206	20	6	20-19-17-15-10-5-6	51	6	306
206	20	6	20-18-16-12-11-8-7-6	51	7	357
206	20	6	20-19-17-15-14-9-7-6	51	7	357
206	20	6	20-18-16-12-13-14-9-7-6	51	8	408
206	20	6	20-18-16-12-13-14-15-10-5-6	51	9	459
206	20	6	20-19-17-15-10-5-2-1-7-6	51	9	459
207	20	7	20-18-16-12-11-8-7	122	6	732
207	20	7	20-19-17-15-14-9-7	122	6	732
207	20	7	20-19-17-15-10-5-6-7	122	7	854
207	20	7	20-18-16-12-13-14-9-7	122	7	854
207	20	7	20-19-17-15-10-5-2-1-7	122	8	976
207	20	7	20-19-17-15-10-5-2-0-1-7	122	9	1098
208	20	8	20-18-16-12-11-8	186	5	930
208	20	8	20-19-17-15-14-9-7-8	186	7	1302
208	20	8	20-19-17-15-14-13-12-11-8	186	8	1488
208	20	8	20-18-16-12-13-14-9-7-8	186	8	1488
208	20	8	20-19-17-15-10-5-6-7-8	186	8	1488
208	20	8	20-19-17-15-10-5-2-1-7-8	186	9	1674
209	20	9	20-19-17-15-14-9	59	5	295
209	20	9	20-18-16-12-13-14-9	59	6	354
209	20	9	20-18-16-12-11-8-7-9	59	7	413
209	20	9	20-19-17-15-10-5-6-7-9	59	8	472
209	20	9	20-19-17-15-10-5-2-1-7-9	59	9	531
209	20	9	20-19-17-15-10-5-2-0-1-7-9	59	10	590
2010	20	10	20-19-17-15-10	199	4	796
2010	20	10	20-18-16-12-13-14-15-10	199	7	1393
2010	20	10	20-18-16-12-11-8-7-6-5-10	199	9	1791
2010	20	10	20-19-17-15-14-9-7-6-5-10	199	9	1791
2010	20	10	20-18-16-12-11-8-7-9-14-15-10	199	10	1990
2010	20	10	20-19-17-15-14-9-7-1-2-5-10	199	10	1990
2011	20	11	20-18-16-12-11	33	4	132
2011	20	11	20-19-17-15-14-13-12-11	33	7	231
2011	20	11	20-19-17-15-14-9-7-8-11	33	8	264
2011	20	11	20-19-17-15-10-5-6-7-8-11	33	9	297
2011	20	11	20-18-16-12-13-14-9-7-8-11	33	9	297
2011	20	11	20-19-17-15-10-5-2-1-7-8-11	33	10	330
2012	20	12	20-18-16-12	34	3	102
2012	20	12	20-19-17-15-14-13-12	34	6	204
2012	20	12	20-19-17-15-14-9-7-8-11-12	34	9	306
2012	20	12	20-19-17-15-10-5-6-7-8-11-12	34	10	340
2012	20	12	20-19-17-15-10-5-2-1-7-8-11-12	34	11	374
2012	20	12	20-19-17-15-10-5-6-7-9-14-13-12	34	11	374
2013	20	13	20-18-16-12-13	69	4	276
2013	20	13	20-19-17-15-14-13	69	5	345
2013	20	13	20-18-16-12-11-8-7-9-14-13	69	9	621
2013	20	13	20-19-17-15-14-9-7-8-11-12-13	69	10	690
2013	20	13	20-19-17-15-10-5-6-7-9-14-13	69	10	690
2013	20	13	20-19-17-15-10-5-6-7-8-11-12-13	69	11	759
2014	20	14	20-19-17-15-14	157	4	628
2014	20	14	20-18-16-12-13-14	157	5	785
2014	20	14	20-18-16-12-11-8-7-9-14	157	8	1256
2014	20	14	20-19-17-15-10-5-6-7-9-14	157	9	1413
2014	20	14	20-19-17-15-10-5-2-1-7-9-14	157	10	1570
2014	20	14	20-18-16-12-11-8-7-6-5-10-15-14	157	11	1727
2015	20	15	20-19-17-15	93	3	279
2015	20	15	20-18-16-12-13-14-15	93	6	558
2015	20	15	20-18-16-12-11-8-7-9-14-15	93	9	837
2015	20	15	20-18-16-12-11-8-7-6-5-10-15	93	10	930
2015	20	15	20-18-16-12-11-8-7-1-2-5-10-15	93	11	1023
2015	20	15	20-18-16-12-13-14-9-7-6-5-10-15	93	11	1023
2016	20	16	20-18-16	192	2	384
2016	20	16	20-19-17-15-14-13-12-16	192	7	1344
2016	20	16	20-19-17-15-14-9-7-8-11-12-16	192	10	1920
2016	20	16	20-19-17-15-10-5-6-7-8-11-12-16	192	11	2112
2016	20	16	20-19-17-15-10-5-2-1-7-8-11-12-16	192	12	2304
2016	20	16	20-19-17-15-10-5-6-7-9-14-13-12-16	192	12	2304
2017	20	17	20-19-17	104	2	208
2017	20	17	20-18-16-12-13-14-15-17	104	7	728
2017	20	17	20-18-16-12-11-8-7-9-14-15-17	104	10	1040
2017	20	17	20-18-16-12-11-8-7-6-5-10-15-17	104	11	1144
2017	20	17	20-18-16-12-11-8-7-1-2-5-10-15-17	104	12	1248
2017	20	17	20-18-16-12-13-14-9-7-6-5-10-15-17	104	12	1248
2018	20	18	20-18	188	1	188
2018	20	18	20-19-17-15-14-13-12-16-18	188	8	1504
2018	20	18	20-19-17-15-14-9-7-8-11-12-16-18	188	11	2068
2018	20	18	20-19-17-15-10-5-6-7-8-11-12-16-18	188	12	2256
2018	20	18	20-19-17-15-10-5-2-1-7-8-11-12-16-18	188	13	2444
2018	20	18	20-19-17-15-10-5-6-7-9-14-13-12-16-18	188	13	2444
2019	20	19	20-19	96	1	96
2019	20	19	20-18-16-12-13-14-15-17-19	96	8	768
2019	20	19	20-18-16-12-11-8-7-9-14-15-17-19	96	11	1056
2019	20	19	20-18-16-12-11-8-7-6-5-10-15-17-19	96	12	1152
2019	20	19	20-18-16-12-11-8-7-1-2-5-10-15-17-19	96	13	1248
2019	20	19	20-18-16-12-13-14-9-7-6-5-10-15-17-19	96	13	1248
