01	0	1	0-1	50	1	50
02	0	2	0-2	50	1	50
03	0	3	0-1-3	50	2	100
04	0	4	0-1-3-4	50	3	150
05	0	5	0-2-5	50	2	100
06	0	6	0-2-5-6	50	3	150
07	0	7	0-1-7	50	2	100
08	0	8	0-1-7-8	50	3	150
09	0	9	0-1-7-9	50	3	150
010	0	10	0-2-5-10	50	3	150
011	0	11	0-1-7-8-11	50	4	200
012	0	12	0-1-7-8-11-12	50	5	250
013	0	13	0-1-7-9-14-13	50	5	250
014	0	14	0-1-7-9-14	50	4	200
015	0	15	0-2-5-10-15	50	4	200
016	0	16	0-1-7-8-11-12-16	50	6	300
017	0	17	0-2-5-10-15-17	50	5	250
018	0	18	0-1-7-8-11-12-16-18	50	7	350
019	0	19	0-2-5-10-15-17-19	50	6	300
020	0	20	0-2-5-10-15-17-19-20	50	7	350
10	1	0	1-0	50	1	50
12	1	2	1-2	50	1	50
13	1	3	1-3	50	1	50
14	1	4	1-3-4	50	2	100
15	1	5	1-2-5	50	2	100
16	1	6	1-7-6	50	2	100
17	1	7	1-7	50	1	50
18	1	8	1-7-8	50	2	100
19	1	9	1-7-9	50	2	100
110	1	10	1-2-5-10	50	3	150
111	1	11	1-7-8-11	50	3	150
112	1	12	1-7-8-11-12	50	4	200
113	1	13	1-7-9-14-13	50	4	200
114	1	14	1-7-9-14	50	3	150
115	1	15	1-7-9-14-15	50	4	200
116	1	16	1-7-8-11-12-16	50	5	250
117	1	17	1-7-9-14-15-17	50	5	250
118	1	18	1-7-8-11-12-16-18	50	6	300
119	1	19	1-7-9-14-15-17-19	50	6	300
120	1	20	1-7-8-11-12-16-18-20	50	7	350
20	2	0	2-0	50	1	50
21	2	1	2-1	50	1	50
23	2	3	2-1-3	50	2	100
24	2	4	2-5-4	50	2	100
25	2	5	2-5	50	1	50
26	2	6	2-5-6	50	2	100
27	2	7	2-1-7	50	2	100
28	2	8	2-1-7-8	50	3	150
29	2	9	2-1-7-9	50	3	150
210	2	10	2-5-10	50	2	100
211	2	11	2-1-7-8-11	50	4	200
212	2	12	2-1-7-8-11-12	50	5	250
213	2	13	2-5-10-15-14-13	50	5	250
214	2	14	2-5-10-15-14	50	4	200
215	2	15	2-5-10-15	50	3	150
216	2	16	2-1-7-8-11-12-16	50	6	300
217	2	17	2-5-10-15-17	50	4	200
218	2	18	2-1-7-8-11-12-16-18	50	7	350
219	2	19	2-5-10-15-17-19	50	5	250
220	2	20	2-5-10-15-17-19-20	50	6	300
30	3	0	3-1-0	50	2	100
31	3	1	3-1	50	1	50
32	3	2	3-1-2	50	2	100
34	3	4	3-4	50	1	50
35	3	5	3-4-5	50	2	100
36	3	6	3-4-5-6	50	3	150
37	3	7	3-1-7	50	2	100
38	3	8	3-1-7-8	50	3	150
39	3	9	3-1-7-9	50	3	150
310	3	10	3-4-5-10	50	3	150
311	3	11	3-1-7-8-11	50	4	200
312	3	12	3-1-7-8-11-12	50	5	250
313	3	13	3-1-7-9-14-13	50	5	250
314	3	14	3-1-7-9-14	50	4	200
315	3	15	3-4-5-10-15	50	4	200
316	3	16	3-1-7-8-11-12-16	50	6	300
317	3	17	3-4-5-10-15-17	50	5	250
318	3	18	3-1-7-8-11-12-16-18	50	7	350
319	3	19	3-4-5-10-15-17-19	50	6	300
320	3	20	3-4-5-10-15-17-19-20	50	7	350
40	4	0	4-3-1-0	50	3	150
41	4	1	4-3-1	50	2	100
42	4	2	4-5-2	50	2	100
43	4	3	4-3	50	1	50
45	4	5	4-5	50	1	50
46	4	6	4-5-6	50	2	100
47	4	7	4-3-1-7	50	3	150
48	4	8	4-3-1-7-8	50	4	200
49	4	9	4-3-1-7-9	50	4	200
410	4	10	4-5-10	50	2	100
411	4	11	4-3-1-7-8-11	50	5	250
412	4	12	4-3-1-7-8-11-12	50	6	300
413	4	13	4-5-10-15-14-13	50	5	250
414	4	14	4-5-10-15-14	50	4	200
415	4	15	4-5-10-15	50	3	150
416	4	16	4-3-1-7-8-11-12-16	50	7	350
417	4	17	4-5-10-15-17	50	4	200
418	4	18	4-5-10-15-17-19-20-18	50	7	350
419	4	19	4-5-10-15-17-19	50	5	250
420	4	20	4-5-10-15-17-19-20	50	6	300
50	5	0	5-2-0	50	2	100
51	5	1	5-2-1	50	2	100
52	5	2	5-2	50	1	50
53	5	3	5-4-3	50	2	100
54	5	4	5-4	50	1	50
56	5	6	5-6	50	1	50
57	5	7	5-6-7	50	2	100
58	5	8	5-6-7-8	50	3	150
59	5	9	5-6-7-9	50	3	150
510	5	10	5-10	50	1	50
511	5	11	5-6-7-8-11	50	4	200
512	5	12	5-6-7-8-11-12	50	5	250
513	5	13	5-10-15-14-13	50	4	200
514	5	14	5-10-15-14	50	3	150
515	5	15	5-10-15	50	2	100
516	5	16	5-6-7-8-11-12-16	50	6	300
517	5	17	5-10-15-17	50	3	150
518	5	18	5-10-15-17-19-20-18	50	6	300
519	5	19	5-10-15-17-19	50	4	200
520	5	20	5-10-15-17-19-20	50	5	250
60	6	0	6-7-1-0	50	3	150
61	6	1	6-7-1	50	2	100
62	6	2	6-5-2	50	2	100
63	6	3	6-7-1-3	50	3	150
64	6	4	6-5-4	50	2	100
65	6	5	6-5	50	1	50
67	6	7	6-7	50	1	50
68	6	8	6-7-8	50	2	100
69	6	9	6-7-9	50	2	100
610	6	10	6-5-10	50	2	100
611	6	11	6-7-8-11	50	3	150
612	6	12	6-7-8-11-12	50	4	200
613	6	13	6-7-9-14-13	50	4	200
614	6	14	6-7-9-14	50	3	150
615	6	15	6-5-10-15	50	3	150
616	6	16	6-7-8-11-12-16	50	5	250
617	6	17	6-5-10-15-17	50	4	200
618	6	18	6-7-8-11-12-16-18	50	6	300
619	6	19	6-5-10-15-17-19	50	5	250
620	6	20	6-5-10-15-17-19-20	50	6	300
70	7	0	7-1-0	50	2	100
71	7	1	7-1	50	1	50
72	7	2	7-1-2	50	2	100
73	7	3	7-1-3	50	2	100
74	7	4	7-1-3-4	50	3	150
75	7	5	7-6-5	50	2	100
76	7	6	7-6	50	1	50
78	7	8	7-8	50	1	50
79	7	9	7-9	50	1	50
710	7	10	7-6-5-10	50	3	150
711	7	11	7-8-11	50	2	100
712	7	12	7-8-11-12	50	3	150
713	7	13	7-9-14-13	50	3	150
714	7	14	7-9-14	50	2	100
715	7	15	7-9-14-15	50	3	150
716	7	16	7-8-11-12-16	50	4	200
717	7	17	7-9-14-15-17	50	4	200
718	7	18	7-8-11-12-16-18	50	5	250
719	7	19	7-9-14-15-17-19	50	5	250
720	7	20	7-8-11-12-16-18-20	50	6	300
80	8	0	8-7-1-0	50	3	150
81	8	1	8-7-1	50	2	100
82	8	2	8-7-1-2	50	3	150
83	8	3	8-7-1-3	50	3	150
84	8	4	8-7-1-3-4	50	4	200
85	8	5	8-7-6-5	50	3	150
86	8	6	8-7-6	50	2	100
87	8	7	8-7	50	1	50
89	8	9	8-7-9	50	2	100
810	8	10	8-7-6-5-10	50	4	200
811	8	11	8-11	50	1	50
812	8	12	8-11-12	50	2	100
813	8	13	8-11-12-13	50	3	150
814	8	14	8-7-9-14	50	3	150
815	8	15	8-7-9-14-15	50	4	200
816	8	16	8-11-12-16	50	3	150
817	8	17	8-7-9-14-15-17	50	5	250
818	8	18	8-11-12-16-18	50	4	200
819	8	19	8-7-9-14-15-17-19	50	6	300
820	8	20	8-11-12-16-18-20	50	5	250
90	9	0	9-7-1-0	50	3	150
91	9	1	9-7-1	50	2	100
92	9	2	9-7-1-2	50	3	150
93	9	3	9-7-1-3	50	3	150
94	9	4	9-7-1-3-4	50	4	200
95	9	5	9-7-6-5	50	3	150
96	9	6	9-7-6	50	2	100
97	9	7	9-7	50	1	50
98	9	8	9-7-8	50	2	100
910	9	10	9-14-15-10	50	3	150
911	9	11	9-7-8-11	50	3	150
912	9	12	9-14-13-12	50	3	150
913	9	13	9-14-13	50	2	100
914	9	14	9-14	50	1	50
915	9	15	9-14-15	50	2	100
916	9	16	9-14-13-12-16	50	4	200
917	9	17	9-14-15-17	50	3	150
918	9	18	9-14-13-12-16-18	50	5	250
919	9	19	9-14-15-17-19	50	4	200
920	9	20	9-14-15-17-19-20	50	5	250
100	10	0	10-5-2-0	50	3	150
101	10	1	10-5-2-1	50	3	150
102	10	2	10-5-2	50	2	100
103	10	3	10-5-4-3	50	3	150
104	10	4	10-5-4	50	2	100
105	10	5	10-5	50	1	50
106	10	6	10-5-6	50	2	100
107	10	7	10-5-6-7	50	3	150
108	10	8	10-5-6-7-8	50	4	200
109	10	9	10-15-14-9	50	3	150
1011	10	11	10-15-14-13-12-11	50	5	250
1012	10	12	10-15-14-13-12	50	4	200
1013	10	13	10-15-14-13	50	3	150
1014	10	14	10-15-14	50	2	100
1015	10	15	10-15	50	1	50
1016	10	16	10-15-14-13-12-16	50	5	250
1017	10	17	10-15-17	50	2	100
1018	10	18	10-15-17-19-20-18	50	5	250
1019	10	19	10-15-17-19	50	3	150
1020	10	20	10-15-17-19-20	50	4	200
110	11	0	11-8-7-1-0	50	4	200
111	11	1	11-8-7-1	50	3	150
112	11	2	11-8-7-1-2	50	4	200
113	11	3	11-8-7-1-3	50	4	200
114	11	4	11-8-7-1-3-4	50	5	250
115	11	5	11-8-7-6-5	50	4	200
116	11	6	11-8-7-6	50	3	150
117	11	7	11-8-7	50	2	100
118	11	8	11-8	50	1	50
119	11	9	11-8-7-9	50	3	150
1110	11	10	11-12-13-14-15-10	50	5	250
1112	11	12	11-12	50	1	50
1113	11	13	11-12-13	50	2	100
1114	11	14	11-12-13-14	50	3	150
1115	11	15	11-12-13-14-15	50	4	200
1116	11	16	11-12-16	50	2	100
1117	11	17	11-12-13-14-15-17	50	5	250
1118	11	18	11-12-16-18	50	3	150
1119	11	19	11-12-16-18-20-19	50	5	250
1120	11	20	11-12-16-18-20	50	4	200
120	12	0	12-11-8-7-1-0	50	5	250
121	12	1	12-11-8-7-1	50	4	200
122	12	2	12-11-8-7-1-2	50	5	250
123	12	3	12-11-8-7-1-3	50	5	250
124	12	4	12-11-8-7-1-3-4	50	6	300
125	12	5	12-11-8-7-6-5	50	5	250
126	12	6	12-11-8-7-6	50	4	200
127	12	7	12-11-8-7	50	3	150
128	12	8	12-11-8	50	2	100
129	12	9	12-13-14-9	50	3	150
1210	12	10	12-13-14-15-10	50	4	200
1211	12	11	12-11	50	1	50
1213	12	13	12-13	50	1	50
1214	12	14	12-13-14	50	2	100
1215	12	15	12-13-14-15	50	3	150
1216	12	16	12-16	50	1	50
1217	12	17	12-13-14-15-17	50	4	200
1218	12	18	12-16-18	50	2	100
1219	12	19	12-16-18-20-19	50	4	200
1220	12	20	12-16-18-20	50	3	150
130	13	0	13-14-9-7-1-0	50	5	250
131	13	1	13-14-9-7-1	50	4	200
132	13	2	13-14-9-7-1-2	50	5	250
133	13	3	13-14-9-7-1-3	50	5	250
134	13	4	13-14-15-10-5-4	50	5	250
135	13	5	13-14-15-10-5	50	4	200
136	13	6	13-14-9-7-6	50	4	200
137	13	7	13-14-9-7	50	3	150
138	13	8	13-12-11-8	50	3	150
139	13	9	13-14-9	50	2	100
1310	13	10	13-14-15-10	50	3	150
1311	13	11	13-12-11	50	2	100
1312	13	12	13-12	50	1	50
1314	13	14	13-14	50	1	50
1315	13	15	13-14-15	50	2	100
1316	13	16	13-12-16	50	2	100
1317	13	17	13-14-15-17	50	3	150
1318	13	18	13-12-16-18	50	3	150
1319	13	19	13-14-15-17-19	50	4	200
1320	13	20	13-12-16-18-20	50	4	200
140	14	0	14-9-7-1-0	50	4	200
141	14	1	14-9-7-1	50	3	150
142	14	2	14-9-7-1-2	50	4	200
143	14	3	14-9-7-1-3	50	4	200
144	14	4	14-15-10-5-4	50	4	200
145	14	5	14-15-10-5	50	3	150
146	14	6	14-9-7-6	50	3	150
147	14	7	14-9-7	50	2	100
148	14	8	14-9-7-8	50	3	150
149	14	9	14-9	50	1	50
1410	14	10	14-15-10	50	2	100
1411	14	11	14-13-12-11	50	3	150
1412	14	12	14-13-12	50	2	100
1413	14	13	14-13	50	1	50
1415	14	15	14-15	50	1	50
1416	14	16	14-13-12-16	50	3	150
1417	14	17	14-15-17	50	2	100
1418	14	18	14-13-12-16-18	50	4	200
1419	14	19	14-15-17-19	50	3	150
1420	14	20	14-15-17-19-20	50	4	200
150	15	0	15-10-5-2-0	50	4	200
151	15	1	15-10-5-2-1	50	4	200
152	15	2	15-10-5-2	50	3	150
153	15	3	15-10-5-4-3	50	4	200
154	15	4	15-10-5-4	50	3	150
155	15	5	15-10-5	50	2	100
156	15	6	15-10-5-6	50	3	150
157	15	7	15-14-9-7	50	3	150
158	15	8	15-14-9-7-8	50	4	200
159	15	9	15-14-9	50	2	100
1510	15	10	15-10	50	1	50
1511	15	11	15-14-13-12-11	50	4	200
1512	15	12	15-14-13-12	50	3	150
1513	15	13	15-14-13	50	2	100
1514	15	14	15-14	50	1	50
1516	15	16	15-14-13-12-16	50	4	200
1517	15	17	15-17	50	1	50
1518	15	18	15-17-19-20-18	50	4	200
1519	15	19	15-17-19	50	2	100
1520	15	20	15-17-19-20	50	3	150
160	16	0	16-12-11-8-7-1-0	50	6	300
161	16	1	16-12-11-8-7-1	50	5	250
162	16	2	16-12-11-8-7-1-2	50	6	300
163	16	3	16-12-11-8-7-1-3	50	6	300
164	16	4	16-12-11-8-7-1-3-4	50	7	350
165	16	5	16-12-11-8-7-6-5	50	6	300
166	16	6	16-12-11-8-7-6	50	5	250
167	16	7	16-12-11-8-7	50	4	200
168	16	8	16-12-11-8	50	3	150
169	16	9	16-12-13-14-9	50	4	200
1610	16	10	16-12-13-14-15-10	50	5	250
1611	16	11	16-12-11	50	2	100
1612	16	12	16-12	50	1	50
1613	16	13	16-12-13	50	2	100
1614	16	14	16-12-13-14	50	3	150
1615	16	15	16-12-13-14-15	50	4	200
1617	16	17	16-18-20-19-17	50	4	200
1618	16	18	16-18	50	1	50
1619	16	19	16-18-20-19	50	3	150
1620	16	20	16-18-20	50	2	100
170	17	0	17-15-10-5-2-0	50	5	250
171	17	1	17-15-10-5-2-1	50	5	250
172	17	2	17-15-10-5-2	50	4	200
173	17	3	17-15-10-5-4-3	50	5	250
174	17	4	17-15-10-5-4	50	4	200
175	17	5	17-15-10-5	50	3	150
176	17	6	17-15-10-5-6	50	4	200
177	17	7	17-15-14-9-7	50	4	200
178	17	8	17-15-14-9-7-8	50	5	250
179	17	9	17-15-14-9	50	3	150
1710	17	10	17-15-10	50	2	100
1711	17	11	17-15-14-13-12-11	50	5	250
1712	17	12	17-15-14-13-12	50	4	200
1713	17	13	17-15-14-13	50	3	150
1714	17	14	17-15-14	50	2	100
1715	17	15	17-15	50	1	50
1716	17	16	17-19-20-18-16	50	4	200
1718	17	18	17-19-20-18	50	3	150
1719	17	19	17-19	50	1	50
1720	17	20	17-19-20	50	2	100
180	18	0	18-16-12-11-8-7-1-0	50	7	350
181	18	1	18-16-12-11-8-7-1	50	6	300
182	18	2	18-16-12-11-8-7-1-2	50	7	350
183	18	3	18-16-12-11-8-7-1-3	50	7	350
184	18	4	18-20-19-17-15-10-5-4	50	7	350
185	18	5	18-20-19-17-15-10-5	50	6	300
186	18	6	18-16-12-11-8-7-6	50	6	300
187	18	7	18-16-12-11-8-7	50	5	250
188	18	8	18-16-12-11-8	50	4	200
189	18	9	18-16-12-13-14-9	50	5	250
1810	18	10	18-20-19-17-15-10	50	5	250
1811	18	11	18-16-12-11	50	3	150
1812	18	12	18-16-12	50	2	100
1813	18	13	18-16-12-13	50	3	150
1814	18	14	18-16-12-13-14	50	4	200
1815	18	15	18-20-19-17-15	50	4	200
1816	18	16	18-16	50	1	50
1817	18	17	18-20-19-17	50	3	150
1819	18	19	18-20-19	50	2	100
1820	18	20	18-20	50	1	50
190	19	0	19-17-15-10-5-2-0	50	6	300
191	19	1	19-17-15-10-5-2-1	50	6	300
192	19	2	19-17-15-10-5-2	50	5	250
193	19	3	19-17-15-10-5-4-3	50	6	300
194	19	4	19-17-15-10-5-4	50	5	250
195	19	5	19-17-15-10-5	50	4	200
196	19	6	19-17-15-10-5-6	50	5	250
197	19	7	19-17-15-14-9-7	50	5	250
198	19	8	19-20-18-16-12-11-8	50	6	300
199	19	9	19-17-15-14-9	50	4	200
1910	19	10	19-17-15-10	50	3	150
1911	19	11	19-20-18-16-12-11	50	5	250
1912	19	12	19-20-18-16-12	50	4	200
1913	19	13	19-17-15-14-13	50	4	200
1914	19	14	19-17-15-14	50	3	150
1915	19	15	19-17-15	50	2	100
1916	19	16	19-20-18-16	50	3	150
1917	19	17	19-17	50	1	50
1918	19	18	19-20-18	50	2	100
1920	19	20	19-20	50	1	50
200	20	0	20-19-17-15-10-5-2-0	50	7	350
201	20	1	20-19-17-15-10-5-2-1	50	7	350
202	20	2	20-19-17-15-10-5-2	50	6	300
203	20	3	20-19-17-15-10-5-4-3	50	7	350
204	20	4	20-19-17-15-10-5-4	50	6	300
205	20	5	20-19-17-15-10-5	50	5	250
206	20	6	20-19-17-15-10-5-6	50	6	300
207	20	7	20-18-16-12-11-8-7	50	6	300
208	20	8	20-18-16-12-11-8	50	5	250
209	20	9	20-19-17-15-14-9	50	5	250
2010	20	10	20-19-17-15-10	50	4	200
2011	20	11	20-18-16-12-11	50	4	200
2012	20	12	20-18-16-12	50	3	150
2013	20	13	20-18-16-12-13	50	4	200
2014	20	14	20-19-17-15-14	50	4	200
2015	20	15	20-19-17-15	50	3	150
2016	20	16	20-18-16	50	2	100
2017	20	17	20-19-17	50	2	100
2018	20	18	20-18	50	1	50
2019	20	19	20-19	50	1	50