01	0	1	0-1	81	1346	109026
01	0	1	0-2-1	81	2794	226314
01	0	1	0-3-4-6-7-1	81	7177	581337
01	0	1	0-2-5-8-9-7-1	81	8227	666387
01	0	1	0-2-5-4-6-7-1	81	8973	726813
02	0	2	0-2	42	2024	85008
02	0	2	0-1-2	42	2116	88872
02	0	2	0-1-7-9-8-5-2	42	7549	317058
02	0	2	0-3-4-6-7-1-2	42	7947	333774
02	0	2	0-1-7-6-4-5-2	42	8295	348390
03	0	3	0-3	92	3414	314088
03	0	3	0-1-7-6-4-3	92	5109	470028
03	0	3	0-2-1-7-6-4-3	92	6557	603244
03	0	3	0-2-5-4-3	92	6906	635352
03	0	3	0-1-2-5-4-3	92	6998	643816
04	0	4	0-1-7-6-4	40	4261	170440
04	0	4	0-3-4	40	4262	170480
04	0	4	0-2-1-7-6-4	40	5709	228360
04	0	4	0-2-5-4	40	6058	242320
04	0	4	0-1-2-5-4	40	6150	246000
05	0	5	0-2-5	92	4397	404524
05	0	5	0-1-2-5	92	4489	412988
05	0	5	0-1-7-9-8-5	92	5176	476192
05	0	5	0-1-7-6-4-5	92	5922	544824
05	0	5	0-3-4-5	92	5923	544916
06	0	6	0-1-7-6	28	3456	96768
06	0	6	0-2-1-7-6	28	4904	137312
06	0	6	0-3-4-6	28	5067	141876
06	0	6	0-2-5-4-6	28	6863	192164
06	0	6	0-1-2-5-4-6	28	6955	194740
07	0	7	0-1-7	68	2578	175304
07	0	7	0-2-1-7	68	4026	273768
07	0	7	0-3-4-6-7	68	5945	404260
07	0	7	0-2-5-8-9-7	68	6995	475660
07	0	7	0-1-2-5-8-9-7	68	7087	481916
08	0	8	0-1-7-9-8	59	3897	229923
08	0	8	0-2-1-7-9-8	59	5345	315355
08	0	8	0-2-5-8	59	5676	334884
08	0	8	0-1-2-5-8	59	5768	340312
08	0	8	0-1-7-6-4-5-8	59	7201	424859
09	0	9	0-1-7-9	78	3355	261690
09	0	9	0-2-1-7-9	78	4803	374634
09	0	9	0-2-5-8-9	78	6218	485004
09	0	9	0-1-2-5-8-9	78	6310	492180
09	0	9	0-3-4-6-7-9	78	6722	524316
010	0	10	0-1-7-9-11-10	25	4641	116025
010	0	10	0-1-7-9-13-10	25	4654	116350
010	0	10	0-1-7-9-13-12-11-10	25	5999	149975
010	0	10	0-3-10	25	6030	150750
010	0	10	0-2-1-7-9-11-10	25	6089	152225
011	0	11	0-1-7-9-11	37	4346	160802
011	0	11	0-1-7-9-13-10-11	37	4949	183113
011	0	11	0-1-7-9-13-12-11	37	5704	211048
011	0	11	0-2-1-7-9-11	37	5794	214378
011	0	11	0-3-10-11	37	6325	234025
012	0	12	0-1-7-9-13-12	82	4600	377200
012	0	12	0-1-7-9-11-12	82	5450	446900
012	0	12	0-1-7-9-11-10-13-12	82	5717	468794
012	0	12	0-2-1-7-9-13-12	82	6048	495936
012	0	12	0-1-7-9-13-10-11-12	82	6053	496346
013	0	13	0-1-7-9-13	4	4089	16356
013	0	13	0-1-7-9-11-10-13	4	5206	20824
013	0	13	0-2-1-7-9-13	4	5537	22148
013	0	13	0-1-7-9-11-12-13	4	5961	23844
013	0	13	0-3-10-13	4	6595	26380
10	1	0	1-0	52	1346	69992
10	1	0	1-2-0	52	2794	145288
10	1	0	1-7-6-4-3-0	52	7177	373204
10	1	0	1-7-9-8-5-2-0	52	8227	427804
10	1	0	1-7-6-4-5-2-0	52	8973	466596
12	1	2	1-2	4	770	3080
12	1	2	1-0-2	4	3370	13480
12	1	2	1-7-9-8-5-2	4	6203	24812
12	1	2	1-7-6-4-5-2	4	6949	27796
12	1	2	1-7-9-13-12-5-2	4	7912	31648
13	1	3	1-7-6-4-3	25	3763	94075
13	1	3	1-0-3	25	4760	119000
13	1	3	1-2-5-4-3	25	5652	141300
13	1	3	1-7-9-11-10-3	25	5911	147775
13	1	3	1-7-9-13-10-3	25	5924	148100
14	1	4	1-7-6-4	95	2915	276925
14	1	4	1-2-5-4	95	4804	456380
14	1	4	1-7-9-8-5-4	95	5491	521645
14	1	4	1-0-3-4	95	5608	532760
14	1	4	1-7-9-11-10-3-4	95	6759	642105
15	1	5	1-2-5	28	3143	88004
15	1	5	1-7-9-8-5	28	3830	107240
15	1	5	1-7-6-4-5	28	4576	128128
15	1	5	1-7-9-13-12-5	28	5539	155092
15	1	5	1-0-2-5	28	5743	160804
16	1	6	1-7-6	82	2110	173020
16	1	6	1-2-5-4-6	82	5609	459938
16	1	6	1-7-9-8-5-4-6	82	6296	516272
16	1	6	1-0-3-4-6	82	6413	525866
16	1	6	1-2-5-8-9-7-6	82	6619	542758
17	1	7	1-7	75	1232	92400
17	1	7	1-2-5-8-9-7	75	5741	430575
17	1	7	1-2-5-4-6-7	75	6487	486525
17	1	7	1-0-3-4-6-7	75	7291	546825
17	1	7	1-2-5-12-13-9-7	75	7450	558750
18	1	8	1-7-9-8	22	2551	56122
18	1	8	1-2-5-8	22	4422	97284
18	1	8	1-7-6-4-5-8	22	5855	128810
18	1	8	1-7-9-13-12-5-8	22	6818	149996
18	1	8	1-0-2-5-8	22	7022	154484
19	1	9	1-7-9	24	2009	48216
19	1	9	1-2-5-8-9	24	4964	119136
19	1	9	1-7-6-4-5-8-9	24	6397	153528
19	1	9	1-2-5-12-13-9	24	6673	160152
19	1	9	1-2-5-4-6-7-9	24	7264	174336
110	1	10	1-7-9-11-10	77	3295	253715
110	1	10	1-7-9-13-10	77	3308	254716
110	1	10	1-7-9-13-12-11-10	77	4653	358281
110	1	10	1-7-9-11-12-13-10	77	5180	398860
110	1	10	1-2-5-8-9-11-10	77	6250	481250
111	1	11	1-7-9-11	64	3000	192000
111	1	11	1-7-9-13-10-11	64	3603	230592
111	1	11	1-7-9-13-12-11	64	4358	278912
111	1	11	1-2-5-8-9-11	64	5955	381120
111	1	11	1-2-5-12-11	64	6532	418048
112	1	12	1-7-9-13-12	15	3254	48810
112	1	12	1-7-9-11-12	15	4104	61560
112	1	12	1-7-9-11-10-13-12	15	4371	65565
112	1	12	1-7-9-13-10-11-12	15	4707	70605
112	1	12	1-2-5-12	15	5428	81420
113	1	13	1-7-9-13	46	2743	126178
113	1	13	1-7-9-11-10-13	46	3860	177560
113	1	13	1-7-9-11-12-13	46	4615	212290
113	1	13	1-2-5-8-9-13	46	5698	262108
113	1	13	1-2-5-12-13	46	5939	273194
20	2	0	2-0	14	2024	28336
20	2	0	2-1-0	14	2116	29624
20	2	0	2-5-8-9-7-1-0	14	7549	105686
20	2	0	2-1-7-6-4-3-0	14	7947	111258
20	2	0	2-5-4-6-7-1-0	14	8295	116130
21	2	1	2-1	65	770	50050
21	2	1	2-0-1	65	3370	219050
21	2	1	2-5-8-9-7-1	65	6203	403195
21	2	1	2-5-4-6-7-1	65	6949	451685
21	2	1	2-5-12-13-9-7-1	65	7912	514280
23	2	3	2-1-7-6-4-3	51	4533	231183
23	2	3	2-5-4-3	51	4882	248982
23	2	3	2-0-3	51	5438	277338
23	2	3	2-1-0-3	51	5530	282030
23	2	3	2-1-7-9-11-10-3	51	6681	340731
24	2	4	2-1-7-6-4	2	3685	7370
24	2	4	2-5-4	2	4034	8068
24	2	4	2-1-7-9-8-5-4	2	6261	12522
24	2	4	2-0-1-7-6-4	2	6285	12570
24	2	4	2-0-3-4	2	6286	12572
25	2	5	2-5	5	2373	11865
25	2	5	2-1-7-9-8-5	5	4600	23000
25	2	5	2-1-7-6-4-5	5	5346	26730
25	2	5	2-1-7-9-13-12-5	5	6309	31545
25	2	5	2-1-7-9-11-12-5	5	7159	35795
26	2	6	2-1-7-6	98	2880	282240
26	2	6	2-5-4-6	98	4839	474222
26	2	6	2-0-1-7-6	98	5480	537040
26	2	6	2-5-8-9-7-6	98	5849	573202
26	2	6	2-1-7-9-8-5-4-6	98	7066	692468
27	2	7	2-1-7	98	2002	196196
27	2	7	2-0-1-7	98	4602	450996
27	2	7	2-5-8-9-7	98	4971	487158
27	2	7	2-5-4-6-7	98	5717	560266
27	2	7	2-5-12-13-9-7	98	6680	654640
28	2	8	2-1-7-9-8	34	3321	112914
28	2	8	2-5-8	34	3652	124168
28	2	8	2-0-1-7-9-8	34	5921	201314
28	2	8	2-5-12-13-9-8	34	6445	219130
28	2	8	2-1-7-6-4-5-8	34	6625	225250
29	2	9	2-1-7-9	98	2779	272342
29	2	9	2-5-8-9	98	4194	411012
29	2	9	2-0-1-7-9	98	5379	527142
29	2	9	2-5-12-13-9	98	5903	578494
29	2	9	2-5-4-6-7-9	98	6494	636412
210	2	10	2-1-7-9-11-10	2	4065	8130
210	2	10	2-1-7-9-13-10	2	4078	8156
210	2	10	2-1-7-9-13-12-11-10	2	5423	10846
210	2	10	2-5-8-9-11-10	2	5480	10960
210	2	10	2-5-8-9-13-10	2	5493	10986
211	2	11	2-1-7-9-11	85	3770	320450
211	2	11	2-1-7-9-13-10-11	85	4373	371705
211	2	11	2-1-7-9-13-12-11	85	5128	435880
211	2	11	2-5-8-9-11	85	5185	440725
211	2	11	2-5-12-11	85	5762	489770
212	2	12	2-1-7-9-13-12	29	4024	116696
212	2	12	2-5-12	29	4658	135082
212	2	12	2-1-7-9-11-12	29	4874	141346
212	2	12	2-1-7-9-11-10-13-12	29	5141	149089
212	2	12	2-5-8-9-13-12	29	5439	157731
213	2	13	2-1-7-9-13	60	3513	210780
213	2	13	2-1-7-9-11-10-13	60	4630	277800
213	2	13	2-5-8-9-13	60	4928	295680
213	2	13	2-5-12-13	60	5169	310140
213	2	13	2-1-7-9-11-12-13	60	5385	323100
30	3	0	3-0	81	3414	276534
30	3	0	3-4-6-7-1-0	81	5109	413829
30	3	0	3-4-6-7-1-2-0	81	6557	531117
30	3	0	3-4-5-2-0	81	6906	559386
30	3	0	3-4-5-2-1-0	81	6998	566838
31	3	1	3-4-6-7-1	74	3763	278462
31	3	1	3-0-1	74	4760	352240
31	3	1	3-4-5-2-1	74	5652	418248
31	3	1	3-10-11-9-7-1	74	5911	437414
31	3	1	3-10-13-9-7-1	74	5924	438376
32	3	2	3-4-6-7-1-2	41	4533	185853
32	3	2	3-4-5-2	41	4882	200162
32	3	2	3-0-2	41	5438	222958
32	3	2	3-0-1-2	41	5530	226730
32	3	2	3-10-11-9-7-1-2	41	6681	273921
34	3	4	3-4	33	848	27984
34	3	4	3-10-11-9-7-6-4	33	6362	209946
34	3	4	3-10-13-9-7-6-4	33	6375	210375
34	3	4	3-10-11-9-8-5-4	33	7384	243672
34	3	4	3-10-13-9-8-5-4	33	7397	244101
35	3	5	3-4-5	2	2509	5018
35	3	5	3-4-6-7-9-8-5	2	5129	10258
35	3	5	3-10-11-9-8-5	2	5723	11446
35	3	5	3-10-13-9-8-5	2	5736	11472
35	3	5	3-10-13-12-5	2	5977	11954
36	3	6	3-4-6	91	1653	150423
36	3	6	3-10-11-9-7-6	91	5557	505687
36	3	6	3-10-13-9-7-6	91	5570	506870
36	3	6	3-4-5-8-9-7-6	91	5985	544635
36	3	6	3-0-1-7-6	91	6870	625170
37	3	7	3-4-6-7	7	2531	17717
37	3	7	3-10-11-9-7	7	4679	32753
37	3	7	3-10-13-9-7	7	4692	32844
37	3	7	3-4-5-8-9-7	7	5107	35749
37	3	7	3-0-1-7	7	5992	41944
38	3	8	3-4-5-8	47	3788	178036
38	3	8	3-4-6-7-9-8	47	3850	180950
38	3	8	3-10-11-9-8	47	4444	208868
38	3	8	3-10-13-9-8	47	4457	209479
38	3	8	3-10-11-12-13-9-8	47	5802	272694
39	3	9	3-4-6-7-9	91	3308	301028
39	3	9	3-10-11-9	91	3902	355082
39	3	9	3-10-13-9	91	3915	356265
39	3	9	3-4-5-8-9	91	4330	394030
39	3	9	3-10-11-12-13-9	91	5260	478660
310	3	10	3-10	93	2616	243288
310	3	10	3-4-6-7-9-11-10	93	4594	427242
310	3	10	3-4-6-7-9-13-10	93	4607	428451
310	3	10	3-4-5-8-9-11-10	93	5616	522288
310	3	10	3-4-5-8-9-13-10	93	5629	523497
311	3	11	3-10-11	24	2911	69864
311	3	11	3-4-6-7-9-11	24	4299	103176
311	3	11	3-10-13-12-11	24	4796	115104
311	3	11	3-4-6-7-9-13-10-11	24	4902	117648
311	3	11	3-10-13-9-11	24	4906	117744
312	3	12	3-10-13-12	79	3692	291668
312	3	12	3-10-11-12	79	4015	317185
312	3	12	3-4-6-7-9-13-12	79	4553	359687
312	3	12	3-4-5-12	79	4794	378726
312	3	12	3-10-11-9-13-12	79	5147	406613
313	3	13	3-10-13	24	3181	76344
313	3	13	3-4-6-7-9-13	24	4042	97008
313	3	13	3-10-11-12-13	24	4526	108624
313	3	13	3-10-11-9-13	24	4636	111264
313	3	13	3-4-5-8-9-13	24	5064	121536
40	4	0	4-6-7-1-0	49	4261	208789
40	4	0	4-3-0	49	4262	208838
40	4	0	4-6-7-1-2-0	49	5709	279741
40	4	0	4-5-2-0	49	6058	296842
40	4	0	4-5-2-1-0	49	6150	301350
41	4	1	4-6-7-1	55	2915	160325
41	4	1	4-5-2-1	55	4804	264220
41	4	1	4-5-8-9-7-1	55	5491	302005
41	4	1	4-3-0-1	55	5608	308440
41	4	1	4-3-10-11-9-7-1	55	6759	371745
42	4	2	4-6-7-1-2	21	3685	77385
42	4	2	4-5-2	21	4034	84714
42	4	2	4-5-8-9-7-1-2	21	6261	131481
42	4	2	4-6-7-1-0-2	21	6285	131985
42	4	2	4-3-0-2	21	6286	132006
43	4	3	4-3	12	848	10176
43	4	3	4-6-7-9-11-10-3	12	6362	76344
43	4	3	4-6-7-9-13-10-3	12	6375	76500
43	4	3	4-5-8-9-11-10-3	12	7384	88608
43	4	3	4-5-8-9-13-10-3	12	7397	88764
45	4	5	4-5	88	1661	146168
45	4	5	4-6-7-9-8-5	88	4281	376728
45	4	5	4-6-7-9-13-12-5	88	5990	527120
45	4	5	4-6-7-1-2-5	88	6058	533104
45	4	5	4-3-10-11-9-8-5	88	6571	578248
46	4	6	4-6	56	805	45080
46	4	6	4-5-8-9-7-6	56	5137	287672
46	4	6	4-3-10-11-9-7-6	56	6405	358680
46	4	6	4-3-10-13-9-7-6	56	6418	359408
46	4	6	4-5-12-13-9-7-6	56	6846	383376
47	4	7	4-6-7	42	1683	70686
47	4	7	4-5-8-9-7	42	4259	178878
47	4	7	4-3-10-11-9-7	42	5527	232134
47	4	7	4-3-10-13-9-7	42	5540	232680
47	4	7	4-5-12-13-9-7	42	5968	250656
48	4	8	4-5-8	65	2940	191100
48	4	8	4-6-7-9-8	65	3002	195130
48	4	8	4-3-10-11-9-8	65	5292	343980
48	4	8	4-3-10-13-9-8	65	5305	344825
48	4	8	4-5-12-13-9-8	65	5733	372645
49	4	9	4-6-7-9	57	2460	140220
49	4	9	4-5-8-9	57	3482	198474
49	4	9	4-3-10-11-9	57	4750	270750
49	4	9	4-3-10-13-9	57	4763	271491
49	4	9	4-5-12-13-9	57	5191	295887
410	4	10	4-3-10	46	3464	159344
410	4	10	4-6-7-9-11-10	46	3746	172316
410	4	10	4-6-7-9-13-10	46	3759	172914
410	4	10	4-5-8-9-11-10	46	4768	219328
410	4	10	4-5-8-9-13-10	46	4781	219926
411	4	11	4-6-7-9-11	93	3451	320943
411	4	11	4-3-10-11	93	3759	349587
411	4	11	4-6-7-9-13-10-11	93	4054	377022
411	4	11	4-5-8-9-11	93	4473	415989
411	4	11	4-6-7-9-13-12-11	93	4809	447237
412	4	12	4-6-7-9-13-12	54	3705	200070
412	4	12	4-5-12	54	3946	213084
412	4	12	4-3-10-13-12	54	4540	245160
412	4	12	4-6-7-9-11-12	54	4555	245970
412	4	12	4-5-8-9-13-12	54	4727	255258
413	4	13	4-6-7-9-13	12	3194	38328
413	4	13	4-3-10-13	12	4029	48348
413	4	13	4-5-8-9-13	12	4216	50592
413	4	13	4-6-7-9-11-10-13	12	4311	51732
413	4	13	4-5-12-13	12	4457	53484
50	5	0	5-2-0	12	4397	52764
50	5	0	5-2-1-0	12	4489	53868
50	5	0	5-8-9-7-1-0	12	5176	62112
50	5	0	5-4-6-7-1-0	12	5922	71064
50	5	0	5-4-3-0	12	5923	71076
51	5	1	5-2-1	63	3143	198009
51	5	1	5-8-9-7-1	63	3830	241290
51	5	1	5-4-6-7-1	63	4576	288288
51	5	1	5-12-13-9-7-1	63	5539	348957
51	5	1	5-2-0-1	63	5743	361809
52	5	2	5-2	94	2373	223062
52	5	2	5-8-9-7-1-2	94	4600	432400
52	5	2	5-4-6-7-1-2	94	5346	502524
52	5	2	5-12-13-9-7-1-2	94	6309	593046
52	5	2	5-12-11-9-7-1-2	94	7159	672946
53	5	3	5-4-3	35	2509	87815
53	5	3	5-8-9-7-6-4-3	35	5129	179515
53	5	3	5-8-9-11-10-3	35	5723	200305
53	5	3	5-8-9-13-10-3	35	5736	200760
53	5	3	5-12-13-10-3	35	5977	209195
54	5	4	5-4	49	1661	81389
54	5	4	5-8-9-7-6-4	49	4281	209769
54	5	4	5-12-13-9-7-6-4	49	5990	293510
54	5	4	5-2-1-7-6-4	49	6058	296842
54	5	4	5-8-9-11-10-3-4	49	6571	321979
56	5	6	5-4-6	59	2466	145494
56	5	6	5-8-9-7-6	59	3476	205084
56	5	6	5-12-13-9-7-6	59	5185	305915
56	5	6	5-2-1-7-6	59	5253	309927
56	5	6	5-12-11-9-7-6	59	6035	356065
57	5	7	5-8-9-7	5	2598	12990
57	5	7	5-4-6-7	5	3344	16720
57	5	7	5-12-13-9-7	5	4307	21535
57	5	7	5-2-1-7	5	4375	21875
57	5	7	5-12-11-9-7	5	5157	25785
58	5	8	5-8	83	1279	106157
58	5	8	5-12-13-9-8	83	4072	337976
58	5	8	5-4-6-7-9-8	83	4663	387029
58	5	8	5-12-11-9-8	83	4922	408526
58	5	8	5-12-13-10-11-9-8	83	5189	430687
59	5	9	5-8-9	7	1821	12747
59	5	9	5-12-13-9	7	3530	24710
59	5	9	5-4-6-7-9	7	4121	28847
59	5	9	5-12-11-9	7	4380	30660
59	5	9	5-12-13-10-11-9	7	4647	32529
510	5	10	5-8-9-11-10	96	3107	298272
510	5	10	5-8-9-13-10	96	3120	299520
510	5	10	5-12-13-10	96	3361	322656
510	5	10	5-12-11-10	96	3684	353664
510	5	10	5-8-9-13-12-11-10	96	4465	428640
511	5	11	5-8-9-11	93	2812	261516
511	5	11	5-12-11	93	3389	315177
511	5	11	5-8-9-13-10-11	93	3415	317595
511	5	11	5-12-13-10-11	93	3656	340008
511	5	11	5-8-9-13-12-11	93	4170	387810
512	5	12	5-12	10	2285	22850
512	5	12	5-8-9-13-12	10	3066	30660
512	5	12	5-8-9-11-12	10	3916	39160
512	5	12	5-8-9-11-10-13-12	10	4183	41830
512	5	12	5-8-9-13-10-11-12	10	4519	45190
513	5	13	5-8-9-13	75	2555	191625
513	5	13	5-12-13	75	2796	209700
513	5	13	5-8-9-11-10-13	75	3672	275400
513	5	13	5-12-11-10-13	75	4249	318675
513	5	13	5-8-9-11-12-13	75	4427	332025
60	6	0	6-7-1-0	62	3456	214272
60	6	0	6-7-1-2-0	62	4904	304048
60	6	0	6-4-3-0	62	5067	314154
60	6	0	6-4-5-2-0	62	6863	425506
60	6	0	6-4-5-2-1-0	62	6955	431210
61	6	1	6-7-1	65	2110	137150
61	6	1	6-4-5-2-1	65	5609	364585
61	6	1	6-4-5-8-9-7-1	65	6296	409240
61	6	1	6-4-3-0-1	65	6413	416845
61	6	1	6-7-9-8-5-2-1	65	6619	430235
62	6	2	6-7-1-2	40	2880	115200
62	6	2	6-4-5-2	40	4839	193560
62	6	2	6-7-1-0-2	40	5480	219200
62	6	2	6-7-9-8-5-2	40	5849	233960
62	6	2	6-4-5-8-9-7-1-2	40	7066	282640
63	6	3	6-4-3	52	1653	85956
63	6	3	6-7-9-11-10-3	52	5557	288964
63	6	3	6-7-9-13-10-3	52	5570	289640
63	6	3	6-7-9-8-5-4-3	52	5985	311220
63	6	3	6-7-1-0-3	52	6870	357240
64	6	4	6-4	88	805	70840
64	6	4	6-7-9-8-5-4	88	5137	452056
64	6	4	6-7-9-11-10-3-4	88	6405	563640
64	6	4	6-7-9-13-10-3-4	88	6418	564784
64	6	4	6-7-9-13-12-5-4	88	6846	602448
65	6	5	6-4-5	79	2466	194814
65	6	5	6-7-9-8-5	79	3476	274604
65	6	5	6-7-9-13-12-5	79	5185	409615
65	6	5	6-7-1-2-5	79	5253	414987
65	6	5	6-7-9-11-12-5	79	6035	476765
67	6	7	6-7	95	878	83410
67	6	7	6-4-5-8-9-7	95	5064	481080
67	6	7	6-4-3-10-11-9-7	95	6332	601540
67	6	7	6-4-3-10-13-9-7	95	6345	602775
67	6	7	6-4-5-12-13-9-7	95	6773	643435
68	6	8	6-7-9-8	59	2197	129623
68	6	8	6-4-5-8	59	3745	220955
68	6	8	6-4-3-10-11-9-8	59	6097	359723
68	6	8	6-4-3-10-13-9-8	59	6110	360490
68	6	8	6-7-9-13-12-5-8	59	6464	381376
69	6	9	6-7-9	5	1655	8275
69	6	9	6-4-5-8-9	5	4287	21435
69	6	9	6-4-3-10-11-9	5	5555	27775
69	6	9	6-4-3-10-13-9	5	5568	27840
69	6	9	6-4-5-12-13-9	5	5996	29980
610	6	10	6-7-9-11-10	38	2941	111758
610	6	10	6-7-9-13-10	38	2954	112252
610	6	10	6-4-3-10	38	4269	162222
610	6	10	6-7-9-13-12-11-10	38	4299	163362
610	6	10	6-7-9-11-12-13-10	38	4826	183388
611	6	11	6-7-9-11	46	2646	121716
611	6	11	6-7-9-13-10-11	46	3249	149454
611	6	11	6-7-9-13-12-11	46	4004	184184
611	6	11	6-4-3-10-11	46	4564	209944
611	6	11	6-4-5-8-9-11	46	5278	242788
612	6	12	6-7-9-13-12	81	2900	234900
612	6	12	6-7-9-11-12	81	3750	303750
612	6	12	6-7-9-11-10-13-12	81	4017	325377
612	6	12	6-7-9-13-10-11-12	81	4353	352593
612	6	12	6-4-5-12	81	4751	384831
613	6	13	6-7-9-13	9	2389	21501
613	6	13	6-7-9-11-10-13	9	3506	31554
613	6	13	6-7-9-11-12-13	9	4261	38349
613	6	13	6-4-3-10-13	9	4834	43506
613	6	13	6-4-5-8-9-13	9	5021	45189
70	7	0	7-1-0	58	2578	149524
70	7	0	7-1-2-0	58	4026	233508
70	7	0	7-6-4-3-0	58	5945	344810
70	7	0	7-9-8-5-2-0	58	6995	405710
70	7	0	7-9-8-5-2-1-0	58	7087	411046
71	7	1	7-1	71	1232	87472
71	7	1	7-9-8-5-2-1	71	5741	407611
71	7	1	7-6-4-5-2-1	71	6487	460577
71	7	1	7-6-4-3-0-1	71	7291	517661
71	7	1	7-9-13-12-5-2-1	71	7450	528950
72	7	2	7-1-2	19	2002	38038
72	7	2	7-1-0-2	19	4602	87438
72	7	2	7-9-8-5-2	19	4971	94449
72	7	2	7-6-4-5-2	19	5717	108623
72	7	2	7-9-13-12-5-2	19	6680	126920
73	7	3	7-6-4-3	85	2531	215135
73	7	3	7-9-11-10-3	85	4679	397715
73	7	3	7-9-13-10-3	85	4692	398820
73	7	3	7-9-8-5-4-3	85	5107	434095
73	7	3	7-1-0-3	85	5992	509320
74	7	4	7-6-4	93	1683	156519
74	7	4	7-9-8-5-4	93	4259	396087
74	7	4	7-9-11-10-3-4	93	5527	514011
74	7	4	7-9-13-10-3-4	93	5540	515220
74	7	4	7-9-13-12-5-4	93	5968	555024
75	7	5	7-9-8-5	25	2598	64950
75	7	5	7-6-4-5	25	3344	83600
75	7	5	7-9-13-12-5	25	4307	107675
75	7	5	7-1-2-5	25	4375	109375
75	7	5	7-9-11-12-5	25	5157	128925
76	7	6	7-6	48	878	42144
76	7	6	7-9-8-5-4-6	48	5064	243072
76	7	6	7-9-11-10-3-4-6	48	6332	303936
76	7	6	7-9-13-10-3-4-6	48	6345	304560
76	7	6	7-9-13-12-5-4-6	48	6773	325104
78	7	8	7-9-8	37	1319	48803
78	7	8	7-6-4-5-8	37	4623	171051
78	7	8	7-9-13-12-5-8	37	5586	206682
78	7	8	7-1-2-5-8	37	5654	209198
78	7	8	7-9-11-12-5-8	37	6436	238132
79	7	9	7-9	20	777	15540
79	7	9	7-6-4-5-8-9	20	5165	103300
79	7	9	7-1-2-5-8-9	20	6196	123920
79	7	9	7-6-4-3-10-11-9	20	6433	128660
79	7	9	7-6-4-3-10-13-9	20	6446	128920
710	7	10	7-9-11-10	61	2063	125843
710	7	10	7-9-13-10	61	2076	126636
710	7	10	7-9-13-12-11-10	61	3421	208681
710	7	10	7-9-11-12-13-10	61	3948	240828
710	7	10	7-6-4-3-10	61	5147	313967
711	7	11	7-9-11	82	1768	144976
711	7	11	7-9-13-10-11	82	2371	194422
711	7	11	7-9-13-12-11	82	3126	256332
711	7	11	7-6-4-3-10-11	82	5442	446244
711	7	11	7-9-8-5-12-11	82	5987	490934
712	7	12	7-9-13-12	49	2022	99078
712	7	12	7-9-11-12	49	2872	140728
712	7	12	7-9-11-10-13-12	49	3139	153811
712	7	12	7-9-13-10-11-12	49	3475	170275
712	7	12	7-9-8-5-12	49	4883	239267
713	7	13	7-9-13	94	1511	142034
713	7	13	7-9-11-10-13	94	2628	247032
713	7	13	7-9-11-12-13	94	3383	318002
713	7	13	7-9-8-5-12-13	94	5394	507036
713	7	13	7-6-4-3-10-13	94	5712	536928
80	8	0	8-9-7-1-0	89	3897	346833
80	8	0	8-9-7-1-2-0	89	5345	475705
80	8	0	8-5-2-0	89	5676	505164
80	8	0	8-5-2-1-0	89	5768	513352
80	8	0	8-5-4-6-7-1-0	89	7201	640889
81	8	1	8-9-7-1	5	2551	12755
81	8	1	8-5-2-1	5	4422	22110
81	8	1	8-5-4-6-7-1	5	5855	29275
81	8	1	8-5-12-13-9-7-1	5	6818	34090
81	8	1	8-5-2-0-1	5	7022	35110
82	8	2	8-9-7-1-2	94	3321	312174
82	8	2	8-5-2	94	3652	343288
82	8	2	8-9-7-1-0-2	94	5921	556574
82	8	2	8-9-13-12-5-2	94	6445	605830
82	8	2	8-5-4-6-7-1-2	94	6625	622750
83	8	3	8-5-4-3	18	3788	68184
83	8	3	8-9-7-6-4-3	18	3850	69300
83	8	3	8-9-11-10-3	18	4444	79992
83	8	3	8-9-13-10-3	18	4457	80226
83	8	3	8-9-13-12-11-10-3	18	5802	104436
84	8	4	8-5-4	54	2940	158760
84	8	4	8-9-7-6-4	54	3002	162108
84	8	4	8-9-11-10-3-4	54	5292	285768
84	8	4	8-9-13-10-3-4	54	5305	286470
84	8	4	8-9-13-12-5-4	54	5733	309582
85	8	5	8-5	19	1279	24301
85	8	5	8-9-13-12-5	19	4072	77368
85	8	5	8-9-7-6-4-5	19	4663	88597
85	8	5	8-9-11-12-5	19	4922	93518
85	8	5	8-9-11-10-13-12-5	19	5189	98591
86	8	6	8-9-7-6	64	2197	140608
86	8	6	8-5-4-6	64	3745	239680
86	8	6	8-9-11-10-3-4-6	64	6097	390208
86	8	6	8-9-13-10-3-4-6	64	6110	391040
86	8	6	8-5-12-13-9-7-6	64	6464	413696
87	8	7	8-9-7	4	1319	5276
87	8	7	8-5-4-6-7	4	4623	18492
87	8	7	8-5-12-13-9-7	4	5586	22344
87	8	7	8-5-2-1-7	4	5654	22616
87	8	7	8-5-12-11-9-7	4	6436	25744
89	8	9	8-9	56	542	30352
89	8	9	8-5-12-13-9	56	4809	269304
89	8	9	8-5-4-6-7-9	56	5400	302400
89	8	9	8-5-12-11-9	56	5659	316904
89	8	9	8-5-12-13-10-11-9	56	5926	331856
810	8	10	8-9-11-10	84	1828	153552
810	8	10	8-9-13-10	84	1841	154644
810	8	10	8-9-13-12-11-10	84	3186	267624
810	8	10	8-9-11-12-13-10	84	3713	311892
810	8	10	8-5-12-13-10	84	4640	389760
811	8	11	8-9-11	81	1533	124173
811	8	11	8-9-13-10-11	81	2136	173016
811	8	11	8-9-13-12-11	81	2891	234171
811	8	11	8-5-12-11	81	4668	378108
811	8	11	8-5-12-13-10-11	81	4935	399735
812	8	12	8-9-13-12	68	1787	121516
812	8	12	8-9-11-12	68	2637	179316
812	8	12	8-9-11-10-13-12	68	2904	197472
812	8	12	8-9-13-10-11-12	68	3240	220320
812	8	12	8-5-12	68	3564	242352
813	8	13	8-9-13	89	1276	113564
813	8	13	8-9-11-10-13	89	2393	212977
813	8	13	8-9-11-12-13	89	3148	280172
813	8	13	8-5-12-13	89	4075	362675
813	8	13	8-5-12-11-10-13	89	5528	491992
90	9	0	9-7-1-0	11	3355	36905
90	9	0	9-7-1-2-0	11	4803	52833
90	9	0	9-8-5-2-0	11	6218	68398
90	9	0	9-8-5-2-1-0	11	6310	69410
90	9	0	9-7-6-4-3-0	11	6722	73942
91	9	1	9-7-1	93	2009	186837
91	9	1	9-8-5-2-1	93	4964	461652
91	9	1	9-8-5-4-6-7-1	93	6397	594921
91	9	1	9-13-12-5-2-1	93	6673	620589
91	9	1	9-7-6-4-5-2-1	93	7264	675552
92	9	2	9-7-1-2	31	2779	86149
92	9	2	9-8-5-2	31	4194	130014
92	9	2	9-7-1-0-2	31	5379	166749
92	9	2	9-13-12-5-2	31	5903	182993
92	9	2	9-7-6-4-5-2	31	6494	201314
93	9	3	9-7-6-4-3	77	3308	254716
93	9	3	9-11-10-3	77	3902	300454
93	9	3	9-13-10-3	77	3915	301455
93	9	3	9-8-5-4-3	77	4330	333410
93	9	3	9-13-12-11-10-3	77	5260	405020
94	9	4	9-7-6-4	15	2460	36900
94	9	4	9-8-5-4	15	3482	52230
94	9	4	9-11-10-3-4	15	4750	71250
94	9	4	9-13-10-3-4	15	4763	71445
94	9	4	9-13-12-5-4	15	5191	77865
95	9	5	9-8-5	69	1821	125649
95	9	5	9-13-12-5	69	3530	243570
95	9	5	9-7-6-4-5	69	4121	284349
95	9	5	9-11-12-5	69	4380	302220
95	9	5	9-11-10-13-12-5	69	4647	320643
96	9	6	9-7-6	44	1655	72820
96	9	6	9-8-5-4-6	44	4287	188628
96	9	6	9-11-10-3-4-6	44	5555	244420
96	9	6	9-13-10-3-4-6	44	5568	244992
96	9	6	9-13-12-5-4-6	44	5996	263824
97	9	7	9-7	26	777	20202
97	9	7	9-8-5-4-6-7	26	5165	134290
97	9	7	9-8-5-2-1-7	26	6196	161096
97	9	7	9-11-10-3-4-6-7	26	6433	167258
97	9	7	9-13-10-3-4-6-7	26	6446	167596
98	9	8	9-8	55	542	29810
98	9	8	9-13-12-5-8	55	4809	264495
98	9	8	9-7-6-4-5-8	55	5400	297000
98	9	8	9-11-12-5-8	55	5659	311245
98	9	8	9-11-10-13-12-5-8	55	5926	325930
910	9	10	9-11-10	26	1286	33436
910	9	10	9-13-10	26	1299	33774
910	9	10	9-13-12-11-10	26	2644	68744
910	9	10	9-11-12-13-10	26	3171	82446
910	9	10	9-8-5-12-13-10	26	5182	134732
911	9	11	9-11	49	991	48559
911	9	11	9-13-10-11	49	1594	78106
911	9	11	9-13-12-11	49	2349	115101
911	9	11	9-8-5-12-11	49	5210	255290
911	9	11	9-8-5-12-13-10-11	49	5477	268373
912	9	12	9-13-12	62	1245	77190
912	9	12	9-11-12	62	2095	129890
912	9	12	9-11-10-13-12	62	2362	146444
912	9	12	9-13-10-11-12	62	2698	167276
912	9	12	9-8-5-12	62	4106	254572
913	9	13	9-13	67	734	49178
913	9	13	9-11-10-13	67	1851	124017
913	9	13	9-11-12-13	67	2606	174602
913	9	13	9-8-5-12-13	67	4617	309339
913	9	13	9-8-5-12-11-10-13	67	6070	406690
100	10	0	10-11-9-7-1-0	81	4641	375921
100	10	0	10-13-9-7-1-0	81	4654	376974
100	10	0	10-11-12-13-9-7-1-0	81	5999	485919
100	10	0	10-3-0	81	6030	488430
100	10	0	10-11-9-7-1-2-0	81	6089	493209
101	10	1	10-11-9-7-1	27	3295	88965
101	10	1	10-13-9-7-1	27	3308	89316
101	10	1	10-11-12-13-9-7-1	27	4653	125631
101	10	1	10-13-12-11-9-7-1	27	5180	139860
101	10	1	10-11-9-8-5-2-1	27	6250	168750
102	10	2	10-11-9-7-1-2	44	4065	178860
102	10	2	10-13-9-7-1-2	44	4078	179432
102	10	2	10-11-12-13-9-7-1-2	44	5423	238612
102	10	2	10-11-9-8-5-2	44	5480	241120
102	10	2	10-13-9-8-5-2	44	5493	241692
103	10	3	10-3	65	2616	170040
103	10	3	10-11-9-7-6-4-3	65	4594	298610
103	10	3	10-13-9-7-6-4-3	65	4607	299455
103	10	3	10-11-9-8-5-4-3	65	5616	365040
103	10	3	10-13-9-8-5-4-3	65	5629	365885
104	10	4	10-3-4	58	3464	200912
104	10	4	10-11-9-7-6-4	58	3746	217268
104	10	4	10-13-9-7-6-4	58	3759	218022
104	10	4	10-11-9-8-5-4	58	4768	276544
104	10	4	10-13-9-8-5-4	58	4781	277298
105	10	5	10-11-9-8-5	22	3107	68354
105	10	5	10-13-9-8-5	22	3120	68640
105	10	5	10-13-12-5	22	3361	73942
105	10	5	10-11-12-5	22	3684	81048
105	10	5	10-11-12-13-9-8-5	22	4465	98230
106	10	6	10-11-9-7-6	29	2941	85289
106	10	6	10-13-9-7-6	29	2954	85666
106	10	6	10-3-4-6	29	4269	123801
106	10	6	10-11-12-13-9-7-6	29	4299	124671
106	10	6	10-13-12-11-9-7-6	29	4826	139954
107	10	7	10-11-9-7	28	2063	57764
107	10	7	10-13-9-7	28	2076	58128
107	10	7	10-11-12-13-9-7	28	3421	95788
107	10	7	10-13-12-11-9-7	28	3948	110544
107	10	7	10-3-4-6-7	28	5147	144116
108	10	8	10-11-9-8	28	1828	51184
108	10	8	10-13-9-8	28	1841	51548
108	10	8	10-11-12-13-9-8	28	3186	89208
108	10	8	10-13-12-11-9-8	28	3713	103964
108	10	8	10-13-12-5-8	28	4640	129920
109	10	9	10-11-9	9	1286	11574
109	10	9	10-13-9	9	1299	11691
109	10	9	10-11-12-13-9	9	2644	23796
109	10	9	10-13-12-11-9	9	3171	28539
109	10	9	10-13-12-5-8-9	9	5182	46638
1011	10	11	10-11	97	295	28615
1011	10	11	10-13-12-11	97	2180	211460
1011	10	11	10-13-9-11	97	2290	222130
1011	10	11	10-13-12-5-8-9-11	97	6173	598781
1011	10	11	10-13-9-8-5-12-11	97	6509	631373
1012	10	12	10-13-12	68	1076	73168
1012	10	12	10-11-12	68	1399	95132
1012	10	12	10-11-9-13-12	68	2531	172108
1012	10	12	10-13-9-11-12	68	3394	230792
1012	10	12	10-11-9-8-5-12	68	5392	366656
1013	10	13	10-13	72	565	40680
1013	10	13	10-11-12-13	72	1910	137520
1013	10	13	10-11-9-13	72	2020	145440
1013	10	13	10-11-9-8-5-12-13	72	5903	425016
1013	10	13	10-11-12-5-8-9-13	72	6239	449208
110	11	0	11-9-7-1-0	17	4346	73882
110	11	0	11-10-13-9-7-1-0	17	4949	84133
110	11	0	11-12-13-9-7-1-0	17	5704	96968
110	11	0	11-9-7-1-2-0	17	5794	98498
110	11	0	11-10-3-0	17	6325	107525
111	11	1	11-9-7-1	36	3000	108000
111	11	1	11-10-13-9-7-1	36	3603	129708
111	11	1	11-12-13-9-7-1	36	4358	156888
111	11	1	11-9-8-5-2-1	36	5955	214380
111	11	1	11-12-5-2-1	36	6532	235152
112	11	2	11-9-7-1-2	58	3770	218660
112	11	2	11-10-13-9-7-1-2	58	4373	253634
112	11	2	11-12-13-9-7-1-2	58	5128	297424
112	11	2	11-9-8-5-2	58	5185	300730
112	11	2	11-12-5-2	58	5762	334196
113	11	3	11-10-3	54	2911	157194
113	11	3	11-9-7-6-4-3	54	4299	232146
113	11	3	11-12-13-10-3	54	4796	258984
113	11	3	11-10-13-9-7-6-4-3	54	4902	264708
113	11	3	11-9-13-10-3	54	4906	264924
114	11	4	11-9-7-6-4	29	3451	100079
114	11	4	11-10-3-4	29	3759	109011
114	11	4	11-10-13-9-7-6-4	29	4054	117566
114	11	4	11-9-8-5-4	29	4473	129717
114	11	4	11-12-13-9-7-6-4	29	4809	139461
115	11	5	11-9-8-5	37	2812	104044
115	11	5	11-12-5	37	3389	125393
115	11	5	11-10-13-9-8-5	37	3415	126355
115	11	5	11-10-13-12-5	37	3656	135272
115	11	5	11-12-13-9-8-5	37	4170	154290
116	11	6	11-9-7-6	27	2646	71442
116	11	6	11-10-13-9-7-6	27	3249	87723
116	11	6	11-12-13-9-7-6	27	4004	108108
116	11	6	11-10-3-4-6	27	4564	123228
116	11	6	11-9-8-5-4-6	27	5278	142506
117	11	7	11-9-7	1	1768	1768
117	11	7	11-10-13-9-7	1	2371	2371
117	11	7	11-12-13-9-7	1	3126	3126
117	11	7	11-10-3-4-6-7	1	5442	5442
117	11	7	11-12-5-8-9-7	1	5987	5987
118	11	8	11-9-8	80	1533	122640
118	11	8	11-10-13-9-8	80	2136	170880
118	11	8	11-12-13-9-8	80	2891	231280
118	11	8	11-12-5-8	80	4668	373440
118	11	8	11-10-13-12-5-8	80	4935	394800
119	11	9	11-9	91	991	90181
119	11	9	11-10-13-9	91	1594	145054
119	11	9	11-12-13-9	91	2349	213759
119	11	9	11-12-5-8-9	91	5210	474110
119	11	9	11-10-13-12-5-8-9	91	5477	498407
1110	11	10	11-10	49	295	14455
1110	11	10	11-12-13-10	49	2180	106820
1110	11	10	11-9-13-10	49	2290	112210
1110	11	10	11-9-8-5-12-13-10	49	6173	302477
1110	11	10	11-12-5-8-9-13-10	49	6509	318941
1112	11	12	11-12	55	1104	60720
1112	11	12	11-10-13-12	55	1371	75405
1112	11	12	11-9-13-12	55	2236	122980
1112	11	12	11-9-8-5-12	55	5097	280335
1112	11	12	11-10-13-9-8-5-12	55	5700	313500
1113	11	13	11-10-13	65	860	55900
1113	11	13	11-12-13	65	1615	104975
1113	11	13	11-9-13	65	1725	112125
1113	11	13	11-9-8-5-12-13	65	5608	364520
1113	11	13	11-12-5-8-9-13	65	5944	386360
120	12	0	12-13-9-7-1-0	37	4600	170200
120	12	0	12-11-9-7-1-0	37	5450	201650
120	12	0	12-13-10-11-9-7-1-0	37	5717	211529
120	12	0	12-13-9-7-1-2-0	37	6048	223776
120	12	0	12-11-10-13-9-7-1-0	37	6053	223961
121	12	1	12-13-9-7-1	1	3254	3254
121	12	1	12-11-9-7-1	1	4104	4104
121	12	1	12-13-10-11-9-7-1	1	4371	4371
121	12	1	12-11-10-13-9-7-1	1	4707	4707
121	12	1	12-5-2-1	1	5428	5428
122	12	2	12-13-9-7-1-2	82	4024	329968
122	12	2	12-5-2	82	4658	381956
122	12	2	12-11-9-7-1-2	82	4874	399668
122	12	2	12-13-10-11-9-7-1-2	82	5141	421562
122	12	2	12-13-9-8-5-2	82	5439	445998
123	12	3	12-13-10-3	66	3692	243672
123	12	3	12-11-10-3	66	4015	264990
123	12	3	12-13-9-7-6-4-3	66	4553	300498
123	12	3	12-5-4-3	66	4794	316404
123	12	3	12-13-9-11-10-3	66	5147	339702
124	12	4	12-13-9-7-6-4	78	3705	288990
124	12	4	12-5-4	78	3946	307788
124	12	4	12-13-10-3-4	78	4540	354120
124	12	4	12-11-9-7-6-4	78	4555	355290
124	12	4	12-13-9-8-5-4	78	4727	368706
125	12	5	12-5	91	2285	207935
125	12	5	12-13-9-8-5	91	3066	279006
125	12	5	12-11-9-8-5	91	3916	356356
125	12	5	12-13-10-11-9-8-5	91	4183	380653
125	12	5	12-11-10-13-9-8-5	91	4519	411229
126	12	6	12-13-9-7-6	35	2900	101500
126	12	6	12-11-9-7-6	35	3750	131250
126	12	6	12-13-10-11-9-7-6	35	4017	140595
126	12	6	12-11-10-13-9-7-6	35	4353	152355
126	12	6	12-5-4-6	35	4751	166285
127	12	7	12-13-9-7	43	2022	86946
127	12	7	12-11-9-7	43	2872	123496
127	12	7	12-13-10-11-9-7	43	3139	134977
127	12	7	12-11-10-13-9-7	43	3475	149425
127	12	7	12-5-8-9-7	43	4883	209969
128	12	8	12-13-9-8	45	1787	80415
128	12	8	12-11-9-8	45	2637	118665
128	12	8	12-13-10-11-9-8	45	2904	130680
128	12	8	12-11-10-13-9-8	45	3240	145800
128	12	8	12-5-8	45	3564	160380
129	12	9	12-13-9	59	1245	73455
129	12	9	12-11-9	59	2095	123605
129	12	9	12-13-10-11-9	59	2362	139358
129	12	9	12-11-10-13-9	59	2698	159182
129	12	9	12-5-8-9	59	4106	242254
1210	12	10	12-13-10	46	1076	49496
1210	12	10	12-11-10	46	1399	64354
1210	12	10	12-13-9-11-10	46	2531	116426
1210	12	10	12-11-9-13-10	46	3394	156124
1210	12	10	12-5-8-9-11-10	46	5392	248032
1211	12	11	12-11	86	1104	94944
1211	12	11	12-13-10-11	86	1371	117906
1211	12	11	12-13-9-11	86	2236	192296
1211	12	11	12-5-8-9-11	86	5097	438342
1211	12	11	12-5-8-9-13-10-11	86	5700	490200
1213	12	13	12-13	52	511	26572
1213	12	13	12-11-10-13	52	1964	102128
1213	12	13	12-11-9-13	52	2829	147108
1213	12	13	12-5-8-9-13	52	4840	251680
1213	12	13	12-5-8-9-11-10-13	52	5957	309764
130	13	0	13-9-7-1-0	81	4089	331209
130	13	0	13-10-11-9-7-1-0	81	5206	421686
130	13	0	13-9-7-1-2-0	81	5537	448497
130	13	0	13-12-11-9-7-1-0	81	5961	482841
130	13	0	13-10-3-0	81	6595	534195
131	13	1	13-9-7-1	43	2743	117949
131	13	1	13-10-11-9-7-1	43	3860	165980
131	13	1	13-12-11-9-7-1	43	4615	198445
131	13	1	13-9-8-5-2-1	43	5698	245014
131	13	1	13-12-5-2-1	43	5939	255377
132	13	2	13-9-7-1-2	58	3513	203754
132	13	2	13-10-11-9-7-1-2	58	4630	268540
132	13	2	13-9-8-5-2	58	4928	285824
132	13	2	13-12-5-2	58	5169	299802
132	13	2	13-12-11-9-7-1-2	58	5385	312330
133	13	3	13-10-3	16	3181	50896
133	13	3	13-9-7-6-4-3	16	4042	64672
133	13	3	13-12-11-10-3	16	4526	72416
133	13	3	13-9-11-10-3	16	4636	74176
133	13	3	13-9-8-5-4-3	16	5064	81024
134	13	4	13-9-7-6-4	98	3194	313012
134	13	4	13-10-3-4	98	4029	394842
134	13	4	13-9-8-5-4	98	4216	413168
134	13	4	13-10-11-9-7-6-4	98	4311	422478
134	13	4	13-12-5-4	98	4457	436786
135	13	5	13-9-8-5	11	2555	28105
135	13	5	13-12-5	11	2796	30756
135	13	5	13-10-11-9-8-5	11	3672	40392
135	13	5	13-10-11-12-5	11	4249	46739
135	13	5	13-12-11-9-8-5	11	4427	48697
136	13	6	13-9-7-6	44	2389	105116
136	13	6	13-10-11-9-7-6	44	3506	154264
136	13	6	13-12-11-9-7-6	44	4261	187484
136	13	6	13-10-3-4-6	44	4834	212696
136	13	6	13-9-8-5-4-6	44	5021	220924
137	13	7	13-9-7	19	1511	28709
137	13	7	13-10-11-9-7	19	2628	49932
137	13	7	13-12-11-9-7	19	3383	64277
137	13	7	13-12-5-8-9-7	19	5394	102486
137	13	7	13-10-3-4-6-7	19	5712	108528
138	13	8	13-9-8	68	1276	86768
138	13	8	13-10-11-9-8	68	2393	162724
138	13	8	13-12-11-9-8	68	3148	214064
138	13	8	13-12-5-8	68	4075	277100
138	13	8	13-10-11-12-5-8	68	5528	375904
139	13	9	13-9	50	734	36700
139	13	9	13-10-11-9	50	1851	92550
139	13	9	13-12-11-9	50	2606	130300
139	13	9	13-12-5-8-9	50	4617	230850
139	13	9	13-10-11-12-5-8-9	50	6070	303500
1310	13	10	13-10	62	565	35030
1310	13	10	13-12-11-10	62	1910	118420
1310	13	10	13-9-11-10	62	2020	125240
1310	13	10	13-12-5-8-9-11-10	62	5903	365986
1310	13	10	13-9-8-5-12-11-10	62	6239	386818
1311	13	11	13-10-11	64	860	55040
1311	13	11	13-12-11	64	1615	103360
1311	13	11	13-9-11	64	1725	110400
1311	13	11	13-12-5-8-9-11	64	5608	358912
1311	13	11	13-9-8-5-12-11	64	5944	380416
1312	13	12	13-12	31	511	15841
1312	13	12	13-10-11-12	31	1964	60884
1312	13	12	13-9-11-12	31	2829	87699
1312	13	12	13-9-8-5-12	31	4840	150040
1312	13	12	13-10-11-9-8-5-12	31	5957	184667