01	0	1	0-1	100	1	100
01	0	1	0-2-1	100	2	200
01	0	1	0-2-5-4-3-1	100	5	500
01	0	1	0-2-5-6-7-1	100	5	500
01	0	1	0-2-5-10-15-14-9-7-1	100	8	800
02	0	2	0-2	100	1	100
02	0	2	0-1-2	100	2	200
02	0	2	0-1-3-4-5-2	100	5	500
02	0	2	0-1-7-6-5-2	100	5	500
02	0	2	0-1-7-9-14-15-10-5-2	100	8	800
03	0	3	0-1-3	100	2	200
03	0	3	0-2-1-3	100	3	300
03	0	3	0-2-5-4-3	100	4	400
03	0	3	0-1-2-5-4-3	100	5	500
03	0	3	0-2-5-6-7-1-3	100	6	600
04	0	4	0-1-3-4	100	3	300
04	0	4	0-2-5-4	100	3	300
04	0	4	0-2-1-3-4	100	4	400
04	0	4	0-1-2-5-4	100	4	400
04	0	4	0-1-7-6-5-4	100	5	500
05	0	5	0-2-5	100	2	200
05	0	5	0-1-2-5	100	3	300
05	0	5	0-1-3-4-5	100	4	400
05	0	5	0-1-7-6-5	100	4	400
05	0	5	0-2-1-3-4-5	100	5	500
06	0	6	0-2-5-6	100	3	300
06	0	6	0-1-7-6	100	3	300
06	0	6	0-1-2-5-6	100	4	400
06	0	6	0-2-1-7-6	100	4	400
06	0	6	0-1-3-4-5-6	100	5	500
07	0	7	0-1-7	100	2	200
07	0	7	0-2-1-7	100	3	300
07	0	7	0-2-5-6-7	100	4	400
07	0	7	0-1-2-5-6-7	100	5	500
07	0	7	0-2-5-4-3-1-7	100	6	600
08	0	8	0-1-7-8	100	3	300
08	0	8	0-2-1-7-8	100	4	400
08	0	8	0-2-5-6-7-8	100	5	500
08	0	8	0-1-2-5-6-7-8	100	6	600
08	0	8	0-2-5-4-3-1-7-8	100	7	700
09	0	9	0-1-7-9	100	3	300
09	0	9	0-2-1-7-9	100	4	400
09	0	9	0-2-5-6-7-9	100	5	500
09	0	9	0-2-5-10-15-14-9	100	6	600
09	0	9	0-1-2-5-6-7-9	100	6	600
010	0	10	0-2-5-10	100	3	300
010	0	10	0-1-2-5-10	100	4	400
010	0	10	0-1-3-4-5-10	100	5	500
010	0	10	0-1-7-6-5-10	100	5	500
010	0	10	0-1-7-9-14-15-10	100	6	600
011	0	11	0-1-7-8-11	100	4	400
011	0	11	0-2-1-7-8-11	100	5	500
011	0	11	0-2-5-6-7-8-11	100	6	600
011	0	11	0-1-7-9-14-13-12-11	100	7	700
011	0	11	0-1-2-5-6-7-8-11	100	7	700
012	0	12	0-1-7-8-11-12	100	5	500
012	0	12	0-2-1-7-8-11-12	100	6	600
012	0	12	0-1-7-9-14-13-12	100	6	600
012	0	12	0-2-5-6-7-8-11-12	100	7	700
012	0	12	0-2-1-7-9-14-13-12	100	7	700
013	0	13	0-1-7-9-14-13	100	5	500
013	0	13	0-1-7-8-11-12-13	100	6	600
013	0	13	0-2-1-7-9-14-13	100	6	600
013	0	13	0-2-5-10-15-14-13	100	6	600
013	0	13	0-2-1-7-8-11-12-13	100	7	700
014	0	14	0-1-7-9-14	100	4	400
014	0	14	0-2-5-10-15-14	100	5	500
014	0	14	0-2-1-7-9-14	100	5	500
014	0	14	0-1-2-5-10-15-14	100	6	600
014	0	14	0-2-5-6-7-9-14	100	6	600
015	0	15	0-2-5-10-15	100	4	400
015	0	15	0-1-7-9-14-15	100	5	500
015	0	15	0-1-2-5-10-15	100	5	500
015	0	15	0-2-1-7-9-14-15	100	6	600
015	0	15	0-1-7-6-5-10-15	100	6	600
016	0	16	0-1-7-8-11-12-16	100	6	600
016	0	16	0-2-1-7-8-11-12-16	100	7	700
016	0	16	0-1-7-9-14-13-12-16	100	7	700
016	0	16	0-2-5-6-7-8-11-12-16	100	8	800
016	0	16	0-2-5-10-15-14-13-12-16	100	8	800
017	0	17	0-2-5-10-15-17	100	5	500
017	0	17	0-1-7-9-14-15-17	100	6	600
017	0	17	0-1-2-5-10-15-17	100	6	600
017	0	17	0-2-1-7-9-14-15-17	100	7	700
017	0	17	0-1-7-6-5-10-15-17	100	7	700
018	0	18	0-1-7-8-11-12-16-18	100	7	700
018	0	18	0-2-1-7-8-11-12-16-18	100	8	800
018	0	18	0-2-5-10-15-17-19-20-18	100	8	800
018	0	18	0-1-7-9-14-13-12-16-18	100	8	800
018	0	18	0-2-5-6-7-8-11-12-16-18	100	9	900
019	0	19	0-2-5-10-15-17-19	100	6	600
019	0	19	0-1-7-9-14-15-17-19	100	7	700
019	0	19	0-1-2-5-10-15-17-19	100	7	700
019	0	19	0-2-1-7-9-14-15-17-19	100	8	800
019	0	19	0-1-7-6-5-10-15-17-19	100	8	800
020	0	20	0-2-5-10-15-17-19-20	100	7	700
020	0	20	0-1-7-8-11-12-16-18-20	100	8	800
020	0	20	0-1-2-5-10-15-17-19-20	100	8	800
020	0	20	0-1-7-9-14-15-17-19-20	100	8	800
020	0	20	0-2-1-7-8-11-12-16-18-20	100	9	900
10	1	0	1-0	100	1	100
10	1	0	1-2-0	100	2	200
10	1	0	1-3-4-5-2-0	100	5	500
10	1	0	1-7-6-5-2-0	100	5	500
10	1	0	1-7-9-14-15-10-5-2-0	100	8	800
12	1	2	1-2	100	1	100
12	1	2	1-0-2	100	2	200
12	1	2	1-3-4-5-2	100	4	400
12	1	2	1-7-6-5-2	100	4	400
12	1	2	1-7-9-14-15-10-5-2	100	7	700
13	1	3	1-3	100	1	100
13	1	3	1-2-5-4-3	100	4	400
13	1	3	1-0-2-5-4-3	100	5	500
13	1	3	1-7-6-5-4-3	100	5	500
13	1	3	1-7-9-14-15-10-5-4-3	100	8	800
14	1	4	1-3-4	100	2	200
14	1	4	1-2-5-4	100	3	300
14	1	4	1-0-2-5-4	100	4	400
14	1	4	1-7-6-5-4	100	4	400
14	1	4	1-7-9-14-15-10-5-4	100	7	700
15	1	5	1-2-5	100	2	200
15	1	5	1-0-2-5	100	3	300
15	1	5	1-7-6-5	100	3	300
15	1	5	1-3-4-5	100	3	300
15	1	5	1-7-9-14-15-10-5	100	6	600
16	1	6	1-7-6	100	2	200
16	1	6	1-2-5-6	100	3	300
16	1	6	1-0-2-5-6	100	4	400
16	1	6	1-3-4-5-6	100	4	400
16	1	6	1-7-9-14-15-10-5-6	100	7	700
17	1	7	1-7	100	1	100
17	1	7	1-2-5-6-7	100	4	400
17	1	7	1-0-2-5-6-7	100	5	500
17	1	7	1-3-4-5-6-7	100	5	500
17	1	7	1-2-5-10-15-14-9-7	100	7	700
18	1	8	1-7-8	100	2	200
18	1	8	1-2-5-6-7-8	100	5	500
18	1	8	1-0-2-5-6-7-8	100	6	600
18	1	8	1-3-4-5-6-7-8	100	6	600
18	1	8	1-7-9-14-13-12-11-8	100	7	700
19	1	9	1-7-9	100	2	200
19	1	9	1-2-5-6-7-9	100	5	500
19	1	9	1-2-5-10-15-14-9	100	6	600
19	1	9	1-3-4-5-6-7-9	100	6	600
19	1	9	1-0-2-5-6-7-9	100	6	600
110	1	10	1-2-5-10	100	3	300
110	1	10	1-0-2-5-10	100	4	400
110	1	10	1-3-4-5-10	100	4	400
110	1	10	1-7-6-5-10	100	4	400
110	1	10	1-7-9-14-15-10	100	5	500
111	1	11	1-7-8-11	100	3	300
111	1	11	1-7-9-14-13-12-11	100	6	600
111	1	11	1-2-5-6-7-8-11	100	6	600
111	1	11	1-0-2-5-6-7-8-11	100	7	700
111	1	11	1-3-4-5-6-7-8-11	100	7	700
112	1	12	1-7-8-11-12	100	4	400
112	1	12	1-7-9-14-13-12	100	5	500
112	1	12	1-2-5-6-7-8-11-12	100	7	700
112	1	12	1-2-5-10-15-14-13-12	100	7	700
112	1	12	1-0-2-5-6-7-8-11-12	100	8	800
113	1	13	1-7-9-14-13	100	4	400
113	1	13	1-7-8-11-12-13	100	5	500
113	1	13	1-2-5-10-15-14-13	100	6	600
113	1	13	1-0-2-5-10-15-14-13	100	7	700
113	1	13	1-3-4-5-10-15-14-13	100	7	700
114	1	14	1-7-9-14	100	3	300
114	1	14	1-2-5-10-15-14	100	5	500
114	1	14	1-7-8-11-12-13-14	100	6	600
114	1	14	1-2-5-6-7-9-14	100	6	600
114	1	14	1-3-4-5-10-15-14	100	6	600
115	1	15	1-7-9-14-15	100	4	400
115	1	15	1-2-5-10-15	100	4	400
115	1	15	1-0-2-5-10-15	100	5	500
115	1	15	1-7-6-5-10-15	100	5	500
115	1	15	1-3-4-5-10-15	100	5	500
116	1	16	1-7-8-11-12-16	100	5	500
116	1	16	1-7-9-14-13-12-16	100	6	600
116	1	16	1-2-5-6-7-8-11-12-16	100	8	800
116	1	16	1-2-5-10-15-14-13-12-16	100	8	800
116	1	16	1-0-2-5-6-7-8-11-12-16	100	9	900
117	1	17	1-7-9-14-15-17	100	5	500
117	1	17	1-2-5-10-15-17	100	5	500
117	1	17	1-0-2-5-10-15-17	100	6	600
117	1	17	1-3-4-5-10-15-17	100	6	600
117	1	17	1-7-6-5-10-15-17	100	6	600
118	1	18	1-7-8-11-12-16-18	100	6	600
118	1	18	1-7-9-14-13-12-16-18	100	7	700
118	1	18	1-7-9-14-15-17-19-20-18	100	8	800
118	1	18	1-2-5-10-15-17-19-20-18	100	8	800
118	1	18	1-2-5-6-7-8-11-12-16-18	100	9	900
119	1	19	1-7-9-14-15-17-19	100	6	600
119	1	19	1-2-5-10-15-17-19	100	6	600
119	1	19	1-0-2-5-10-15-17-19	100	7	700
119	1	19	1-7-6-5-10-15-17-19	100	7	700
119	1	19	1-3-4-5-10-15-17-19	100	7	700
120	1	20	1-7-8-11-12-16-18-20	100	7	700
120	1	20	1-2-5-10-15-17-19-20	100	7	700
120	1	20	1-7-9-14-15-17-19-20	100	7	700
120	1	20	1-7-9-14-13-12-16-18-20	100	8	800
120	1	20	1-3-4-5-10-15-17-19-20	100	8	800
20	2	0	2-0	100	1	100
20	2	0	2-1-0	100	2	200
20	2	0	2-5-4-3-1-0	100	5	500
20	2	0	2-5-6-7-1-0	100	5	500
20	2	0	2-5-10-15-14-9-7-1-0	100	8	800
21	2	1	2-1	100	1	100
21	2	1	2-0-1	100	2	200
21	2	1	2-5-4-3-1	100	4	400
21	2	1	2-5-6-7-1	100	4	400
21	2	1	2-5-10-15-14-9-7-1	100	7	700
23	2	3	2-1-3	100	2	200
23	2	3	2-0-1-3	100	3	300
23	2	3	2-5-4-3	100	3	300
23	2	3	2-5-6-7-1-3	100	5	500
23	2	3	2-1-7-6-5-4-3	100	6	600
24	2	4	2-5-4	100	2	200
24	2	4	2-1-3-4	100	3	300
24	2	4	2-0-1-3-4	100	4	400
24	2	4	2-1-7-6-5-4	100	5	500
24	2	4	2-5-6-7-1-3-4	100	6	600
25	2	5	2-5	100	1	100
25	2	5	2-1-3-4-5	100	4	400
25	2	5	2-1-7-6-5	100	4	400
25	2	5	2-0-1-3-4-5	100	5	500
25	2	5	2-0-1-7-6-5	100	5	500
26	2	6	2-5-6	100	2	200
26	2	6	2-1-7-6	100	3	300
26	2	6	2-0-1-7-6	100	4	400
26	2	6	2-1-3-4-5-6	100	5	500
26	2	6	2-0-1-3-4-5-6	100	6	600
27	2	7	2-1-7	100	2	200
27	2	7	2-0-1-7	100	3	300
27	2	7	2-5-6-7	100	3	300
27	2	7	2-5-4-3-1-7	100	5	500
27	2	7	2-1-3-4-5-6-7	100	6	600
28	2	8	2-1-7-8	100	3	300
28	2	8	2-0-1-7-8	100	4	400
28	2	8	2-5-6-7-8	100	4	400
28	2	8	2-5-4-3-1-7-8	100	6	600
28	2	8	2-1-3-4-5-6-7-8	100	7	700
29	2	9	2-1-7-9	100	3	300
29	2	9	2-0-1-7-9	100	4	400
29	2	9	2-5-6-7-9	100	4	400
29	2	9	2-5-10-15-14-9	100	5	500
29	2	9	2-5-4-3-1-7-9	100	6	600
210	2	10	2-5-10	100	2	200
210	2	10	2-1-3-4-5-10	100	5	500
210	2	10	2-1-7-6-5-10	100	5	500
210	2	10	2-1-7-9-14-15-10	100	6	600
210	2	10	2-0-1-7-6-5-10	100	6	600
211	2	11	2-1-7-8-11	100	4	400
211	2	11	2-0-1-7-8-11	100	5	500
211	2	11	2-5-6-7-8-11	100	5	500
211	2	11	2-5-10-15-14-13-12-11	100	7	700
211	2	11	2-5-4-3-1-7-8-11	100	7	700
212	2	12	2-1-7-8-11-12	100	5	500
212	2	12	2-0-1-7-8-11-12	100	6	600
212	2	12	2-1-7-9-14-13-12	100	6	600
212	2	12	2-5-10-15-14-13-12	100	6	600
212	2	12	2-5-6-7-8-11-12	100	6	600
213	2	13	2-5-10-15-14-13	100	5	500
213	2	13	2-1-7-9-14-13	100	5	500
213	2	13	2-1-7-8-11-12-13	100	6	600
213	2	13	2-5-6-7-9-14-13	100	6	600
213	2	13	2-0-1-7-9-14-13	100	6	600
214	2	14	2-5-10-15-14	100	4	400
214	2	14	2-1-7-9-14	100	4	400
214	2	14	2-0-1-7-9-14	100	5	500
214	2	14	2-5-6-7-9-14	100	5	500
214	2	14	2-1-7-8-11-12-13-14	100	7	700
215	2	15	2-5-10-15	100	3	300
215	2	15	2-1-7-9-14-15	100	5	500
215	2	15	2-0-1-7-9-14-15	100	6	600
215	2	15	2-1-7-6-5-10-15	100	6	600
215	2	15	2-1-3-4-5-10-15	100	6	600
216	2	16	2-1-7-8-11-12-16	100	6	600
216	2	16	2-0-1-7-8-11-12-16	100	7	700
216	2	16	2-5-6-7-8-11-12-16	100	7	700
216	2	16	2-5-10-15-14-13-12-16	100	7	700
216	2	16	2-1-7-9-14-13-12-16	100	7	700
217	2	17	2-5-10-15-17	100	4	400
217	2	17	2-1-7-9-14-15-17	100	6	600
217	2	17	2-0-1-7-9-14-15-17	100	7	700
217	2	17	2-1-3-4-5-10-15-17	100	7	700
217	2	17	2-1-7-6-5-10-15-17	100	7	700
218	2	18	2-1-7-8-11-12-16-18	100	7	700
218	2	18	2-5-10-15-17-19-20-18	100	7	700
218	2	18	2-0-1-7-8-11-12-16-18	100	8	800
218	2	18	2-1-7-9-14-13-12-16-18	100	8	800
218	2	18	2-5-10-15-14-13-12-16-18	100	8	800
219	2	19	2-5-10-15-17-19	100	5	500
219	2	19	2-1-7-9-14-15-17-19	100	7	700
219	2	19	2-0-1-7-9-14-15-17-19	100	8	800
219	2	19	2-1-7-6-5-10-15-17-19	100	8	800
219	2	19	2-1-3-4-5-10-15-17-19	100	8	800
220	2	20	2-5-10-15-17-19-20	100	6	600
220	2	20	2-1-7-8-11-12-16-18-20	100	8	800
220	2	20	2-1-7-9-14-15-17-19-20	100	8	800
220	2	20	2-0-1-7-8-11-12-16-18-20	100	9	900
220	2	20	2-1-3-4-5-10-15-17-19-20	100	9	900
30	3	0	3-1-0	100	2	200
30	3	0	3-1-2-0	100	3	300
30	3	0	3-4-5-2-0	100	4	400
30	3	0	3-4-5-2-1-0	100	5	500
30	3	0	3-4-5-6-7-1-0	100	6	600
31	3	1	3-1	100	1	100
31	3	1	3-4-5-2-1	100	4	400
31	3	1	3-4-5-2-0-1	100	5	500
31	3	1	3-4-5-6-7-1	100	5	500
31	3	1	3-4-5-10-15-14-9-7-1	100	8	800
32	3	2	3-1-2	100	2	200
32	3	2	3-1-0-2	100	3	300
32	3	2	3-4-5-2	100	3	300
32	3	2	3-1-7-6-5-2	100	5	500
32	3	2	3-4-5-6-7-1-2	100	6	600
34	3	4	3-4	100	1	100
34	3	4	3-1-2-5-4	100	4	400
34	3	4	3-1-0-2-5-4	100	5	500
34	3	4	3-1-7-6-5-4	100	5	500
34	3	4	3-1-7-9-14-15-10-5-4	100	8	800
35	3	5	3-4-5	100	2	200
35	3	5	3-1-2-5	100	3	300
35	3	5	3-1-0-2-5	100	4	400
35	3	5	3-1-7-6-5	100	4	400
35	3	5	3-1-7-9-14-15-10-5	100	7	700
36	3	6	3-4-5-6	100	3	300
36	3	6	3-1-7-6	100	3	300
36	3	6	3-1-2-5-6	100	4	400
36	3	6	3-1-0-2-5-6	100	5	500
36	3	6	3-4-5-2-1-7-6	100	6	600
37	3	7	3-1-7	100	2	200
37	3	7	3-4-5-6-7	100	4	400
37	3	7	3-4-5-2-1-7	100	5	500
37	3	7	3-1-2-5-6-7	100	5	500
37	3	7	3-4-5-2-0-1-7	100	6	600
38	3	8	3-1-7-8	100	3	300
38	3	8	3-4-5-6-7-8	100	5	500
38	3	8	3-4-5-2-1-7-8	100	6	600
38	3	8	3-1-2-5-6-7-8	100	6	600
38	3	8	3-4-5-2-0-1-7-8	100	7	700
39	3	9	3-1-7-9	100	3	300
39	3	9	3-4-5-6-7-9	100	5	500
39	3	9	3-4-5-10-15-14-9	100	6	600
39	3	9	3-1-2-5-6-7-9	100	6	600
39	3	9	3-4-5-2-1-7-9	100	6	600
310	3	10	3-4-5-10	100	3	300
310	3	10	3-1-2-5-10	100	4	400
310	3	10	3-1-0-2-5-10	100	5	500
310	3	10	3-1-7-6-5-10	100	5	500
310	3	10	3-1-7-9-14-15-10	100	6	600
311	3	11	3-1-7-8-11	100	4	400
311	3	11	3-4-5-6-7-8-11	100	6	600
311	3	11	3-1-7-9-14-13-12-11	100	7	700
311	3	11	3-1-2-5-6-7-8-11	100	7	700
311	3	11	3-4-5-2-1-7-8-11	100	7	700
312	3	12	3-1-7-8-11-12	100	5	500
312	3	12	3-1-7-9-14-13-12	100	6	600
312	3	12	3-4-5-6-7-8-11-12	100	7	700
312	3	12	3-4-5-10-15-14-13-12	100	7	700
312	3	12	3-4-5-2-1-7-8-11-12	100	8	800
313	3	13	3-1-7-9-14-13	100	5	500
313	3	13	3-1-7-8-11-12-13	100	6	600
313	3	13	3-4-5-10-15-14-13	100	6	600
313	3	13	3-1-2-5-10-15-14-13	100	7	700
313	3	13	3-4-5-6-7-9-14-13	100	7	700
314	3	14	3-1-7-9-14	100	4	400
314	3	14	3-4-5-10-15-14	100	5	500
314	3	14	3-1-2-5-10-15-14	100	6	600
314	3	14	3-4-5-6-7-9-14	100	6	600
314	3	14	3-1-7-8-11-12-13-14	100	7	700
315	3	15	3-4-5-10-15	100	4	400
315	3	15	3-1-7-9-14-15	100	5	500
315	3	15	3-1-2-5-10-15	100	5	500
315	3	15	3-1-0-2-5-10-15	100	6	600
315	3	15	3-1-7-6-5-10-15	100	6	600
316	3	16	3-1-7-8-11-12-16	100	6	600
316	3	16	3-1-7-9-14-13-12-16	100	7	700
316	3	16	3-4-5-6-7-8-11-12-16	100	8	800
316	3	16	3-4-5-10-15-14-13-12-16	100	8	800
316	3	16	3-4-5-2-1-7-8-11-12-16	100	9	900
317	3	17	3-4-5-10-15-17	100	5	500
317	3	17	3-1-7-9-14-15-17	100	6	600
317	3	17	3-1-2-5-10-15-17	100	6	600
317	3	17	3-1-0-2-5-10-15-17	100	7	700
317	3	17	3-1-7-6-5-10-15-17	100	7	700
318	3	18	3-1-7-8-11-12-16-18	100	7	700
318	3	18	3-1-7-9-14-13-12-16-18	100	8	800
318	3	18	3-4-5-10-15-17-19-20-18	100	8	800
318	3	18	3-4-5-6-7-8-11-12-16-18	100	9	900
318	3	18	3-1-2-5-10-15-17-19-20-18	100	9	900
319	3	19	3-4-5-10-15-17-19	100	6	600
319	3	19	3-1-7-9-14-15-17-19	100	7	700
319	3	19	3-1-2-5-10-15-17-19	100	7	700
319	3	19	3-1-0-2-5-10-15-17-19	100	8	800
319	3	19	3-1-7-6-5-10-15-17-19	100	8	800
320	3	20	3-4-5-10-15-17-19-20	100	7	700
320	3	20	3-1-7-8-11-12-16-18-20	100	8	800
320	3	20	3-1-2-5-10-15-17-19-20	100	8	800
320	3	20	3-1-7-9-14-15-17-19-20	100	8	800
320	3	20	3-1-7-9-14-13-12-16-18-20	100	9	900
40	4	0	4-3-1-0	100	3	300
40	4	0	4-5-2-0	100	3	300
40	4	0	4-5-2-1-0	100	4	400
40	4	0	4-3-1-2-0	100	4	400
40	4	0	4-5-6-7-1-0	100	5	500
41	4	1	4-3-1	100	2	200
41	4	1	4-5-2-1	100	3	300
41	4	1	4-5-2-0-1	100	4	400
41	4	1	4-5-6-7-1	100	4	400
41	4	1	4-5-10-15-14-9-7-1	100	7	700
42	4	2	4-5-2	100	2	200
42	4	2	4-3-1-2	100	3	300
42	4	2	4-3-1-0-2	100	4	400
42	4	2	4-5-6-7-1-2	100	5	500
42	4	2	4-5-6-7-1-0-2	100	6	600
43	4	3	4-3	100	1	100
43	4	3	4-5-2-1-3	100	4	400
43	4	3	4-5-2-0-1-3	100	5	500
43	4	3	4-5-6-7-1-3	100	5	500
43	4	3	4-5-10-15-14-9-7-1-3	100	8	800
45	4	5	4-5	100	1	100
45	4	5	4-3-1-2-5	100	4	400
45	4	5	4-3-1-0-2-5	100	5	500
45	4	5	4-3-1-7-6-5	100	5	500
45	4	5	4-3-1-7-9-14-15-10-5	100	8	800
46	4	6	4-5-6	100	2	200
46	4	6	4-3-1-7-6	100	4	400
46	4	6	4-3-1-2-5-6	100	5	500
46	4	6	4-5-2-1-7-6	100	5	500
46	4	6	4-3-1-0-2-5-6	100	6	600
47	4	7	4-3-1-7	100	3	300
47	4	7	4-5-6-7	100	3	300
47	4	7	4-5-2-1-7	100	4	400
47	4	7	4-5-2-0-1-7	100	5	500
47	4	7	4-3-1-2-5-6-7	100	6	600
48	4	8	4-3-1-7-8	100	4	400
48	4	8	4-5-6-7-8	100	4	400
48	4	8	4-5-2-1-7-8	100	5	500
48	4	8	4-5-2-0-1-7-8	100	6	600
48	4	8	4-3-1-2-5-6-7-8	100	7	700
49	4	9	4-3-1-7-9	100	4	400
49	4	9	4-5-6-7-9	100	4	400
49	4	9	4-5-10-15-14-9	100	5	500
49	4	9	4-5-2-1-7-9	100	5	500
49	4	9	4-5-2-0-1-7-9	100	6	600
410	4	10	4-5-10	100	2	200
410	4	10	4-3-1-2-5-10	100	5	500
410	4	10	4-3-1-0-2-5-10	100	6	600
410	4	10	4-3-1-7-6-5-10	100	6	600
410	4	10	4-3-1-7-9-14-15-10	100	7	700
411	4	11	4-3-1-7-8-11	100	5	500
411	4	11	4-5-6-7-8-11	100	5	500
411	4	11	4-5-2-1-7-8-11	100	6	600
411	4	11	4-5-10-15-14-13-12-11	100	7	700
411	4	11	4-5-2-0-1-7-8-11	100	7	700
412	4	12	4-3-1-7-8-11-12	100	6	600
412	4	12	4-5-10-15-14-13-12	100	6	600
412	4	12	4-5-6-7-8-11-12	100	6	600
412	4	12	4-5-2-1-7-8-11-12	100	7	700
412	4	12	4-5-6-7-9-14-13-12	100	7	700
413	4	13	4-5-10-15-14-13	100	5	500
413	4	13	4-3-1-7-9-14-13	100	6	600
413	4	13	4-5-6-7-9-14-13	100	6	600
413	4	13	4-3-1-7-8-11-12-13	100	7	700
413	4	13	4-5-2-1-7-9-14-13	100	7	700
414	4	14	4-5-10-15-14	100	4	400
414	4	14	4-3-1-7-9-14	100	5	500
414	4	14	4-5-6-7-9-14	100	5	500
414	4	14	4-5-2-1-7-9-14	100	6	600
414	4	14	4-3-1-2-5-10-15-14	100	7	700
415	4	15	4-5-10-15	100	3	300
415	4	15	4-3-1-7-9-14-15	100	6	600
415	4	15	4-3-1-2-5-10-15	100	6	600
415	4	15	4-5-6-7-9-14-15	100	6	600
415	4	15	4-5-2-1-7-9-14-15	100	7	700
416	4	16	4-3-1-7-8-11-12-16	100	7	700
416	4	16	4-5-10-15-14-13-12-16	100	7	700
416	4	16	4-5-6-7-8-11-12-16	100	7	700
416	4	16	4-5-2-1-7-8-11-12-16	100	8	800
416	4	16	4-5-10-15-17-19-20-18-16	100	8	800
417	4	17	4-5-10-15-17	100	4	400
417	4	17	4-3-1-7-9-14-15-17	100	7	700
417	4	17	4-5-6-7-9-14-15-17	100	7	700
417	4	17	4-3-1-2-5-10-15-17	100	7	700
417	4	17	4-5-2-1-7-9-14-15-17	100	8	800
418	4	18	4-5-10-15-17-19-20-18	100	7	700
418	4	18	4-3-1-7-8-11-12-16-18	100	8	800
418	4	18	4-5-6-7-8-11-12-16-18	100	8	800
418	4	18	4-5-10-15-14-13-12-16-18	100	8	800
418	4	18	4-5-2-1-7-8-11-12-16-18	100	9	900
419	4	19	4-5-10-15-17-19	100	5	500
419	4	19	4-3-1-7-9-14-15-17-19	100	8	800
419	4	19	4-3-1-2-5-10-15-17-19	100	8	800
419	4	19	4-5-6-7-9-14-15-17-19	100	8	800
419	4	19	4-5-2-1-7-9-14-15-17-19	100	9	900
420	4	20	4-5-10-15-17-19-20	100	6	600
420	4	20	4-3-1-7-8-11-12-16-18-20	100	9	900
420	4	20	4-5-6-7-9-14-15-17-19-20	100	9	900
420	4	20	4-3-1-2-5-10-15-17-19-20	100	9	900
420	4	20	4-3-1-7-9-14-15-17-19-20	100	9	900
50	5	0	5-2-0	100	2	200
50	5	0	5-2-1-0	100	3	300
50	5	0	5-4-3-1-0	100	4	400
50	5	0	5-6-7-1-0	100	4	400
50	5	0	5-4-3-1-2-0	100	5	500
51	5	1	5-2-1	100	2	200
51	5	1	5-2-0-1	100	3	300
51	5	1	5-6-7-1	100	3	300
51	5	1	5-4-3-1	100	3	300
51	5	1	5-10-15-14-9-7-1	100	6	600
52	5	2	5-2	100	1	100
52	5	2	5-4-3-1-2	100	4	400
52	5	2	5-6-7-1-2	100	4	400
52	5	2	5-4-3-1-0-2	100	5	500
52	5	2	5-6-7-1-0-2	100	5	500
53	5	3	5-4-3	100	2	200
53	5	3	5-2-1-3	100	3	300
53	5	3	5-2-0-1-3	100	4	400
53	5	3	5-6-7-1-3	100	4	400
53	5	3	5-10-15-14-9-7-1-3	100	7	700
54	5	4	5-4	100	1	100
54	5	4	5-2-1-3-4	100	4	400
54	5	4	5-2-0-1-3-4	100	5	500
54	5	4	5-6-7-1-3-4	100	5	500
54	5	4	5-10-15-14-9-7-1-3-4	100	8	800
56	5	6	5-6	100	1	100
56	5	6	5-2-1-7-6	100	4	400
56	5	6	5-2-0-1-7-6	100	5	500
56	5	6	5-4-3-1-7-6	100	5	500
56	5	6	5-10-15-14-9-7-6	100	6	600
57	5	7	5-6-7	100	2	200
57	5	7	5-2-1-7	100	3	300
57	5	7	5-2-0-1-7	100	4	400
57	5	7	5-4-3-1-7	100	4	400
57	5	7	5-10-15-14-9-7	100	5	500
58	5	8	5-6-7-8	100	3	300
58	5	8	5-2-1-7-8	100	4	400
58	5	8	5-2-0-1-7-8	100	5	500
58	5	8	5-4-3-1-7-8	100	5	500
58	5	8	5-10-15-14-9-7-8	100	6	600
59	5	9	5-6-7-9	100	3	300
59	5	9	5-10-15-14-9	100	4	400
59	5	9	5-2-1-7-9	100	4	400
59	5	9	5-2-0-1-7-9	100	5	500
59	5	9	5-4-3-1-7-9	100	5	500
510	5	10	5-10	100	1	100
510	5	10	5-6-7-9-14-15-10	100	6	600
510	5	10	5-2-1-7-9-14-15-10	100	7	700
510	5	10	5-2-0-1-7-9-14-15-10	100	8	800
510	5	10	5-4-3-1-7-9-14-15-10	100	8	800
511	5	11	5-6-7-8-11	100	4	400
511	5	11	5-2-1-7-8-11	100	5	500
511	5	11	5-10-15-14-13-12-11	100	6	600
511	5	11	5-4-3-1-7-8-11	100	6	600
511	5	11	5-2-0-1-7-8-11	100	6	600
512	5	12	5-6-7-8-11-12	100	5	500
512	5	12	5-10-15-14-13-12	100	5	500
512	5	12	5-2-1-7-8-11-12	100	6	600
512	5	12	5-6-7-9-14-13-12	100	6	600
512	5	12	5-2-0-1-7-8-11-12	100	7	700
513	5	13	5-10-15-14-13	100	4	400
513	5	13	5-6-7-9-14-13	100	5	500
513	5	13	5-6-7-8-11-12-13	100	6	600
513	5	13	5-2-1-7-9-14-13	100	6	600
513	5	13	5-2-1-7-8-11-12-13	100	7	700
514	5	14	5-10-15-14	100	3	300
514	5	14	5-6-7-9-14	100	4	400
514	5	14	5-2-1-7-9-14	100	5	500
514	5	14	5-2-0-1-7-9-14	100	6	600
514	5	14	5-4-3-1-7-9-14	100	6	600
515	5	15	5-10-15	100	2	200
515	5	15	5-6-7-9-14-15	100	5	500
515	5	15	5-2-1-7-9-14-15	100	6	600
515	5	15	5-2-0-1-7-9-14-15	100	7	700
515	5	15	5-4-3-1-7-9-14-15	100	7	700
516	5	16	5-6-7-8-11-12-16	100	6	600
516	5	16	5-10-15-14-13-12-16	100	6	600
516	5	16	5-2-1-7-8-11-12-16	100	7	700
516	5	16	5-10-15-17-19-20-18-16	100	7	700
516	5	16	5-6-7-9-14-13-12-16	100	7	700
517	5	17	5-10-15-17	100	3	300
517	5	17	5-6-7-9-14-15-17	100	6	600
517	5	17	5-2-1-7-9-14-15-17	100	7	700
517	5	17	5-2-0-1-7-9-14-15-17	100	8	800
517	5	17	5-4-3-1-7-9-14-15-17	100	8	800
518	5	18	5-10-15-17-19-20-18	100	6	600
518	5	18	5-6-7-8-11-12-16-18	100	7	700
518	5	18	5-10-15-14-13-12-16-18	100	7	700
518	5	18	5-2-1-7-8-11-12-16-18	100	8	800
518	5	18	5-6-7-9-14-13-12-16-18	100	8	800
519	5	19	5-10-15-17-19	100	4	400
519	5	19	5-6-7-9-14-15-17-19	100	7	700
519	5	19	5-2-1-7-9-14-15-17-19	100	8	800
519	5	19	5-2-0-1-7-9-14-15-17-19	100	9	900
519	5	19	5-10-15-14-13-12-16-18-20-19	100	9	900
520	5	20	5-10-15-17-19-20	100	5	500
520	5	20	5-6-7-8-11-12-16-18-20	100	8	800
520	5	20	5-6-7-9-14-15-17-19-20	100	8	800
520	5	20	5-10-15-14-13-12-16-18-20	100	8	800
520	5	20	5-2-1-7-8-11-12-16-18-20	100	9	900
60	6	0	6-7-1-0	100	3	300
60	6	0	6-5-2-0	100	3	300
60	6	0	6-5-2-1-0	100	4	400
60	6	0	6-7-1-2-0	100	4	400
60	6	0	6-5-4-3-1-0	100	5	500
61	6	1	6-7-1	100	2	200
61	6	1	6-5-2-1	100	3	300
61	6	1	6-5-2-0-1	100	4	400
61	6	1	6-5-4-3-1	100	4	400
61	6	1	6-5-10-15-14-9-7-1	100	7	700
62	6	2	6-5-2	100	2	200
62	6	2	6-7-1-2	100	3	300
62	6	2	6-7-1-0-2	100	4	400
62	6	2	6-5-4-3-1-2	100	5	500
62	6	2	6-5-4-3-1-0-2	100	6	600
63	6	3	6-7-1-3	100	3	300
63	6	3	6-5-4-3	100	3	300
63	6	3	6-5-2-1-3	100	4	400
63	6	3	6-5-2-0-1-3	100	5	500
63	6	3	6-7-1-2-5-4-3	100	6	600
64	6	4	6-5-4	100	2	200
64	6	4	6-7-1-3-4	100	4	400
64	6	4	6-5-2-1-3-4	100	5	500
64	6	4	6-7-1-2-5-4	100	5	500
64	6	4	6-5-2-0-1-3-4	100	6	600
65	6	5	6-5	100	1	100
65	6	5	6-7-1-2-5	100	4	400
65	6	5	6-7-1-0-2-5	100	5	500
65	6	5	6-7-1-3-4-5	100	5	500
65	6	5	6-7-9-14-15-10-5	100	6	600
67	6	7	6-7	100	1	100
67	6	7	6-5-2-1-7	100	4	400
67	6	7	6-5-2-0-1-7	100	5	500
67	6	7	6-5-4-3-1-7	100	5	500
67	6	7	6-5-10-15-14-9-7	100	6	600
68	6	8	6-7-8	100	2	200
68	6	8	6-5-2-1-7-8	100	5	500
68	6	8	6-5-2-0-1-7-8	100	6	600
68	6	8	6-5-4-3-1-7-8	100	6	600
68	6	8	6-7-9-14-13-12-11-8	100	7	700
69	6	9	6-7-9	100	2	200
69	6	9	6-5-10-15-14-9	100	5	500
69	6	9	6-5-2-1-7-9	100	5	500
69	6	9	6-5-2-0-1-7-9	100	6	600
69	6	9	6-5-4-3-1-7-9	100	6	600
610	6	10	6-5-10	100	2	200
610	6	10	6-7-9-14-15-10	100	5	500
610	6	10	6-7-1-2-5-10	100	5	500
610	6	10	6-7-1-0-2-5-10	100	6	600
610	6	10	6-7-1-3-4-5-10	100	6	600
611	6	11	6-7-8-11	100	3	300
611	6	11	6-7-9-14-13-12-11	100	6	600
611	6	11	6-5-2-1-7-8-11	100	6	600
611	6	11	6-5-10-15-14-13-12-11	100	7	700
611	6	11	6-5-4-3-1-7-8-11	100	7	700
612	6	12	6-7-8-11-12	100	4	400
612	6	12	6-7-9-14-13-12	100	5	500
612	6	12	6-5-10-15-14-13-12	100	6	600
612	6	12	6-5-2-1-7-8-11-12	100	7	700
612	6	12	6-5-2-0-1-7-8-11-12	100	8	800
613	6	13	6-7-9-14-13	100	4	400
613	6	13	6-7-8-11-12-13	100	5	500
613	6	13	6-5-10-15-14-13	100	5	500
613	6	13	6-5-2-1-7-9-14-13	100	7	700
613	6	13	6-5-2-1-7-8-11-12-13	100	8	800
614	6	14	6-7-9-14	100	3	300
614	6	14	6-5-10-15-14	100	4	400
614	6	14	6-7-8-11-12-13-14	100	6	600
614	6	14	6-5-2-1-7-9-14	100	6	600
614	6	14	6-7-1-2-5-10-15-14	100	7	700
615	6	15	6-5-10-15	100	3	300
615	6	15	6-7-9-14-15	100	4	400
615	6	15	6-7-1-2-5-10-15	100	6	600
615	6	15	6-7-8-11-12-13-14-15	100	7	700
615	6	15	6-7-1-3-4-5-10-15	100	7	700
616	6	16	6-7-8-11-12-16	100	5	500
616	6	16	6-7-9-14-13-12-16	100	6	600
616	6	16	6-5-10-15-14-13-12-16	100	7	700
616	6	16	6-5-2-1-7-8-11-12-16	100	8	800
616	6	16	6-5-10-15-17-19-20-18-16	100	8	800
617	6	17	6-5-10-15-17	100	4	400
617	6	17	6-7-9-14-15-17	100	5	500
617	6	17	6-7-1-2-5-10-15-17	100	7	700
617	6	17	6-7-8-11-12-13-14-15-17	100	8	800
617	6	17	6-7-1-3-4-5-10-15-17	100	8	800
618	6	18	6-7-8-11-12-16-18	100	6	600
618	6	18	6-7-9-14-13-12-16-18	100	7	700
618	6	18	6-5-10-15-17-19-20-18	100	7	700
618	6	18	6-5-10-15-14-13-12-16-18	100	8	800
618	6	18	6-7-9-14-15-17-19-20-18	100	8	800
619	6	19	6-5-10-15-17-19	100	5	500
619	6	19	6-7-9-14-15-17-19	100	6	600
619	6	19	6-7-1-2-5-10-15-17-19	100	8	800
619	6	19	6-7-8-11-12-16-18-20-19	100	8	800
619	6	19	6-7-8-11-12-13-14-15-17-19	100	9	900
620	6	20	6-5-10-15-17-19-20	100	6	600
620	6	20	6-7-8-11-12-16-18-20	100	7	700
620	6	20	6-7-9-14-15-17-19-20	100	7	700
620	6	20	6-7-9-14-13-12-16-18-20	100	8	800
620	6	20	6-5-10-15-14-13-12-16-18-20	100	9	900
70	7	0	7-1-0	100	2	200
70	7	0	7-1-2-0	100	3	300
70	7	0	7-6-5-2-0	100	4	400
70	7	0	7-6-5-2-1-0	100	5	500
70	7	0	7-6-5-4-3-1-0	100	6	600
71	7	1	7-1	100	1	100
71	7	1	7-6-5-2-1	100	4	400
71	7	1	7-6-5-2-0-1	100	5	500
71	7	1	7-6-5-4-3-1	100	5	500
71	7	1	7-9-14-15-10-5-2-1	100	7	700
72	7	2	7-1-2	100	2	200
72	7	2	7-1-0-2	100	3	300
72	7	2	7-6-5-2	100	3	300
72	7	2	7-1-3-4-5-2	100	5	500
72	7	2	7-6-5-4-3-1-2	100	6	600
73	7	3	7-1-3	100	2	200
73	7	3	7-6-5-4-3	100	4	400
73	7	3	7-6-5-2-1-3	100	5	500
73	7	3	7-1-2-5-4-3	100	5	500
73	7	3	7-6-5-2-0-1-3	100	6	600
74	7	4	7-1-3-4	100	3	300
74	7	4	7-6-5-4	100	3	300
74	7	4	7-1-2-5-4	100	4	400
74	7	4	7-1-0-2-5-4	100	5	500
74	7	4	7-6-5-2-1-3-4	100	6	600
75	7	5	7-6-5	100	2	200
75	7	5	7-1-2-5	100	3	300
75	7	5	7-1-0-2-5	100	4	400
75	7	5	7-1-3-4-5	100	4	400
75	7	5	7-9-14-15-10-5	100	5	500
76	7	6	7-6	100	1	100
76	7	6	7-1-2-5-6	100	4	400
76	7	6	7-1-0-2-5-6	100	5	500
76	7	6	7-1-3-4-5-6	100	5	500
76	7	6	7-9-14-15-10-5-6	100	6	600
78	7	8	7-8	100	1	100
78	7	8	7-9-14-13-12-11-8	100	6	600
78	7	8	7-6-5-10-15-14-13-12-11-8	100	9	900
78	7	8	7-1-2-5-10-15-14-13-12-11-8	100	10	1000
78	7	8	7-1-0-2-5-10-15-14-13-12-11-8	100	11	1100
79	7	9	7-9	100	1	100
79	7	9	7-8-11-12-13-14-9	100	6	600
79	7	9	7-6-5-10-15-14-9	100	6	600
79	7	9	7-1-2-5-10-15-14-9	100	7	700
79	7	9	7-1-0-2-5-10-15-14-9	100	8	800
710	7	10	7-6-5-10	100	3	300
710	7	10	7-9-14-15-10	100	4	400
710	7	10	7-1-2-5-10	100	4	400
710	7	10	7-1-0-2-5-10	100	5	500
710	7	10	7-1-3-4-5-10	100	5	500
711	7	11	7-8-11	100	2	200
711	7	11	7-9-14-13-12-11	100	5	500
711	7	11	7-6-5-10-15-14-13-12-11	100	8	800
711	7	11	7-1-2-5-10-15-14-13-12-11	100	9	900
711	7	11	7-1-0-2-5-10-15-14-13-12-11	100	10	1000
712	7	12	7-8-11-12	100	3	300
712	7	12	7-9-14-13-12	100	4	400
712	7	12	7-6-5-10-15-14-13-12	100	7	700
712	7	12	7-1-2-5-10-15-14-13-12	100	8	800
712	7	12	7-1-0-2-5-10-15-14-13-12	100	9	900
713	7	13	7-9-14-13	100	3	300
713	7	13	7-8-11-12-13	100	4	400
713	7	13	7-6-5-10-15-14-13	100	6	600
713	7	13	7-1-2-5-10-15-14-13	100	7	700
713	7	13	7-1-0-2-5-10-15-14-13	100	8	800
714	7	14	7-9-14	100	2	200
714	7	14	7-8-11-12-13-14	100	5	500
714	7	14	7-6-5-10-15-14	100	5	500
714	7	14	7-1-2-5-10-15-14	100	6	600
714	7	14	7-1-0-2-5-10-15-14	100	7	700
715	7	15	7-9-14-15	100	3	300
715	7	15	7-6-5-10-15	100	4	400
715	7	15	7-1-2-5-10-15	100	5	500
715	7	15	7-8-11-12-13-14-15	100	6	600
715	7	15	7-1-3-4-5-10-15	100	6	600
716	7	16	7-8-11-12-16	100	4	400
716	7	16	7-9-14-13-12-16	100	5	500
716	7	16	7-6-5-10-15-14-13-12-16	100	8	800
716	7	16	7-9-14-15-17-19-20-18-16	100	8	800
716	7	16	7-1-2-5-10-15-14-13-12-16	100	9	900
717	7	17	7-9-14-15-17	100	4	400
717	7	17	7-6-5-10-15-17	100	5	500
717	7	17	7-1-2-5-10-15-17	100	6	600
717	7	17	7-8-11-12-13-14-15-17	100	7	700
717	7	17	7-1-3-4-5-10-15-17	100	7	700
718	7	18	7-8-11-12-16-18	100	5	500
718	7	18	7-9-14-13-12-16-18	100	6	600
718	7	18	7-9-14-15-17-19-20-18	100	7	700
718	7	18	7-6-5-10-15-17-19-20-18	100	8	800
718	7	18	7-6-5-10-15-14-13-12-16-18	100	9	900
719	7	19	7-9-14-15-17-19	100	5	500
719	7	19	7-6-5-10-15-17-19	100	6	600
719	7	19	7-1-2-5-10-15-17-19	100	7	700
719	7	19	7-8-11-12-16-18-20-19	100	7	700
719	7	19	7-8-11-12-13-14-15-17-19	100	8	800
720	7	20	7-8-11-12-16-18-20	100	6	600
720	7	20	7-9-14-15-17-19-20	100	6	600
720	7	20	7-9-14-13-12-16-18-20	100	7	700
720	7	20	7-6-5-10-15-17-19-20	100	7	700
720	7	20	7-1-2-5-10-15-17-19-20	100	8	800
80	8	0	8-7-1-0	100	3	300
80	8	0	8-7-1-2-0	100	4	400
80	8	0	8-7-6-5-2-0	100	5	500
80	8	0	8-7-6-5-2-1-0	100	6	600
80	8	0	8-7-6-5-4-3-1-0	100	7	700
81	8	1	8-7-1	100	2	200
81	8	1	8-7-6-5-2-1	100	5	500
81	8	1	8-7-6-5-2-0-1	100	6	600
81	8	1	8-7-6-5-4-3-1	100	6	600
81	8	1	8-11-12-13-14-9-7-1	100	7	700
82	8	2	8-7-1-2	100	3	300
82	8	2	8-7-1-0-2	100	4	400
82	8	2	8-7-6-5-2	100	4	400
82	8	2	8-7-1-3-4-5-2	100	6	600
82	8	2	8-7-6-5-4-3-1-2	100	7	700
83	8	3	8-7-1-3	100	3	300
83	8	3	8-7-6-5-4-3	100	5	500
83	8	3	8-7-6-5-2-1-3	100	6	600
83	8	3	8-7-1-2-5-4-3	100	6	600
83	8	3	8-7-6-5-2-0-1-3	100	7	700
84	8	4	8-7-1-3-4	100	4	400
84	8	4	8-7-6-5-4	100	4	400
84	8	4	8-7-1-2-5-4	100	5	500
84	8	4	8-7-1-0-2-5-4	100	6	600
84	8	4	8-7-6-5-2-1-3-4	100	7	700
85	8	5	8-7-6-5	100	3	300
85	8	5	8-7-1-2-5	100	4	400
85	8	5	8-7-1-0-2-5	100	5	500
85	8	5	8-7-1-3-4-5	100	5	500
85	8	5	8-7-9-14-15-10-5	100	6	600
86	8	6	8-7-6	100	2	200
86	8	6	8-7-1-2-5-6	100	5	500
86	8	6	8-7-1-0-2-5-6	100	6	600
86	8	6	8-7-1-3-4-5-6	100	6	600
86	8	6	8-7-9-14-15-10-5-6	100	7	700
87	8	7	8-7	100	1	100
87	8	7	8-11-12-13-14-9-7	100	6	600
87	8	7	8-11-12-13-14-15-10-5-6-7	100	9	900
87	8	7	8-11-12-13-14-15-10-5-2-1-7	100	10	1000
87	8	7	8-11-12-13-14-15-10-5-2-0-1-7	100	11	1100
89	8	9	8-7-9	100	2	200
89	8	9	8-11-12-13-14-9	100	5	500
89	8	9	8-7-6-5-10-15-14-9	100	7	700
89	8	9	8-7-1-2-5-10-15-14-9	100	8	800
89	8	9	8-7-1-3-4-5-10-15-14-9	100	9	900
810	8	10	8-7-6-5-10	100	4	400
810	8	10	8-7-9-14-15-10	100	5	500
810	8	10	8-7-1-2-5-10	100	5	500
810	8	10	8-11-12-13-14-15-10	100	6	600
810	8	10	8-7-1-3-4-5-10	100	6	600
811	8	11	8-11	100	1	100
811	8	11	8-7-9-14-13-12-11	100	6	600
811	8	11	8-7-6-5-10-15-14-13-12-11	100	9	900
811	8	11	8-7-1-2-5-10-15-14-13-12-11	100	10	1000
811	8	11	8-7-1-0-2-5-10-15-14-13-12-11	100	11	1100
812	8	12	8-11-12	100	2	200
812	8	12	8-7-9-14-13-12	100	5	500
812	8	12	8-7-6-5-10-15-14-13-12	100	8	800
812	8	12	8-7-1-2-5-10-15-14-13-12	100	9	900
812	8	12	8-7-1-0-2-5-10-15-14-13-12	100	10	1000
813	8	13	8-11-12-13	100	3	300
813	8	13	8-7-9-14-13	100	4	400
813	8	13	8-7-6-5-10-15-14-13	100	7	700
813	8	13	8-7-1-2-5-10-15-14-13	100	8	800
813	8	13	8-7-1-0-2-5-10-15-14-13	100	9	900
814	8	14	8-7-9-14	100	3	300
814	8	14	8-11-12-13-14	100	4	400
814	8	14	8-7-6-5-10-15-14	100	6	600
814	8	14	8-7-1-2-5-10-15-14	100	7	700
814	8	14	8-7-1-0-2-5-10-15-14	100	8	800
815	8	15	8-7-9-14-15	100	4	400
815	8	15	8-11-12-13-14-15	100	5	500
815	8	15	8-7-6-5-10-15	100	5	500
815	8	15	8-7-1-2-5-10-15	100	6	600
815	8	15	8-7-1-0-2-5-10-15	100	7	700
816	8	16	8-11-12-16	100	3	300
816	8	16	8-7-9-14-13-12-16	100	6	600
816	8	16	8-7-6-5-10-15-14-13-12-16	100	9	900
816	8	16	8-7-9-14-15-17-19-20-18-16	100	9	900
816	8	16	8-7-1-2-5-10-15-14-13-12-16	100	10	1000
817	8	17	8-7-9-14-15-17	100	5	500
817	8	17	8-11-12-13-14-15-17	100	6	600
817	8	17	8-7-6-5-10-15-17	100	6	600
817	8	17	8-7-1-2-5-10-15-17	100	7	700
817	8	17	8-11-12-16-18-20-19-17	100	7	700
818	8	18	8-11-12-16-18	100	4	400
818	8	18	8-7-9-14-13-12-16-18	100	7	700
818	8	18	8-7-9-14-15-17-19-20-18	100	8	800
818	8	18	8-11-12-13-14-15-17-19-20-18	100	9	900
818	8	18	8-7-6-5-10-15-17-19-20-18	100	9	900
819	8	19	8-7-9-14-15-17-19	100	6	600
819	8	19	8-11-12-16-18-20-19	100	6	600
819	8	19	8-11-12-13-14-15-17-19	100	7	700
819	8	19	8-7-6-5-10-15-17-19	100	7	700
819	8	19	8-7-1-2-5-10-15-17-19	100	8	800
820	8	20	8-11-12-16-18-20	100	5	500
820	8	20	8-7-9-14-15-17-19-20	100	7	700
820	8	20	8-7-9-14-13-12-16-18-20	100	8	800
820	8	20	8-7-6-5-10-15-17-19-20	100	8	800
820	8	20	8-11-12-13-14-15-17-19-20	100	8	800
90	9	0	9-7-1-0	100	3	300
90	9	0	9-7-1-2-0	100	4	400
90	9	0	9-7-6-5-2-0	100	5	500
90	9	0	9-7-6-5-2-1-0	100	6	600
90	9	0	9-14-15-10-5-2-0	100	6	600
91	9	1	9-7-1	100	2	200
91	9	1	9-7-6-5-2-1	100	5	500
91	9	1	9-7-6-5-2-0-1	100	6	600
91	9	1	9-7-6-5-4-3-1	100	6	600
91	9	1	9-14-15-10-5-2-1	100	6	600
92	9	2	9-7-1-2	100	3	300
92	9	2	9-7-1-0-2	100	4	400
92	9	2	9-7-6-5-2	100	4	400
92	9	2	9-14-15-10-5-2	100	5	500
92	9	2	9-7-1-3-4-5-2	100	6	600
93	9	3	9-7-1-3	100	3	300
93	9	3	9-7-6-5-4-3	100	5	500
93	9	3	9-7-6-5-2-1-3	100	6	600
93	9	3	9-14-15-10-5-4-3	100	6	600
93	9	3	9-7-1-2-5-4-3	100	6	600
94	9	4	9-7-1-3-4	100	4	400
94	9	4	9-7-6-5-4	100	4	400
94	9	4	9-7-1-2-5-4	100	5	500
94	9	4	9-14-15-10-5-4	100	5	500
94	9	4	9-7-1-0-2-5-4	100	6	600
95	9	5	9-7-6-5	100	3	300
95	9	5	9-7-1-2-5	100	4	400
95	9	5	9-14-15-10-5	100	4	400
95	9	5	9-7-1-0-2-5	100	5	500
95	9	5	9-7-1-3-4-5	100	5	500
96	9	6	9-7-6	100	2	200
96	9	6	9-7-1-2-5-6	100	5	500
96	9	6	9-14-15-10-5-6	100	5	500
96	9	6	9-7-1-0-2-5-6	100	6	600
96	9	6	9-7-1-3-4-5-6	100	6	600
97	9	7	9-7	100	1	100
97	9	7	9-14-15-10-5-6-7	100	6	600
97	9	7	9-14-13-12-11-8-7	100	6	600
97	9	7	9-14-15-10-5-2-1-7	100	7	700
97	9	7	9-14-15-10-5-2-0-1-7	100	8	800
98	9	8	9-7-8	100	2	200
98	9	8	9-14-13-12-11-8	100	5	500
98	9	8	9-14-15-10-5-6-7-8	100	7	700
98	9	8	9-14-15-10-5-2-1-7-8	100	8	800
98	9	8	9-14-15-10-5-2-0-1-7-8	100	9	900
910	9	10	9-14-15-10	100	3	300
910	9	10	9-7-6-5-10	100	4	400
910	9	10	9-7-1-2-5-10	100	5	500
910	9	10	9-7-1-0-2-5-10	100	6	600
910	9	10	9-7-1-3-4-5-10	100	6	600
911	9	11	9-7-8-11	100	3	300
911	9	11	9-14-13-12-11	100	4	400
911	9	11	9-14-15-10-5-6-7-8-11	100	8	800
911	9	11	9-7-6-5-10-15-14-13-12-11	100	9	900
911	9	11	9-14-15-10-5-2-1-7-8-11	100	9	900
912	9	12	9-14-13-12	100	3	300
912	9	12	9-7-8-11-12	100	4	400
912	9	12	9-7-6-5-10-15-14-13-12	100	8	800
912	9	12	9-14-15-17-19-20-18-16-12	100	8	800
912	9	12	9-14-15-10-5-6-7-8-11-12	100	9	900
913	9	13	9-14-13	100	2	200
913	9	13	9-7-8-11-12-13	100	5	500
913	9	13	9-7-6-5-10-15-14-13	100	7	700
913	9	13	9-7-1-2-5-10-15-14-13	100	8	800
913	9	13	9-14-15-17-19-20-18-16-12-13	100	9	900
914	9	14	9-14	100	1	100
914	9	14	9-7-8-11-12-13-14	100	6	600
914	9	14	9-7-6-5-10-15-14	100	6	600
914	9	14	9-7-1-2-5-10-15-14	100	7	700
914	9	14	9-7-1-0-2-5-10-15-14	100	8	800
915	9	15	9-14-15	100	2	200
915	9	15	9-7-6-5-10-15	100	5	500
915	9	15	9-7-1-2-5-10-15	100	6	600
915	9	15	9-7-8-11-12-13-14-15	100	7	700
915	9	15	9-7-1-3-4-5-10-15	100	7	700
916	9	16	9-14-13-12-16	100	4	400
916	9	16	9-7-8-11-12-16	100	5	500
916	9	16	9-14-15-17-19-20-18-16	100	7	700
916	9	16	9-7-6-5-10-15-14-13-12-16	100	9	900
916	9	16	9-14-15-10-5-6-7-8-11-12-16	100	10	1000
917	9	17	9-14-15-17	100	3	300
917	9	17	9-7-6-5-10-15-17	100	6	600
917	9	17	9-7-1-2-5-10-15-17	100	7	700
917	9	17	9-7-8-11-12-13-14-15-17	100	8	800
917	9	17	9-14-13-12-16-18-20-19-17	100	8	800
918	9	18	9-14-13-12-16-18	100	5	500
918	9	18	9-7-8-11-12-16-18	100	6	600
918	9	18	9-14-15-17-19-20-18	100	6	600
918	9	18	9-7-6-5-10-15-17-19-20-18	100	9	900
918	9	18	9-7-6-5-10-15-14-13-12-16-18	100	10	1000
919	9	19	9-14-15-17-19	100	4	400
919	9	19	9-7-6-5-10-15-17-19	100	7	700
919	9	19	9-14-13-12-16-18-20-19	100	7	700
919	9	19	9-7-1-2-5-10-15-17-19	100	8	800
919	9	19	9-7-8-11-12-16-18-20-19	100	8	800
920	9	20	9-14-15-17-19-20	100	5	500
920	9	20	9-14-13-12-16-18-20	100	6	600
920	9	20	9-7-8-11-12-16-18-20	100	7	700
920	9	20	9-7-6-5-10-15-17-19-20	100	8	800
920	9	20	9-7-1-2-5-10-15-17-19-20	100	9	900
100	10	0	10-5-2-0	100	3	300
100	10	0	10-5-2-1-0	100	4	400
100	10	0	10-5-4-3-1-0	100	5	500
100	10	0	10-5-6-7-1-0	100	5	500
100	10	0	10-15-14-9-7-1-0	100	6	600
101	10	1	10-5-2-1	100	3	300
101	10	1	10-5-2-0-1	100	4	400
101	10	1	10-5-6-7-1	100	4	400
101	10	1	10-5-4-3-1	100	4	400
101	10	1	10-15-14-9-7-1	100	5	500
102	10	2	10-5-2	100	2	200
102	10	2	10-5-4-3-1-2	100	5	500
102	10	2	10-5-6-7-1-2	100	5	500
102	10	2	10-5-4-3-1-0-2	100	6	600
102	10	2	10-15-14-9-7-1-2	100	6	600
103	10	3	10-5-4-3	100	3	300
103	10	3	10-5-2-1-3	100	4	400
103	10	3	10-5-2-0-1-3	100	5	500
103	10	3	10-5-6-7-1-3	100	5	500
103	10	3	10-15-14-9-7-1-3	100	6	600
104	10	4	10-5-4	100	2	200
104	10	4	10-5-2-1-3-4	100	5	500
104	10	4	10-5-2-0-1-3-4	100	6	600
104	10	4	10-5-6-7-1-3-4	100	6	600
104	10	4	10-15-14-9-7-1-3-4	100	7	700
105	10	5	10-5	100	1	100
105	10	5	10-15-14-9-7-6-5	100	6	600
105	10	5	10-15-14-9-7-1-2-5	100	7	700
105	10	5	10-15-14-9-7-1-0-2-5	100	8	800
105	10	5	10-15-14-9-7-1-3-4-5	100	8	800
106	10	6	10-5-6	100	2	200
106	10	6	10-5-2-1-7-6	100	5	500
106	10	6	10-15-14-9-7-6	100	5	500
106	10	6	10-5-2-0-1-7-6	100	6	600
106	10	6	10-5-4-3-1-7-6	100	6	600
107	10	7	10-5-6-7	100	3	300
107	10	7	10-5-2-1-7	100	4	400
107	10	7	10-15-14-9-7	100	4	400
107	10	7	10-5-2-0-1-7	100	5	500
107	10	7	10-5-4-3-1-7	100	5	500
108	10	8	10-5-6-7-8	100	4	400
108	10	8	10-5-2-1-7-8	100	5	500
108	10	8	10-15-14-9-7-8	100	5	500
108	10	8	10-15-14-13-12-11-8	100	6	600
108	10	8	10-5-4-3-1-7-8	100	6	600
109	10	9	10-15-14-9	100	3	300
109	10	9	10-5-6-7-9	100	4	400
109	10	9	10-5-2-1-7-9	100	5	500
109	10	9	10-5-2-0-1-7-9	100	6	600
109	10	9	10-5-4-3-1-7-9	100	6	600
1011	10	11	10-15-14-13-12-11	100	5	500
1011	10	11	10-5-6-7-8-11	100	5	500
1011	10	11	10-5-2-1-7-8-11	100	6	600
1011	10	11	10-15-14-9-7-8-11	100	6	600
1011	10	11	10-5-2-0-1-7-8-11	100	7	700
1012	10	12	10-15-14-13-12	100	4	400
1012	10	12	10-5-6-7-8-11-12	100	6	600
1012	10	12	10-5-2-1-7-8-11-12	100	7	700
1012	10	12	10-15-17-19-20-18-16-12	100	7	700
1012	10	12	10-5-6-7-9-14-13-12	100	7	700
1013	10	13	10-15-14-13	100	3	300
1013	10	13	10-5-6-7-9-14-13	100	6	600
1013	10	13	10-5-6-7-8-11-12-13	100	7	700
1013	10	13	10-5-2-1-7-9-14-13	100	7	700
1013	10	13	10-5-2-1-7-8-11-12-13	100	8	800
1014	10	14	10-15-14	100	2	200
1014	10	14	10-5-6-7-9-14	100	5	500
1014	10	14	10-5-2-1-7-9-14	100	6	600
1014	10	14	10-5-2-0-1-7-9-14	100	7	700
1014	10	14	10-5-4-3-1-7-9-14	100	7	700
1015	10	15	10-15	100	1	100
1015	10	15	10-5-6-7-9-14-15	100	6	600
1015	10	15	10-5-2-1-7-9-14-15	100	7	700
1015	10	15	10-5-2-0-1-7-9-14-15	100	8	800
1015	10	15	10-5-4-3-1-7-9-14-15	100	8	800
1016	10	16	10-15-14-13-12-16	100	5	500
1016	10	16	10-15-17-19-20-18-16	100	6	600
1016	10	16	10-5-6-7-8-11-12-16	100	7	700
1016	10	16	10-5-2-1-7-8-11-12-16	100	8	800
1016	10	16	10-15-14-9-7-8-11-12-16	100	8	800
1017	10	17	10-15-17	100	2	200
1017	10	17	10-5-6-7-9-14-15-17	100	7	700
1017	10	17	10-5-2-1-7-9-14-15-17	100	8	800
1017	10	17	10-5-2-0-1-7-9-14-15-17	100	9	900
1017	10	17	10-15-14-13-12-16-18-20-19-17	100	9	900
1018	10	18	10-15-17-19-20-18	100	5	500
1018	10	18	10-15-14-13-12-16-18	100	6	600
1018	10	18	10-5-6-7-8-11-12-16-18	100	8	800
1018	10	18	10-5-2-1-7-8-11-12-16-18	100	9	900
1018	10	18	10-5-6-7-9-14-13-12-16-18	100	9	900
1019	10	19	10-15-17-19	100	3	300
1019	10	19	10-5-6-7-9-14-15-17-19	100	8	800
1019	10	19	10-15-14-13-12-16-18-20-19	100	8	800
1019	10	19	10-5-2-1-7-9-14-15-17-19	100	9	900
1019	10	19	10-5-2-0-1-7-9-14-15-17-19	100	10	1000
1020	10	20	10-15-17-19-20	100	4	400
1020	10	20	10-15-14-13-12-16-18-20	100	7	700
1020	10	20	10-5-6-7-8-11-12-16-18-20	100	9	900
1020	10	20	10-5-6-7-9-14-15-17-19-20	100	9	900
1020	10	20	10-5-2-1-7-8-11-12-16-18-20	100	10	1000
110	11	0	11-8-7-1-0	100	4	400
110	11	0	11-8-7-1-2-0	100	5	500
110	11	0	11-8-7-6-5-2-0	100	6	600
110	11	0	11-8-7-6-5-2-1-0	100	7	700
110	11	0	11-12-13-14-9-7-1-0	100	7	700
111	11	1	11-8-7-1	100	3	300
111	11	1	11-8-7-6-5-2-1	100	6	600
111	11	1	11-12-13-14-9-7-1	100	6	600
111	11	1	11-8-7-6-5-2-0-1	100	7	700
111	11	1	11-8-7-6-5-4-3-1	100	7	700
112	11	2	11-8-7-1-2	100	4	400
112	11	2	11-8-7-1-0-2	100	5	500
112	11	2	11-8-7-6-5-2	100	5	500
112	11	2	11-12-13-14-9-7-1-2	100	7	700
112	11	2	11-12-13-14-15-10-5-2	100	7	700
113	11	3	11-8-7-1-3	100	4	400
113	11	3	11-8-7-6-5-4-3	100	6	600
113	11	3	11-8-7-6-5-2-1-3	100	7	700
113	11	3	11-8-7-1-2-5-4-3	100	7	700
113	11	3	11-12-13-14-9-7-1-3	100	7	700
114	11	4	11-8-7-1-3-4	100	5	500
114	11	4	11-8-7-6-5-4	100	5	500
114	11	4	11-8-7-1-2-5-4	100	6	600
114	11	4	11-8-7-1-0-2-5-4	100	7	700
114	11	4	11-12-13-14-15-10-5-4	100	7	700
115	11	5	11-8-7-6-5	100	4	400
115	11	5	11-8-7-1-2-5	100	5	500
115	11	5	11-8-7-1-0-2-5	100	6	600
115	11	5	11-12-13-14-15-10-5	100	6	600
115	11	5	11-8-7-1-3-4-5	100	6	600
116	11	6	11-8-7-6	100	3	300
116	11	6	11-8-7-1-2-5-6	100	6	600
116	11	6	11-12-13-14-9-7-6	100	6	600
116	11	6	11-8-7-1-0-2-5-6	100	7	700
116	11	6	11-8-7-1-3-4-5-6	100	7	700
117	11	7	11-8-7	100	2	200
117	11	7	11-12-13-14-9-7	100	5	500
117	11	7	11-12-13-14-15-10-5-6-7	100	8	800
117	11	7	11-12-13-14-15-10-5-2-1-7	100	9	900
117	11	7	11-12-13-14-15-10-5-2-0-1-7	100	10	1000
118	11	8	11-8	100	1	100
118	11	8	11-12-13-14-9-7-8	100	6	600
118	11	8	11-12-13-14-15-10-5-6-7-8	100	9	900
118	11	8	11-12-13-14-15-10-5-2-1-7-8	100	10	1000
118	11	8	11-12-13-14-15-10-5-2-0-1-7-8	100	11	1100
119	11	9	11-8-7-9	100	3	300
119	11	9	11-12-13-14-9	100	4	400
119	11	9	11-8-7-6-5-10-15-14-9	100	8	800
119	11	9	11-12-16-18-20-19-17-15-14-9	100	9	900
119	11	9	11-12-13-14-15-10-5-6-7-9	100	9	900
1110	11	10	11-12-13-14-15-10	100	5	500
1110	11	10	11-8-7-6-5-10	100	5	500
1110	11	10	11-8-7-9-14-15-10	100	6	600
1110	11	10	11-8-7-1-2-5-10	100	6	600
1110	11	10	11-8-7-1-0-2-5-10	100	7	700
1112	11	12	11-12	100	1	100
1112	11	12	11-8-7-9-14-13-12	100	6	600
1112	11	12	11-8-7-6-5-10-15-14-13-12	100	9	900
1112	11	12	11-8-7-1-2-5-10-15-14-13-12	100	10	1000
1112	11	12	11-8-7-1-0-2-5-10-15-14-13-12	100	11	1100
1113	11	13	11-12-13	100	2	200
1113	11	13	11-8-7-9-14-13	100	5	500
1113	11	13	11-8-7-6-5-10-15-14-13	100	8	800
1113	11	13	11-12-16-18-20-19-17-15-14-13	100	9	900
1113	11	13	11-8-7-1-2-5-10-15-14-13	100	9	900
1114	11	14	11-12-13-14	100	3	300
1114	11	14	11-8-7-9-14	100	4	400
1114	11	14	11-8-7-6-5-10-15-14	100	7	700
1114	11	14	11-12-16-18-20-19-17-15-14	100	8	800
1114	11	14	11-8-7-1-2-5-10-15-14	100	8	800
1115	11	15	11-12-13-14-15	100	4	400
1115	11	15	11-8-7-9-14-15	100	5	500
1115	11	15	11-8-7-6-5-10-15	100	6	600
1115	11	15	11-12-16-18-20-19-17-15	100	7	700
1115	11	15	11-8-7-1-2-5-10-15	100	7	700
1116	11	16	11-12-16	100	2	200
1116	11	16	11-8-7-9-14-13-12-16	100	7	700
1116	11	16	11-12-13-14-15-17-19-20-18-16	100	9	900
1116	11	16	11-8-7-6-5-10-15-14-13-12-16	100	10	1000
1116	11	16	11-8-7-9-14-15-17-19-20-18-16	100	10	1000
1117	11	17	11-12-13-14-15-17	100	5	500
1117	11	17	11-8-7-9-14-15-17	100	6	600
1117	11	17	11-12-16-18-20-19-17	100	6	600
1117	11	17	11-8-7-6-5-10-15-17	100	7	700
1117	11	17	11-8-7-1-2-5-10-15-17	100	8	800
1118	11	18	11-12-16-18	100	3	300
1118	11	18	11-8-7-9-14-13-12-16-18	100	8	800
1118	11	18	11-12-13-14-15-17-19-20-18	100	8	800
1118	11	18	11-8-7-9-14-15-17-19-20-18	100	9	900
1118	11	18	11-8-7-6-5-10-15-17-19-20-18	100	10	1000
1119	11	19	11-12-16-18-20-19	100	5	500
1119	11	19	11-12-13-14-15-17-19	100	6	600
1119	11	19	11-8-7-9-14-15-17-19	100	7	700
1119	11	19	11-8-7-6-5-10-15-17-19	100	8	800
1119	11	19	11-8-7-1-2-5-10-15-17-19	100	9	900
1120	11	20	11-12-16-18-20	100	4	400
1120	11	20	11-12-13-14-15-17-19-20	100	7	700
1120	11	20	11-8-7-9-14-15-17-19-20	100	8	800
1120	11	20	11-8-7-9-14-13-12-16-18-20	100	9	900
1120	11	20	11-8-7-6-5-10-15-17-19-20	100	9	900
120	12	0	12-11-8-7-1-0	100	5	500
120	12	0	12-13-14-9-7-1-0	100	6	600
120	12	0	12-11-8-7-1-2-0	100	6	600
120	12	0	12-13-14-9-7-1-2-0	100	7	700
120	12	0	12-11-8-7-6-5-2-0	100	7	700
121	12	1	12-11-8-7-1	100	4	400
121	12	1	12-13-14-9-7-1	100	5	500
121	12	1	12-11-8-7-6-5-2-1	100	7	700
121	12	1	12-13-14-15-10-5-2-1	100	7	700
121	12	1	12-11-8-7-6-5-2-0-1	100	8	800
122	12	2	12-11-8-7-1-2	100	5	500
122	12	2	12-11-8-7-1-0-2	100	6	600
122	12	2	12-13-14-15-10-5-2	100	6	600
122	12	2	12-11-8-7-6-5-2	100	6	600
122	12	2	12-13-14-9-7-1-2	100	6	600
123	12	3	12-11-8-7-1-3	100	5	500
123	12	3	12-13-14-9-7-1-3	100	6	600
123	12	3	12-11-8-7-6-5-4-3	100	7	700
123	12	3	12-13-14-15-10-5-4-3	100	7	700
123	12	3	12-13-14-15-10-5-2-1-3	100	8	800
124	12	4	12-11-8-7-1-3-4	100	6	600
124	12	4	12-13-14-15-10-5-4	100	6	600
124	12	4	12-11-8-7-6-5-4	100	6	600
124	12	4	12-13-14-9-7-1-3-4	100	7	700
124	12	4	12-13-14-9-7-6-5-4	100	7	700
125	12	5	12-11-8-7-6-5	100	5	500
125	12	5	12-13-14-15-10-5	100	5	500
125	12	5	12-11-8-7-1-2-5	100	6	600
125	12	5	12-13-14-9-7-6-5	100	6	600
125	12	5	12-11-8-7-1-0-2-5	100	7	700
126	12	6	12-11-8-7-6	100	4	400
126	12	6	12-13-14-9-7-6	100	5	500
126	12	6	12-13-14-15-10-5-6	100	6	600
126	12	6	12-11-8-7-1-2-5-6	100	7	700
126	12	6	12-11-8-7-1-0-2-5-6	100	8	800
127	12	7	12-11-8-7	100	3	300
127	12	7	12-13-14-9-7	100	4	400
127	12	7	12-13-14-15-10-5-6-7	100	7	700
127	12	7	12-13-14-15-10-5-2-1-7	100	8	800
127	12	7	12-13-14-15-10-5-2-0-1-7	100	9	900
128	12	8	12-11-8	100	2	200
128	12	8	12-13-14-9-7-8	100	5	500
128	12	8	12-13-14-15-10-5-6-7-8	100	8	800
128	12	8	12-13-14-15-10-5-2-1-7-8	100	9	900
128	12	8	12-13-14-15-10-5-2-0-1-7-8	100	10	1000
129	12	9	12-13-14-9	100	3	300
129	12	9	12-11-8-7-9	100	4	400
129	12	9	12-16-18-20-19-17-15-14-9	100	8	800
129	12	9	12-13-14-15-10-5-6-7-9	100	8	800
129	12	9	12-11-8-7-6-5-10-15-14-9	100	9	900
1210	12	10	12-13-14-15-10	100	4	400
1210	12	10	12-11-8-7-6-5-10	100	6	600
1210	12	10	12-11-8-7-9-14-15-10	100	7	700
1210	12	10	12-13-14-9-7-6-5-10	100	7	700
1210	12	10	12-11-8-7-1-2-5-10	100	7	700
1211	12	11	12-11	100	1	100
1211	12	11	12-13-14-9-7-8-11	100	6	600
1211	12	11	12-13-14-15-10-5-6-7-8-11	100	9	900
1211	12	11	12-13-14-15-10-5-2-1-7-8-11	100	10	1000
1211	12	11	12-13-14-15-10-5-2-0-1-7-8-11	100	11	1100
1213	12	13	12-13	100	1	100
1213	12	13	12-11-8-7-9-14-13	100	6	600
1213	12	13	12-16-18-20-19-17-15-14-13	100	8	800
1213	12	13	12-11-8-7-6-5-10-15-14-13	100	9	900
1213	12	13	12-11-8-7-1-2-5-10-15-14-13	100	10	1000
1214	12	14	12-13-14	100	2	200
1214	12	14	12-11-8-7-9-14	100	5	500
1214	12	14	12-16-18-20-19-17-15-14	100	7	700
1214	12	14	12-11-8-7-6-5-10-15-14	100	8	800
1214	12	14	12-11-8-7-1-2-5-10-15-14	100	9	900
1215	12	15	12-13-14-15	100	3	300
1215	12	15	12-11-8-7-9-14-15	100	6	600
1215	12	15	12-16-18-20-19-17-15	100	6	600
1215	12	15	12-11-8-7-6-5-10-15	100	7	700
1215	12	15	12-11-8-7-1-2-5-10-15	100	8	800
1216	12	16	12-16	100	1	100
1216	12	16	12-13-14-15-17-19-20-18-16	100	8	800
1216	12	16	12-11-8-7-9-14-15-17-19-20-18-16	100	11	1100
1216	12	16	12-11-8-7-6-5-10-15-17-19-20-18-16	100	12	1200
1216	12	16	12-11-8-7-1-2-5-10-15-17-19-20-18-16	100	13	1300
1217	12	17	12-13-14-15-17	100	4	400
1217	12	17	12-16-18-20-19-17	100	5	500
1217	12	17	12-11-8-7-9-14-15-17	100	7	700
1217	12	17	12-11-8-7-6-5-10-15-17	100	8	800
1217	12	17	12-11-8-7-1-2-5-10-15-17	100	9	900
1218	12	18	12-16-18	100	2	200
1218	12	18	12-13-14-15-17-19-20-18	100	7	700
1218	12	18	12-11-8-7-9-14-15-17-19-20-18	100	10	1000
1218	12	18	12-11-8-7-6-5-10-15-17-19-20-18	100	11	1100
1218	12	18	12-11-8-7-1-2-5-10-15-17-19-20-18	100	12	1200
1219	12	19	12-16-18-20-19	100	4	400
1219	12	19	12-13-14-15-17-19	100	5	500
1219	12	19	12-11-8-7-9-14-15-17-19	100	8	800
1219	12	19	12-11-8-7-6-5-10-15-17-19	100	9	900
1219	12	19	12-11-8-7-1-2-5-10-15-17-19	100	10	1000
1220	12	20	12-16-18-20	100	3	300
1220	12	20	12-13-14-15-17-19-20	100	6	600
1220	12	20	12-11-8-7-9-14-15-17-19-20	100	9	900
1220	12	20	12-11-8-7-6-5-10-15-17-19-20	100	10	1000
1220	12	20	12-11-8-7-1-2-5-10-15-17-19-20	100	11	1100
130	13	0	13-14-9-7-1-0	100	5	500
130	13	0	13-12-11-8-7-1-0	100	6	600
130	13	0	13-14-15-10-5-2-0	100	6	600
130	13	0	13-14-9-7-1-2-0	100	6	600
130	13	0	13-14-15-10-5-2-1-0	100	7	700
131	13	1	13-14-9-7-1	100	4	400
131	13	1	13-12-11-8-7-1	100	5	500
131	13	1	13-14-15-10-5-2-1	100	6	600
131	13	1	13-14-15-10-5-2-0-1	100	7	700
131	13	1	13-14-15-10-5-6-7-1	100	7	700
132	13	2	13-14-9-7-1-2	100	5	500
132	13	2	13-14-15-10-5-2	100	5	500
132	13	2	13-14-9-7-1-0-2	100	6	600
132	13	2	13-14-9-7-6-5-2	100	6	600
132	13	2	13-12-11-8-7-1-2	100	6	600
133	13	3	13-14-9-7-1-3	100	5	500
133	13	3	13-12-11-8-7-1-3	100	6	600
133	13	3	13-14-15-10-5-4-3	100	6	600
133	13	3	13-14-15-10-5-2-1-3	100	7	700
133	13	3	13-14-9-7-6-5-4-3	100	7	700
134	13	4	13-14-15-10-5-4	100	5	500
134	13	4	13-14-9-7-1-3-4	100	6	600
134	13	4	13-14-9-7-6-5-4	100	6	600
134	13	4	13-12-11-8-7-1-3-4	100	7	700
134	13	4	13-12-11-8-7-6-5-4	100	7	700
135	13	5	13-14-15-10-5	100	4	400
135	13	5	13-14-9-7-6-5	100	5	500
135	13	5	13-14-9-7-1-2-5	100	6	600
135	13	5	13-12-11-8-7-6-5	100	6	600
135	13	5	13-14-9-7-1-0-2-5	100	7	700
136	13	6	13-14-9-7-6	100	4	400
136	13	6	13-14-15-10-5-6	100	5	500
136	13	6	13-12-11-8-7-6	100	5	500
136	13	6	13-14-9-7-1-2-5-6	100	7	700
136	13	6	13-14-9-7-1-0-2-5-6	100	8	800
137	13	7	13-14-9-7	100	3	300
137	13	7	13-12-11-8-7	100	4	400
137	13	7	13-14-15-10-5-6-7	100	6	600
137	13	7	13-14-15-10-5-2-1-7	100	7	700
137	13	7	13-14-15-10-5-2-0-1-7	100	8	800
138	13	8	13-12-11-8	100	3	300
138	13	8	13-14-9-7-8	100	4	400
138	13	8	13-14-15-10-5-6-7-8	100	7	700
138	13	8	13-14-15-10-5-2-1-7-8	100	8	800
138	13	8	13-14-15-10-5-2-0-1-7-8	100	9	900
139	13	9	13-14-9	100	2	200
139	13	9	13-12-11-8-7-9	100	5	500
139	13	9	13-14-15-10-5-6-7-9	100	7	700
139	13	9	13-14-15-10-5-2-1-7-9	100	8	800
139	13	9	13-12-16-18-20-19-17-15-14-9	100	9	900
1310	13	10	13-14-15-10	100	3	300
1310	13	10	13-14-9-7-6-5-10	100	6	600
1310	13	10	13-14-9-7-1-2-5-10	100	7	700
1310	13	10	13-12-11-8-7-6-5-10	100	7	700
1310	13	10	13-12-11-8-7-9-14-15-10	100	8	800
1311	13	11	13-12-11	100	2	200
1311	13	11	13-14-9-7-8-11	100	5	500
1311	13	11	13-14-15-10-5-6-7-8-11	100	8	800
1311	13	11	13-14-15-17-19-20-18-16-12-11	100	9	900
1311	13	11	13-14-15-10-5-2-1-7-8-11	100	9	900
1312	13	12	13-12	100	1	100
1312	13	12	13-14-9-7-8-11-12	100	6	600
1312	13	12	13-14-15-17-19-20-18-16-12	100	8	800
1312	13	12	13-14-15-10-5-6-7-8-11-12	100	9	900
1312	13	12	13-14-15-10-5-2-1-7-8-11-12	100	10	1000
1314	13	14	13-14	100	1	100
1314	13	14	13-12-11-8-7-9-14	100	6	600
1314	13	14	13-12-16-18-20-19-17-15-14	100	8	800
1314	13	14	13-12-11-8-7-6-5-10-15-14	100	9	900
1314	13	14	13-12-11-8-7-1-2-5-10-15-14	100	10	1000
1315	13	15	13-14-15	100	2	200
1315	13	15	13-12-11-8-7-9-14-15	100	7	700
1315	13	15	13-14-9-7-6-5-10-15	100	7	700
1315	13	15	13-12-16-18-20-19-17-15	100	7	700
1315	13	15	13-14-9-7-1-2-5-10-15	100	8	800
1316	13	16	13-12-16	100	2	200
1316	13	16	13-14-9-7-8-11-12-16	100	7	700
1316	13	16	13-14-15-17-19-20-18-16	100	7	700
1316	13	16	13-14-15-10-5-6-7-8-11-12-16	100	10	1000
1316	13	16	13-14-15-10-5-2-1-7-8-11-12-16	100	11	1100
1317	13	17	13-14-15-17	100	3	300
1317	13	17	13-12-16-18-20-19-17	100	6	600
1317	13	17	13-12-11-8-7-9-14-15-17	100	8	800
1317	13	17	13-14-9-7-6-5-10-15-17	100	8	800
1317	13	17	13-14-9-7-1-2-5-10-15-17	100	9	900
1318	13	18	13-12-16-18	100	3	300
1318	13	18	13-14-15-17-19-20-18	100	6	600
1318	13	18	13-14-9-7-8-11-12-16-18	100	8	800
1318	13	18	13-14-15-10-5-6-7-8-11-12-16-18	100	11	1100
1318	13	18	13-14-9-7-6-5-10-15-17-19-20-18	100	11	1100
1319	13	19	13-14-15-17-19	100	4	400
1319	13	19	13-12-16-18-20-19	100	5	500
1319	13	19	13-12-11-8-7-9-14-15-17-19	100	9	900
1319	13	19	13-14-9-7-6-5-10-15-17-19	100	9	900
1319	13	19	13-14-9-7-1-2-5-10-15-17-19	100	10	1000
1320	13	20	13-12-16-18-20	100	4	400
1320	13	20	13-14-15-17-19-20	100	5	500
1320	13	20	13-14-9-7-8-11-12-16-18-20	100	9	900
1320	13	20	13-12-11-8-7-9-14-15-17-19-20	100	10	1000
1320	13	20	13-14-9-7-6-5-10-15-17-19-20	100	10	1000
140	14	0	14-9-7-1-0	100	4	400
140	14	0	14-9-7-1-2-0	100	5	500
140	14	0	14-15-10-5-2-0	100	5	500
140	14	0	14-15-10-5-2-1-0	100	6	600
140	14	0	14-9-7-6-5-2-0	100	6	600
141	14	1	14-9-7-1	100	3	300
141	14	1	14-15-10-5-2-1	100	5	500
141	14	1	14-15-10-5-2-0-1	100	6	600
141	14	1	14-13-12-11-8-7-1	100	6	600
141	14	1	14-15-10-5-6-7-1	100	6	600
142	14	2	14-9-7-1-2	100	4	400
142	14	2	14-15-10-5-2	100	4	400
142	14	2	14-9-7-1-0-2	100	5	500
142	14	2	14-9-7-6-5-2	100	5	500
142	14	2	14-15-10-5-4-3-1-2	100	7	700
143	14	3	14-9-7-1-3	100	4	400
143	14	3	14-15-10-5-4-3	100	5	500
143	14	3	14-15-10-5-2-1-3	100	6	600
143	14	3	14-9-7-6-5-4-3	100	6	600
143	14	3	14-15-10-5-2-0-1-3	100	7	700
144	14	4	14-15-10-5-4	100	4	400
144	14	4	14-9-7-1-3-4	100	5	500
144	14	4	14-9-7-6-5-4	100	5	500
144	14	4	14-9-7-1-2-5-4	100	6	600
144	14	4	14-15-10-5-2-1-3-4	100	7	700
145	14	5	14-15-10-5	100	3	300
145	14	5	14-9-7-6-5	100	4	400
145	14	5	14-9-7-1-2-5	100	5	500
145	14	5	14-9-7-1-0-2-5	100	6	600
145	14	5	14-9-7-1-3-4-5	100	6	600
146	14	6	14-9-7-6	100	3	300
146	14	6	14-15-10-5-6	100	4	400
146	14	6	14-9-7-1-2-5-6	100	6	600
146	14	6	14-13-12-11-8-7-6	100	6	600
146	14	6	14-9-7-1-0-2-5-6	100	7	700
147	14	7	14-9-7	100	2	200
147	14	7	14-15-10-5-6-7	100	5	500
147	14	7	14-13-12-11-8-7	100	5	500
147	14	7	14-15-10-5-2-1-7	100	6	600
147	14	7	14-15-10-5-2-0-1-7	100	7	700
148	14	8	14-9-7-8	100	3	300
148	14	8	14-13-12-11-8	100	4	400
148	14	8	14-15-10-5-6-7-8	100	6	600
148	14	8	14-15-10-5-2-1-7-8	100	7	700
148	14	8	14-15-10-5-2-0-1-7-8	100	8	800
149	14	9	14-9	100	1	100
149	14	9	14-15-10-5-6-7-9	100	6	600
149	14	9	14-13-12-11-8-7-9	100	6	600
149	14	9	14-15-10-5-2-1-7-9	100	7	700
149	14	9	14-15-10-5-2-0-1-7-9	100	8	800
1410	14	10	14-15-10	100	2	200
1410	14	10	14-9-7-6-5-10	100	5	500
1410	14	10	14-9-7-1-2-5-10	100	6	600
1410	14	10	14-9-7-1-0-2-5-10	100	7	700
1410	14	10	14-9-7-1-3-4-5-10	100	7	700
1411	14	11	14-13-12-11	100	3	300
1411	14	11	14-9-7-8-11	100	4	400
1411	14	11	14-15-10-5-6-7-8-11	100	7	700
1411	14	11	14-15-17-19-20-18-16-12-11	100	8	800
1411	14	11	14-15-10-5-2-1-7-8-11	100	8	800
1412	14	12	14-13-12	100	2	200
1412	14	12	14-9-7-8-11-12	100	5	500
1412	14	12	14-15-17-19-20-18-16-12	100	7	700
1412	14	12	14-15-10-5-6-7-8-11-12	100	8	800
1412	14	12	14-15-10-5-2-1-7-8-11-12	100	9	900
1413	14	13	14-13	100	1	100
1413	14	13	14-9-7-8-11-12-13	100	6	600
1413	14	13	14-15-17-19-20-18-16-12-13	100	8	800
1413	14	13	14-15-10-5-6-7-8-11-12-13	100	9	900
1413	14	13	14-15-10-5-2-1-7-8-11-12-13	100	10	1000
1415	14	15	14-15	100	1	100
1415	14	15	14-9-7-6-5-10-15	100	6	600
1415	14	15	14-9-7-1-2-5-10-15	100	7	700
1415	14	15	14-13-12-16-18-20-19-17-15	100	8	800
1415	14	15	14-9-7-1-3-4-5-10-15	100	8	800
1416	14	16	14-13-12-16	100	3	300
1416	14	16	14-9-7-8-11-12-16	100	6	600
1416	14	16	14-15-17-19-20-18-16	100	6	600
1416	14	16	14-15-10-5-6-7-8-11-12-16	100	9	900
1416	14	16	14-15-10-5-2-1-7-8-11-12-16	100	10	1000
1417	14	17	14-15-17	100	2	200
1417	14	17	14-9-7-6-5-10-15-17	100	7	700
1417	14	17	14-13-12-16-18-20-19-17	100	7	700
1417	14	17	14-9-7-1-2-5-10-15-17	100	8	800
1417	14	17	14-9-7-1-0-2-5-10-15-17	100	9	900
1418	14	18	14-13-12-16-18	100	4	400
1418	14	18	14-15-17-19-20-18	100	5	500
1418	14	18	14-9-7-8-11-12-16-18	100	7	700
1418	14	18	14-15-10-5-6-7-8-11-12-16-18	100	10	1000
1418	14	18	14-9-7-6-5-10-15-17-19-20-18	100	10	1000
1419	14	19	14-15-17-19	100	3	300
1419	14	19	14-13-12-16-18-20-19	100	6	600
1419	14	19	14-9-7-6-5-10-15-17-19	100	8	800
1419	14	19	14-9-7-1-2-5-10-15-17-19	100	9	900
1419	14	19	14-9-7-8-11-12-16-18-20-19	100	9	900
1420	14	20	14-15-17-19-20	100	4	400
1420	14	20	14-13-12-16-18-20	100	5	500
1420	14	20	14-9-7-8-11-12-16-18-20	100	8	800
1420	14	20	14-9-7-6-5-10-15-17-19-20	100	9	900
1420	14	20	14-9-7-1-2-5-10-15-17-19-20	100	10	1000
150	15	0	15-10-5-2-0	100	4	400
150	15	0	15-10-5-2-1-0	100	5	500
150	15	0	15-14-9-7-1-0	100	5	500
150	15	0	15-10-5-4-3-1-0	100	6	600
150	15	0	15-14-9-7-1-2-0	100	6	600
151	15	1	15-10-5-2-1	100	4	400
151	15	1	15-14-9-7-1	100	4	400
151	15	1	15-10-5-2-0-1	100	5	500
151	15	1	15-10-5-6-7-1	100	5	500
151	15	1	15-10-5-4-3-1	100	5	500
152	15	2	15-10-5-2	100	3	300
152	15	2	15-14-9-7-1-2	100	5	500
152	15	2	15-14-9-7-1-0-2	100	6	600
152	15	2	15-14-9-7-6-5-2	100	6	600
152	15	2	15-10-5-6-7-1-2	100	6	600
153	15	3	15-10-5-4-3	100	4	400
153	15	3	15-10-5-2-1-3	100	5	500
153	15	3	15-14-9-7-1-3	100	5	500
153	15	3	15-10-5-2-0-1-3	100	6	600
153	15	3	15-10-5-6-7-1-3	100	6	600
154	15	4	15-10-5-4	100	3	300
154	15	4	15-10-5-2-1-3-4	100	6	600
154	15	4	15-14-9-7-6-5-4	100	6	600
154	15	4	15-14-9-7-1-3-4	100	6	600
154	15	4	15-10-5-2-0-1-3-4	100	7	700
155	15	5	15-10-5	100	2	200
155	15	5	15-14-9-7-6-5	100	5	500
155	15	5	15-14-9-7-1-2-5	100	6	600
155	15	5	15-14-9-7-1-0-2-5	100	7	700
155	15	5	15-14-9-7-1-3-4-5	100	7	700
156	15	6	15-10-5-6	100	3	300
156	15	6	15-14-9-7-6	100	4	400
156	15	6	15-10-5-2-1-7-6	100	6	600
156	15	6	15-14-9-7-1-2-5-6	100	7	700
156	15	6	15-10-5-4-3-1-7-6	100	7	700
157	15	7	15-14-9-7	100	3	300
157	15	7	15-10-5-6-7	100	4	400
157	15	7	15-10-5-2-1-7	100	5	500
157	15	7	15-10-5-2-0-1-7	100	6	600
157	15	7	15-14-13-12-11-8-7	100	6	600
158	15	8	15-14-9-7-8	100	4	400
158	15	8	15-14-13-12-11-8	100	5	500
158	15	8	15-10-5-6-7-8	100	5	500
158	15	8	15-10-5-2-1-7-8	100	6	600
158	15	8	15-10-5-2-0-1-7-8	100	7	700
159	15	9	15-14-9	100	2	200
159	15	9	15-10-5-6-7-9	100	5	500
159	15	9	15-10-5-2-1-7-9	100	6	600
159	15	9	15-10-5-2-0-1-7-9	100	7	700
159	15	9	15-10-5-4-3-1-7-9	100	7	700
1510	15	10	15-10	100	1	100
1510	15	10	15-14-9-7-6-5-10	100	6	600
1510	15	10	15-14-9-7-1-2-5-10	100	7	700
1510	15	10	15-14-9-7-1-0-2-5-10	100	8	800
1510	15	10	15-14-9-7-1-3-4-5-10	100	8	800
1511	15	11	15-14-13-12-11	100	4	400
1511	15	11	15-14-9-7-8-11	100	5	500
1511	15	11	15-10-5-6-7-8-11	100	6	600
1511	15	11	15-17-19-20-18-16-12-11	100	7	700
1511	15	11	15-10-5-2-1-7-8-11	100	7	700
1512	15	12	15-14-13-12	100	3	300
1512	15	12	15-14-9-7-8-11-12	100	6	600
1512	15	12	15-17-19-20-18-16-12	100	6	600
1512	15	12	15-10-5-6-7-8-11-12	100	7	700
1512	15	12	15-10-5-2-1-7-8-11-12	100	8	800
1513	15	13	15-14-13	100	2	200
1513	15	13	15-14-9-7-8-11-12-13	100	7	700
1513	15	13	15-10-5-6-7-9-14-13	100	7	700
1513	15	13	15-17-19-20-18-16-12-13	100	7	700
1513	15	13	15-10-5-6-7-8-11-12-13	100	8	800
1514	15	14	15-14	100	1	100
1514	15	14	15-10-5-6-7-9-14	100	6	600
1514	15	14	15-10-5-2-1-7-9-14	100	7	700
1514	15	14	15-17-19-20-18-16-12-13-14	100	8	800
1514	15	14	15-10-5-4-3-1-7-9-14	100	8	800
1516	15	16	15-14-13-12-16	100	4	400
1516	15	16	15-17-19-20-18-16	100	5	500
1516	15	16	15-14-9-7-8-11-12-16	100	7	700
1516	15	16	15-10-5-6-7-8-11-12-16	100	8	800
1516	15	16	15-10-5-2-1-7-8-11-12-16	100	9	900
1517	15	17	15-17	100	1	100
1517	15	17	15-14-13-12-16-18-20-19-17	100	8	800
1517	15	17	15-14-9-7-8-11-12-16-18-20-19-17	100	11	1100
1517	15	17	15-10-5-6-7-8-11-12-16-18-20-19-17	100	12	1200
1517	15	17	15-10-5-2-1-7-8-11-12-16-18-20-19-17	100	13	1300
1518	15	18	15-17-19-20-18	100	4	400
1518	15	18	15-14-13-12-16-18	100	5	500
1518	15	18	15-14-9-7-8-11-12-16-18	100	8	800
1518	15	18	15-10-5-6-7-8-11-12-16-18	100	9	900
1518	15	18	15-10-5-2-1-7-8-11-12-16-18	100	10	1000
1519	15	19	15-17-19	100	2	200
1519	15	19	15-14-13-12-16-18-20-19	100	7	700
1519	15	19	15-14-9-7-8-11-12-16-18-20-19	100	10	1000
1519	15	19	15-10-5-6-7-8-11-12-16-18-20-19	100	11	1100
1519	15	19	15-10-5-2-1-7-8-11-12-16-18-20-19	100	12	1200
1520	15	20	15-17-19-20	100	3	300
1520	15	20	15-14-13-12-16-18-20	100	6	600
1520	15	20	15-14-9-7-8-11-12-16-18-20	100	9	900
1520	15	20	15-10-5-6-7-8-11-12-16-18-20	100	10	1000
1520	15	20	15-10-5-2-1-7-8-11-12-16-18-20	100	11	1100
160	16	0	16-12-11-8-7-1-0	100	6	600
160	16	0	16-12-13-14-9-7-1-0	100	7	700
160	16	0	16-12-11-8-7-1-2-0	100	7	700
160	16	0	16-12-13-14-9-7-1-2-0	100	8	800
160	16	0	16-12-11-8-7-6-5-2-0	100	8	800
161	16	1	16-12-11-8-7-1	100	5	500
161	16	1	16-12-13-14-9-7-1	100	6	600
161	16	1	16-12-11-8-7-6-5-2-1	100	8	800
161	16	1	16-12-13-14-15-10-5-2-1	100	8	800
161	16	1	16-12-11-8-7-6-5-2-0-1	100	9	900
162	16	2	16-12-11-8-7-1-2	100	6	600
162	16	2	16-12-11-8-7-1-0-2	100	7	700
162	16	2	16-12-13-14-15-10-5-2	100	7	700
162	16	2	16-12-11-8-7-6-5-2	100	7	700
162	16	2	16-12-13-14-9-7-1-2	100	7	700
163	16	3	16-12-11-8-7-1-3	100	6	600
163	16	3	16-12-13-14-9-7-1-3	100	7	700
163	16	3	16-12-11-8-7-6-5-4-3	100	8	800
163	16	3	16-12-13-14-15-10-5-4-3	100	8	800
163	16	3	16-12-13-14-15-10-5-2-1-3	100	9	900
164	16	4	16-12-11-8-7-1-3-4	100	7	700
164	16	4	16-12-13-14-15-10-5-4	100	7	700
164	16	4	16-12-11-8-7-6-5-4	100	7	700
164	16	4	16-12-13-14-9-7-1-3-4	100	8	800
164	16	4	16-12-13-14-9-7-6-5-4	100	8	800
165	16	5	16-12-11-8-7-6-5	100	6	600
165	16	5	16-12-13-14-15-10-5	100	6	600
165	16	5	16-12-11-8-7-1-2-5	100	7	700
165	16	5	16-18-20-19-17-15-10-5	100	7	700
165	16	5	16-12-13-14-9-7-6-5	100	7	700
166	16	6	16-12-11-8-7-6	100	5	500
166	16	6	16-12-13-14-9-7-6	100	6	600
166	16	6	16-12-13-14-15-10-5-6	100	7	700
166	16	6	16-12-11-8-7-1-2-5-6	100	8	800
166	16	6	16-18-20-19-17-15-10-5-6	100	8	800
167	16	7	16-12-11-8-7	100	4	400
167	16	7	16-12-13-14-9-7	100	5	500
167	16	7	16-12-13-14-15-10-5-6-7	100	8	800
167	16	7	16-18-20-19-17-15-14-9-7	100	8	800
167	16	7	16-12-13-14-15-10-5-2-1-7	100	9	900
168	16	8	16-12-11-8	100	3	300
168	16	8	16-12-13-14-9-7-8	100	6	600
168	16	8	16-12-13-14-15-10-5-6-7-8	100	9	900
168	16	8	16-18-20-19-17-15-14-9-7-8	100	9	900
168	16	8	16-18-20-19-17-15-14-13-12-11-8	100	10	1000
169	16	9	16-12-13-14-9	100	4	400
169	16	9	16-12-11-8-7-9	100	5	500
169	16	9	16-18-20-19-17-15-14-9	100	7	700
169	16	9	16-12-13-14-15-10-5-6-7-9	100	9	900
169	16	9	16-12-11-8-7-6-5-10-15-14-9	100	10	1000
1610	16	10	16-12-13-14-15-10	100	5	500
1610	16	10	16-18-20-19-17-15-10	100	6	600
1610	16	10	16-12-11-8-7-6-5-10	100	7	700
1610	16	10	16-12-11-8-7-9-14-15-10	100	8	800
1610	16	10	16-12-13-14-9-7-6-5-10	100	8	800
1611	16	11	16-12-11	100	2	200
1611	16	11	16-12-13-14-9-7-8-11	100	7	700
1611	16	11	16-18-20-19-17-15-14-13-12-11	100	9	900
1611	16	11	16-12-13-14-15-10-5-6-7-8-11	100	10	1000
1611	16	11	16-18-20-19-17-15-14-9-7-8-11	100	10	1000
1612	16	12	16-12	100	1	100
1612	16	12	16-18-20-19-17-15-14-13-12	100	8	800
1612	16	12	16-18-20-19-17-15-14-9-7-8-11-12	100	11	1100
1612	16	12	16-18-20-19-17-15-10-5-6-7-8-11-12	100	12	1200
1612	16	12	16-18-20-19-17-15-10-5-2-1-7-8-11-12	100	13	1300
1613	16	13	16-12-13	100	2	200
1613	16	13	16-18-20-19-17-15-14-13	100	7	700
1613	16	13	16-12-11-8-7-9-14-13	100	7	700
1613	16	13	16-12-11-8-7-6-5-10-15-14-13	100	10	1000
1613	16	13	16-12-11-8-7-1-2-5-10-15-14-13	100	11	1100
1614	16	14	16-12-13-14	100	3	300
1614	16	14	16-18-20-19-17-15-14	100	6	600
1614	16	14	16-12-11-8-7-9-14	100	6	600
1614	16	14	16-12-11-8-7-6-5-10-15-14	100	9	900
1614	16	14	16-12-11-8-7-1-2-5-10-15-14	100	10	1000
1615	16	15	16-12-13-14-15	100	4	400
1615	16	15	16-18-20-19-17-15	100	5	500
1615	16	15	16-12-11-8-7-9-14-15	100	7	700
1615	16	15	16-12-11-8-7-6-5-10-15	100	8	800
1615	16	15	16-12-11-8-7-1-2-5-10-15	100	9	900
1617	16	17	16-18-20-19-17	100	4	400
1617	16	17	16-12-13-14-15-17	100	5	500
1617	16	17	16-12-11-8-7-9-14-15-17	100	8	800
1617	16	17	16-12-11-8-7-6-5-10-15-17	100	9	900
1617	16	17	16-12-11-8-7-1-2-5-10-15-17	100	10	1000
1618	16	18	16-18	100	1	100
1618	16	18	16-12-13-14-15-17-19-20-18	100	8	800
1618	16	18	16-12-11-8-7-9-14-15-17-19-20-18	100	11	1100
1618	16	18	16-12-11-8-7-6-5-10-15-17-19-20-18	100	12	1200
1618	16	18	16-12-11-8-7-1-2-5-10-15-17-19-20-18	100	13	1300
1619	16	19	16-18-20-19	100	3	300
1619	16	19	16-12-13-14-15-17-19	100	6	600
1619	16	19	16-12-11-8-7-9-14-15-17-19	100	9	900
1619	16	19	16-12-11-8-7-6-5-10-15-17-19	100	10	1000
1619	16	19	16-12-11-8-7-1-2-5-10-15-17-19	100	11	1100
1620	16	20	16-18-20	100	2	200
1620	16	20	16-12-13-14-15-17-19-20	100	7	700
1620	16	20	16-12-11-8-7-9-14-15-17-19-20	100	10	1000
1620	16	20	16-12-11-8-7-6-5-10-15-17-19-20	100	11	1100
1620	16	20	16-12-11-8-7-1-2-5-10-15-17-19-20	100	12	1200
170	17	0	17-15-10-5-2-0	100	5	500
170	17	0	17-15-10-5-2-1-0	100	6	600
170	17	0	17-15-14-9-7-1-0	100	6	600
170	17	0	17-15-10-5-4-3-1-0	100	7	700
170	17	0	17-15-14-9-7-1-2-0	100	7	700
171	17	1	17-15-10-5-2-1	100	5	500
171	17	1	17-15-14-9-7-1	100	5	500
171	17	1	17-15-10-5-2-0-1	100	6	600
171	17	1	17-15-10-5-6-7-1	100	6	600
171	17	1	17-15-10-5-4-3-1	100	6	600
172	17	2	17-15-10-5-2	100	4	400
172	17	2	17-15-14-9-7-1-2	100	6	600
172	17	2	17-15-14-9-7-1-0-2	100	7	700
172	17	2	17-15-14-9-7-6-5-2	100	7	700
172	17	2	17-15-10-5-6-7-1-2	100	7	700
173	17	3	17-15-10-5-4-3	100	5	500
173	17	3	17-15-10-5-2-1-3	100	6	600
173	17	3	17-15-14-9-7-1-3	100	6	600
173	17	3	17-15-10-5-2-0-1-3	100	7	700
173	17	3	17-15-10-5-6-7-1-3	100	7	700
174	17	4	17-15-10-5-4	100	4	400
174	17	4	17-15-10-5-2-1-3-4	100	7	700
174	17	4	17-15-14-9-7-6-5-4	100	7	700
174	17	4	17-15-14-9-7-1-3-4	100	7	700
174	17	4	17-15-10-5-2-0-1-3-4	100	8	800
175	17	5	17-15-10-5	100	3	300
175	17	5	17-15-14-9-7-6-5	100	6	600
175	17	5	17-15-14-9-7-1-2-5	100	7	700
175	17	5	17-15-14-9-7-1-0-2-5	100	8	800
175	17	5	17-15-14-9-7-1-3-4-5	100	8	800
176	17	6	17-15-10-5-6	100	4	400
176	17	6	17-15-14-9-7-6	100	5	500
176	17	6	17-15-10-5-2-1-7-6	100	7	700
176	17	6	17-15-14-9-7-1-2-5-6	100	8	800
176	17	6	17-15-10-5-4-3-1-7-6	100	8	800
177	17	7	17-15-14-9-7	100	4	400
177	17	7	17-15-10-5-6-7	100	5	500
177	17	7	17-15-10-5-2-1-7	100	6	600
177	17	7	17-15-10-5-2-0-1-7	100	7	700
177	17	7	17-15-14-13-12-11-8-7	100	7	700
178	17	8	17-15-14-9-7-8	100	5	500
178	17	8	17-15-14-13-12-11-8	100	6	600
178	17	8	17-15-10-5-6-7-8	100	6	600
178	17	8	17-19-20-18-16-12-11-8	100	7	700
178	17	8	17-15-10-5-2-1-7-8	100	7	700
179	17	9	17-15-14-9	100	3	300
179	17	9	17-15-10-5-6-7-9	100	6	600
179	17	9	17-15-10-5-2-1-7-9	100	7	700
179	17	9	17-19-20-18-16-12-13-14-9	100	8	800
179	17	9	17-15-10-5-4-3-1-7-9	100	8	800
1710	17	10	17-15-10	100	2	200
1710	17	10	17-15-14-9-7-6-5-10	100	7	700
1710	17	10	17-15-14-9-7-1-2-5-10	100	8	800
1710	17	10	17-19-20-18-16-12-13-14-15-10	100	9	900
1710	17	10	17-15-14-9-7-1-3-4-5-10	100	9	900
1711	17	11	17-15-14-13-12-11	100	5	500
1711	17	11	17-19-20-18-16-12-11	100	6	600
1711	17	11	17-15-14-9-7-8-11	100	6	600
1711	17	11	17-15-10-5-6-7-8-11	100	7	700
1711	17	11	17-15-10-5-2-1-7-8-11	100	8	800
1712	17	12	17-15-14-13-12	100	4	400
1712	17	12	17-19-20-18-16-12	100	5	500
1712	17	12	17-15-14-9-7-8-11-12	100	7	700
1712	17	12	17-15-10-5-6-7-8-11-12	100	8	800
1712	17	12	17-15-10-5-2-1-7-8-11-12	100	9	900
1713	17	13	17-15-14-13	100	3	300
1713	17	13	17-19-20-18-16-12-13	100	6	600
1713	17	13	17-15-14-9-7-8-11-12-13	100	8	800
1713	17	13	17-15-10-5-6-7-9-14-13	100	8	800
1713	17	13	17-15-10-5-6-7-8-11-12-13	100	9	900
1714	17	14	17-15-14	100	2	200
1714	17	14	17-19-20-18-16-12-13-14	100	7	700
1714	17	14	17-15-10-5-6-7-9-14	100	7	700
1714	17	14	17-15-10-5-2-1-7-9-14	100	8	800
1714	17	14	17-15-10-5-2-0-1-7-9-14	100	9	900
1715	17	15	17-15	100	1	100
1715	17	15	17-19-20-18-16-12-13-14-15	100	8	800
1715	17	15	17-19-20-18-16-12-11-8-7-9-14-15	100	11	1100
1715	17	15	17-19-20-18-16-12-11-8-7-6-5-10-15	100	12	1200
1715	17	15	17-19-20-18-16-12-11-8-7-1-2-5-10-15	100	13	1300
1716	17	16	17-19-20-18-16	100	4	400
1716	17	16	17-15-14-13-12-16	100	5	500
1716	17	16	17-15-14-9-7-8-11-12-16	100	8	800
1716	17	16	17-15-10-5-6-7-8-11-12-16	100	9	900
1716	17	16	17-15-10-5-2-1-7-8-11-12-16	100	10	1000
1718	17	18	17-19-20-18	100	3	300
1718	17	18	17-15-14-13-12-16-18	100	6	600
1718	17	18	17-15-14-9-7-8-11-12-16-18	100	9	900
1718	17	18	17-15-10-5-6-7-8-11-12-16-18	100	10	1000
1718	17	18	17-15-10-5-2-1-7-8-11-12-16-18	100	11	1100
1719	17	19	17-19	100	1	100
1719	17	19	17-15-14-13-12-16-18-20-19	100	8	800
1719	17	19	17-15-14-9-7-8-11-12-16-18-20-19	100	11	1100
1719	17	19	17-15-10-5-6-7-8-11-12-16-18-20-19	100	12	1200
1719	17	19	17-15-10-5-2-1-7-8-11-12-16-18-20-19	100	13	1300
1720	17	20	17-19-20	100	2	200
1720	17	20	17-15-14-13-12-16-18-20	100	7	700
1720	17	20	17-15-14-9-7-8-11-12-16-18-20	100	10	1000
1720	17	20	17-15-10-5-6-7-8-11-12-16-18-20	100	11	1100
1720	17	20	17-15-10-5-2-1-7-8-11-12-16-18-20	100	12	1200
180	18	0	18-16-12-11-8-7-1-0	100	7	700
180	18	0	18-16-12-13-14-9-7-1-0	100	8	800
180	18	0	18-20-19-17-15-10-5-2-0	100	8	800
180	18	0	18-16-12-11-8-7-1-2-0	100	8	800
180	18	0	18-20-19-17-15-10-5-2-1-0	100	9	900
181	18	1	18-16-12-11-8-7-1	100	6	600
181	18	1	18-16-12-13-14-9-7-1	100	7	700
181	18	1	18-20-19-17-15-10-5-2-1	100	8	800
181	18	1	18-20-19-17-15-14-9-7-1	100	8	800
181	18	1	18-20-19-17-15-10-5-2-0-1	100	9	900
182	18	2	18-16-12-11-8-7-1-2	100	7	700
182	18	2	18-20-19-17-15-10-5-2	100	7	700
182	18	2	18-16-12-11-8-7-1-0-2	100	8	800
182	18	2	18-16-12-13-14-15-10-5-2	100	8	800
182	18	2	18-16-12-11-8-7-6-5-2	100	8	800
183	18	3	18-16-12-11-8-7-1-3	100	7	700
183	18	3	18-16-12-13-14-9-7-1-3	100	8	800
183	18	3	18-20-19-17-15-10-5-4-3	100	8	800
183	18	3	18-20-19-17-15-10-5-2-1-3	100	9	900
183	18	3	18-16-12-13-14-15-10-5-4-3	100	9	900
184	18	4	18-20-19-17-15-10-5-4	100	7	700
184	18	4	18-16-12-11-8-7-1-3-4	100	8	800
184	18	4	18-16-12-13-14-15-10-5-4	100	8	800
184	18	4	18-16-12-11-8-7-6-5-4	100	8	800
184	18	4	18-16-12-13-14-9-7-1-3-4	100	9	900
185	18	5	18-20-19-17-15-10-5	100	6	600
185	18	5	18-16-12-11-8-7-6-5	100	7	700
185	18	5	18-16-12-13-14-15-10-5	100	7	700
185	18	5	18-16-12-11-8-7-1-2-5	100	8	800
185	18	5	18-16-12-13-14-9-7-6-5	100	8	800
186	18	6	18-16-12-11-8-7-6	100	6	600
186	18	6	18-20-19-17-15-10-5-6	100	7	700
186	18	6	18-16-12-13-14-9-7-6	100	7	700
186	18	6	18-16-12-13-14-15-10-5-6	100	8	800
186	18	6	18-20-19-17-15-14-9-7-6	100	8	800
187	18	7	18-16-12-11-8-7	100	5	500
187	18	7	18-16-12-13-14-9-7	100	6	600
187	18	7	18-20-19-17-15-14-9-7	100	7	700
187	18	7	18-20-19-17-15-10-5-6-7	100	8	800
187	18	7	18-20-19-17-15-10-5-2-1-7	100	9	900
188	18	8	18-16-12-11-8	100	4	400
188	18	8	18-16-12-13-14-9-7-8	100	7	700
188	18	8	18-20-19-17-15-14-9-7-8	100	8	800
188	18	8	18-20-19-17-15-14-13-12-11-8	100	9	900
188	18	8	18-20-19-17-15-10-5-6-7-8	100	9	900
189	18	9	18-16-12-13-14-9	100	5	500
189	18	9	18-20-19-17-15-14-9	100	6	600
189	18	9	18-16-12-11-8-7-9	100	6	600
189	18	9	18-20-19-17-15-10-5-6-7-9	100	9	900
189	18	9	18-20-19-17-15-10-5-2-1-7-9	100	10	1000
1810	18	10	18-20-19-17-15-10	100	5	500
1810	18	10	18-16-12-13-14-15-10	100	6	600
1810	18	10	18-16-12-11-8-7-6-5-10	100	8	800
1810	18	10	18-16-12-11-8-7-9-14-15-10	100	9	900
1810	18	10	18-16-12-13-14-9-7-6-5-10	100	9	900
1811	18	11	18-16-12-11	100	3	300
1811	18	11	18-20-19-17-15-14-13-12-11	100	8	800
1811	18	11	18-16-12-13-14-9-7-8-11	100	8	800
1811	18	11	18-20-19-17-15-14-9-7-8-11	100	9	900
1811	18	11	18-20-19-17-15-10-5-6-7-8-11	100	10	1000
1812	18	12	18-16-12	100	2	200
1812	18	12	18-20-19-17-15-14-13-12	100	7	700
1812	18	12	18-20-19-17-15-14-9-7-8-11-12	100	10	1000
1812	18	12	18-20-19-17-15-10-5-6-7-8-11-12	100	11	1100
1812	18	12	18-20-19-17-15-10-5-2-1-7-8-11-12	100	12	1200
1813	18	13	18-16-12-13	100	3	300
1813	18	13	18-20-19-17-15-14-13	100	6	600
1813	18	13	18-16-12-11-8-7-9-14-13	100	8	800
1813	18	13	18-20-19-17-15-14-9-7-8-11-12-13	100	11	1100
1813	18	13	18-20-19-17-15-10-5-6-7-9-14-13	100	11	1100
1814	18	14	18-16-12-13-14	100	4	400
1814	18	14	18-20-19-17-15-14	100	5	500
1814	18	14	18-16-12-11-8-7-9-14	100	7	700
1814	18	14	18-16-12-11-8-7-6-5-10-15-14	100	10	1000
1814	18	14	18-20-19-17-15-10-5-6-7-9-14	100	10	1000
1815	18	15	18-20-19-17-15	100	4	400
1815	18	15	18-16-12-13-14-15	100	5	500
1815	18	15	18-16-12-11-8-7-9-14-15	100	8	800
1815	18	15	18-16-12-11-8-7-6-5-10-15	100	9	900
1815	18	15	18-16-12-11-8-7-1-2-5-10-15	100	10	1000
1816	18	16	18-16	100	1	100
1816	18	16	18-20-19-17-15-14-13-12-16	100	8	800
1816	18	16	18-20-19-17-15-14-9-7-8-11-12-16	100	11	1100
1816	18	16	18-20-19-17-15-10-5-6-7-8-11-12-16	100	12	1200
1816	18	16	18-20-19-17-15-10-5-2-1-7-8-11-12-16	100	13	1300
1817	18	17	18-20-19-17	100	3	300
1817	18	17	18-16-12-13-14-15-17	100	6	600
1817	18	17	18-16-12-11-8-7-9-14-15-17	100	9	900
1817	18	17	18-16-12-11-8-7-6-5-10-15-17	100	10	1000
1817	18	17	18-16-12-11-8-7-1-2-5-10-15-17	100	11	1100
1819	18	19	18-20-19	100	2	200
1819	18	19	18-16-12-13-14-15-17-19	100	7	700
1819	18	19	18-16-12-11-8-7-9-14-15-17-19	100	10	1000
1819	18	19	18-16-12-11-8-7-6-5-10-15-17-19	100	11	1100
1819	18	19	18-16-12-11-8-7-1-2-5-10-15-17-19	100	12	1200
1820	18	20	18-20	100	1	100
1820	18	20	18-16-12-13-14-15-17-19-20	100	8	800
1820	18	20	18-16-12-11-8-7-9-14-15-17-19-20	100	11	1100
1820	18	20	18-16-12-11-8-7-6-5-10-15-17-19-20	100	12	1200
1820	18	20	18-16-12-11-8-7-1-2-5-10-15-17-19-20	100	13	1300
190	19	0	19-17-15-10-5-2-0	100	6	600
190	19	0	19-17-15-10-5-2-1-0	100	7	700
190	19	0	19-17-15-14-9-7-1-0	100	7	700
190	19	0	19-17-15-10-5-4-3-1-0	100	8	800
190	19	0	19-17-15-14-9-7-1-2-0	100	8	800
191	19	1	19-17-15-10-5-2-1	100	6	600
191	19	1	19-17-15-14-9-7-1	100	6	600
191	19	1	19-17-15-10-5-2-0-1	100	7	700
191	19	1	19-17-15-10-5-6-7-1	100	7	700
191	19	1	19-17-15-10-5-4-3-1	100	7	700
192	19	2	19-17-15-10-5-2	100	5	500
192	19	2	19-17-15-14-9-7-1-2	100	7	700
192	19	2	19-17-15-14-9-7-1-0-2	100	8	800
192	19	2	19-17-15-14-9-7-6-5-2	100	8	800
192	19	2	19-17-15-10-5-6-7-1-2	100	8	800
193	19	3	19-17-15-10-5-4-3	100	6	600
193	19	3	19-17-15-10-5-2-1-3	100	7	700
193	19	3	19-17-15-14-9-7-1-3	100	7	700
193	19	3	19-17-15-10-5-2-0-1-3	100	8	800
193	19	3	19-17-15-10-5-6-7-1-3	100	8	800
194	19	4	19-17-15-10-5-4	100	5	500
194	19	4	19-17-15-10-5-2-1-3-4	100	8	800
194	19	4	19-17-15-14-9-7-6-5-4	100	8	800
194	19	4	19-17-15-14-9-7-1-3-4	100	8	800
194	19	4	19-17-15-10-5-2-0-1-3-4	100	9	900
195	19	5	19-17-15-10-5	100	4	400
195	19	5	19-17-15-14-9-7-6-5	100	7	700
195	19	5	19-17-15-14-9-7-1-2-5	100	8	800
195	19	5	19-17-15-14-9-7-1-0-2-5	100	9	900
195	19	5	19-20-18-16-12-13-14-15-10-5	100	9	900
196	19	6	19-17-15-10-5-6	100	5	500
196	19	6	19-17-15-14-9-7-6	100	6	600
196	19	6	19-17-15-10-5-2-1-7-6	100	8	800
196	19	6	19-20-18-16-12-11-8-7-6	100	8	800
196	19	6	19-17-15-14-9-7-1-2-5-6	100	9	900
197	19	7	19-17-15-14-9-7	100	5	500
197	19	7	19-17-15-10-5-6-7	100	6	600
197	19	7	19-17-15-10-5-2-1-7	100	7	700
197	19	7	19-20-18-16-12-11-8-7	100	7	700
197	19	7	19-17-15-10-5-2-0-1-7	100	8	800
198	19	8	19-20-18-16-12-11-8	100	6	600
198	19	8	19-17-15-14-9-7-8	100	6	600
198	19	8	19-17-15-14-13-12-11-8	100	7	700
198	19	8	19-17-15-10-5-6-7-8	100	7	700
198	19	8	19-17-15-10-5-2-1-7-8	100	8	800
199	19	9	19-17-15-14-9	100	4	400
199	19	9	19-20-18-16-12-13-14-9	100	7	700
199	19	9	19-17-15-10-5-6-7-9	100	7	700
199	19	9	19-17-15-10-5-2-1-7-9	100	8	800
199	19	9	19-20-18-16-12-11-8-7-9	100	8	800
1910	19	10	19-17-15-10	100	3	300
1910	19	10	19-20-18-16-12-13-14-15-10	100	8	800
1910	19	10	19-17-15-14-9-7-6-5-10	100	8	800
1910	19	10	19-17-15-14-9-7-1-2-5-10	100	9	900
1910	19	10	19-17-15-14-9-7-1-0-2-5-10	100	10	1000
1911	19	11	19-20-18-16-12-11	100	5	500
1911	19	11	19-17-15-14-13-12-11	100	6	600
1911	19	11	19-17-15-14-9-7-8-11	100	7	700
1911	19	11	19-17-15-10-5-6-7-8-11	100	8	800
1911	19	11	19-17-15-10-5-2-1-7-8-11	100	9	900
1912	19	12	19-20-18-16-12	100	4	400
1912	19	12	19-17-15-14-13-12	100	5	500
1912	19	12	19-17-15-14-9-7-8-11-12	100	8	800
1912	19	12	19-17-15-10-5-6-7-8-11-12	100	9	900
1912	19	12	19-17-15-10-5-2-1-7-8-11-12	100	10	1000
1913	19	13	19-17-15-14-13	100	4	400
1913	19	13	19-20-18-16-12-13	100	5	500
1913	19	13	19-17-15-14-9-7-8-11-12-13	100	9	900
1913	19	13	19-17-15-10-5-6-7-9-14-13	100	9	900
1913	19	13	19-17-15-10-5-6-7-8-11-12-13	100	10	1000
1914	19	14	19-17-15-14	100	3	300
1914	19	14	19-20-18-16-12-13-14	100	6	600
1914	19	14	19-17-15-10-5-6-7-9-14	100	8	800
1914	19	14	19-17-15-10-5-2-1-7-9-14	100	9	900
1914	19	14	19-20-18-16-12-11-8-7-9-14	100	9	900
1915	19	15	19-17-15	100	2	200
1915	19	15	19-20-18-16-12-13-14-15	100	7	700
1915	19	15	19-20-18-16-12-11-8-7-9-14-15	100	10	1000
1915	19	15	19-20-18-16-12-11-8-7-6-5-10-15	100	11	1100
1915	19	15	19-20-18-16-12-11-8-7-1-2-5-10-15	100	12	1200
1916	19	16	19-20-18-16	100	3	300
1916	19	16	19-17-15-14-13-12-16	100	6	600
1916	19	16	19-17-15-14-9-7-8-11-12-16	100	9	900
1916	19	16	19-17-15-10-5-6-7-8-11-12-16	100	10	1000
1916	19	16	19-17-15-10-5-2-1-7-8-11-12-16	100	11	1100
1917	19	17	19-17	100	1	100
1917	19	17	19-20-18-16-12-13-14-15-17	100	8	800
1917	19	17	19-20-18-16-12-11-8-7-9-14-15-17	100	11	1100
1917	19	17	19-20-18-16-12-11-8-7-6-5-10-15-17	100	12	1200
1917	19	17	19-20-18-16-12-11-8-7-1-2-5-10-15-17	100	13	1300
1918	19	18	19-20-18	100	2	200
1918	19	18	19-17-15-14-13-12-16-18	100	7	700
1918	19	18	19-17-15-14-9-7-8-11-12-16-18	100	10	1000
1918	19	18	19-17-15-10-5-6-7-8-11-12-16-18	100	11	1100
1918	19	18	19-17-15-10-5-2-1-7-8-11-12-16-18	100	12	1200
1920	19	20	19-20	100	1	100
1920	19	20	19-17-15-14-13-12-16-18-20	100	8	800
1920	19	20	19-17-15-14-9-7-8-11-12-16-18-20	100	11	1100
1920	19	20	19-17-15-10-5-6-7-8-11-12-16-18-20	100	12	1200
1920	19	20	19-17-15-10-5-2-1-7-8-11-12-16-18-20	100	13	1300
200	20	0	20-19-17-15-10-5-2-0	100	7	700
200	20	0	20-19-17-15-10-5-2-1-0	100	8	800
200	20	0	20-18-16-12-11-8-7-1-0	100	8	800
200	20	0	20-19-17-15-14-9-7-1-0	100	8	800
200	20	0	20-19-17-15-10-5-4-3-1-0	100	9	900
201	20	1	20-19-17-15-10-5-2-1	100	7	700
201	20	1	20-19-17-15-14-9-7-1	100	7	700
201	20	1	20-18-16-12-11-8-7-1	100	7	700
201	20	1	20-19-17-15-10-5-2-0-1	100	8	800
201	20	1	20-18-16-12-13-14-9-7-1	100	8	800
202	20	2	20-19-17-15-10-5-2	100	6	600
202	20	2	20-18-16-12-11-8-7-1-2	100	8	800
202	20	2	20-19-17-15-14-9-7-1-2	100	8	800
202	20	2	20-18-16-12-11-8-7-1-0-2	100	9	900
202	20	2	20-19-17-15-14-9-7-6-5-2	100	9	900
203	20	3	20-19-17-15-10-5-4-3	100	7	700
203	20	3	20-19-17-15-10-5-2-1-3	100	8	800
203	20	3	20-18-16-12-11-8-7-1-3	100	8	800
203	20	3	20-19-17-15-14-9-7-1-3	100	8	800
203	20	3	20-19-17-15-10-5-2-0-1-3	100	9	900
204	20	4	20-19-17-15-10-5-4	100	6	600
204	20	4	20-19-17-15-10-5-2-1-3-4	100	9	900
204	20	4	20-19-17-15-14-9-7-6-5-4	100	9	900
204	20	4	20-18-16-12-13-14-15-10-5-4	100	9	900
204	20	4	20-18-16-12-11-8-7-6-5-4	100	9	900
205	20	5	20-19-17-15-10-5	100	5	500
205	20	5	20-18-16-12-11-8-7-6-5	100	8	800
205	20	5	20-18-16-12-13-14-15-10-5	100	8	800
205	20	5	20-19-17-15-14-9-7-6-5	100	8	800
205	20	5	20-18-16-12-11-8-7-1-2-5	100	9	900
206	20	6	20-19-17-15-10-5-6	100	6	600
206	20	6	20-18-16-12-11-8-7-6	100	7	700
206	20	6	20-19-17-15-14-9-7-6	100	7	700
206	20	6	20-18-16-12-13-14-9-7-6	100	8	800
206	20	6	20-18-16-12-13-14-15-10-5-6	100	9	900
207	20	7	20-18-16-12-11-8-7	100	6	600
207	20	7	20-19-17-15-14-9-7	100	6	600
207	20	7	20-19-17-15-10-5-6-7	100	7	700
207	20	7	20-18-16-12-13-14-9-7	100	7	700
207	20	7	20-19-17-15-10-5-2-1-7	100	8	800
208	20	8	20-18-16-12-11-8	100	5	500
208	20	8	20-19-17-15-14-9-7-8	100	7	700
208	20	8	20-19-17-15-14-13-12-11-8	100	8	800
208	20	8	20-18-16-12-13-14-9-7-8	100	8	800
208	20	8	20-19-17-15-10-5-6-7-8	100	8	800
209	20	9	20-19-17-15-14-9	100	5	500
209	20	9	20-18-16-12-13-14-9	100	6	600
209	20	9	20-18-16-12-11-8-7-9	100	7	700
209	20	9	20-19-17-15-10-5-6-7-9	100	8	800
209	20	9	20-19-17-15-10-5-2-1-7-9	100	9	900
2010	20	10	20-19-17-15-10	100	4	400
2010	20	10	20-18-16-12-13-14-15-10	100	7	700
2010	20	10	20-18-16-12-11-8-7-6-5-10	100	9	900
2010	20	10	20-19-17-15-14-9-7-6-5-10	100	9	900
2010	20	10	20-18-16-12-11-8-7-9-14-15-10	100	10	1000
2011	20	11	20-18-16-12-11	100	4	400
2011	20	11	20-19-17-15-14-13-12-11	100	7	700
2011	20	11	20-19-17-15-14-9-7-8-11	100	8	800
2011	20	11	20-19-17-15-10-5-6-7-8-11	100	9	900
2011	20	11	20-18-16-12-13-14-9-7-8-11	100	9	900
2012	20	12	20-18-16-12	100	3	300
2012	20	12	20-19-17-15-14-13-12	100	6	600
2012	20	12	20-19-17-15-14-9-7-8-11-12	100	9	900
2012	20	12	20-19-17-15-10-5-6-7-8-11-12	100	10	1000
2012	20	12	20-19-17-15-10-5-2-1-7-8-11-12	100	11	1100
2013	20	13	20-18-16-12-13	100	4	400
2013	20	13	20-19-17-15-14-13	100	5	500
2013	20	13	20-18-16-12-11-8-7-9-14-13	100	9	900
2013	20	13	20-19-17-15-14-9-7-8-11-12-13	100	10	1000
2013	20	13	20-19-17-15-10-5-6-7-9-14-13	100	10	1000
2014	20	14	20-19-17-15-14	100	4	400
2014	20	14	20-18-16-12-13-14	100	5	500
2014	20	14	20-18-16-12-11-8-7-9-14	100	8	800
2014	20	14	20-19-17-15-10-5-6-7-9-14	100	9	900
2014	20	14	20-19-17-15-10-5-2-1-7-9-14	100	10	1000
2015	20	15	20-19-17-15	100	3	300
2015	20	15	20-18-16-12-13-14-15	100	6	600
2015	20	15	20-18-16-12-11-8-7-9-14-15	100	9	900
2015	20	15	20-18-16-12-11-8-7-6-5-10-15	100	10	1000
2015	20	15	20-18-16-12-11-8-7-1-2-5-10-15	100	11	1100
2016	20	16	20-18-16	100	2	200
2016	20	16	20-19-17-15-14-13-12-16	100	7	700
2016	20	16	20-19-17-15-14-9-7-8-11-12-16	100	10	1000
2016	20	16	20-19-17-15-10-5-6-7-8-11-12-16	100	11	1100
2016	20	16	20-19-17-15-10-5-2-1-7-8-11-12-16	100	12	1200
2017	20	17	20-19-17	100	2	200
2017	20	17	20-18-16-12-13-14-15-17	100	7	700
2017	20	17	20-18-16-12-11-8-7-9-14-15-17	100	10	1000
2017	20	17	20-18-16-12-11-8-7-6-5-10-15-17	100	11	1100
2017	20	17	20-18-16-12-11-8-7-1-2-5-10-15-17	100	12	1200
2018	20	18	20-18	100	1	100
2018	20	18	20-19-17-15-14-13-12-16-18	100	8	800
2018	20	18	20-19-17-15-14-9-7-8-11-12-16-18	100	11	1100
2018	20	18	20-19-17-15-10-5-6-7-8-11-12-16-18	100	12	1200
2018	20	18	20-19-17-15-10-5-2-1-7-8-11-12-16-18	100	13	1300
2019	20	19	20-19	100	1	100
2019	20	19	20-18-16-12-13-14-15-17-19	100	8	800
2019	20	19	20-18-16-12-11-8-7-9-14-15-17-19	100	11	1100
2019	20	19	20-18-16-12-11-8-7-6-5-10-15-17-19	100	12	1200
2019	20	19	20-18-16-12-11-8-7-1-2-5-10-15-17-19	100	13	1300
