1346
2794
7177
8227
2024
2116
7549
7947
3414
5109
6557
6906
4261
4262
5709
6058
4397
4489
5176
5922
3456
4904
5067
6863
2578
4026
5945
6995
3897
5345
5676
5768
3355
4803
6218
6310
4641
4654
5999
6030
4346
4949
5704
5794
4600
5450
5717
6048
4089
5206
5537
5961
1346
2794
7177
8227
770
3370
6203
6949
3763
4760
5652
5911
2915
4804
5491
5608
3143
3830
4576
5539
2110
5609
6296
6413
1232
5741
6487
7291
2551
4422
5855
6818
2009
4964
6397
6673
3295
3308
4653
5180
3000
3603
4358
5955
3254
4104
4371
4707
2743
3860
4615
5698
2024
2116
7549
7947
770
3370
6203
6949
4533
4882
5438
5530
3685
4034
6261
6285
2373
4600
5346
6309
2880
4839
5480
5849
2002
4602
4971
5717
3321
3652
5921
6445
2779
4194
5379
5903
4065
4078
5423
5480
3770
4373
5128
5185
4024
4658
4874
5141
3513
4630
4928
5169
3414
5109
6557
6906
3763
4760
5652
5911
4533
4882
5438
5530
848
6362
6375
7384
2509
5129
5723
5736
1653
5557
5570
5985
2531
4679
4692
5107
3788
3850
4444
4457
3308
3902
3915
4330
2616
4594
4607
5616
2911
4299
4796
4902
3692
4015
4553
4794
3181
4042
4526
4636
4261
4262
5709
6058
2915
4804
5491
5608
3685
4034
6261
6285
848
6362
6375
7384
1661
4281
5990
6058
805
5137
6405
6418
1683
4259
5527
5540
2940
3002
5292
5305
2460
3482
4750
4763
3464
3746
3759
4768
3451
3759
4054
4473
3705
3946
4540
4555
3194
4029
4216
4311
4397
4489
5176
5922
3143
3830
4576
5539
2373
4600
5346
6309
2509
5129
5723
5736
1661
4281
5990
6058
2466
3476
5185
5253
2598
3344
4307
4375
1279
4072
4663
4922
1821
3530
4121
4380
3107
3120
3361
3684
2812
3389
3415
3656
2285
3066
3916
4183
2555
2796
3672
4249
3456
4904
5067
6863
2110
5609
6296
6413
2880
4839
5480
5849
1653
5557
5570
5985
805
5137
6405
6418
2466
3476
5185
5253
878
5064
6332
6345
2197
3745
6097
6110
1655
4287
5555
5568
2941
2954
4269
4299
2646
3249
4004
4564
2900
3750
4017
4353
2389
3506
4261
4834
2578
4026
5945
6995
1232
5741
6487
7291
2002
4602
4971
5717
2531
4679
4692
5107
1683
4259
5527
5540
2598
3344
4307
4375
878
5064
6332
6345
1319
4623
5586
5654
777
5165
6196
6433
2063
2076
3421
3948
1768
2371
3126
5442
2022
2872
3139
3475
1511
2628
3383
5394
3897
5345
5676
5768
2551
4422
5855
6818
3321
3652
5921
6445
3788
3850
4444
4457
2940
3002
5292
5305
1279
4072
4663
4922
2197
3745
6097
6110
1319
4623
5586
5654
542
4809
5400
5659
1828
1841
3186
3713
1533
2136
2891
4668
1787
2637
2904
3240
1276
2393
3148
4075
3355
4803
6218
6310
2009
4964
6397
6673
2779
4194
5379
5903
3308
3902
3915
4330
2460
3482
4750
4763
1821
3530
4121
4380
1655
4287
5555
5568
777
5165
6196
6433
542
4809
5400
5659
1286
1299
2644
3171
991
1594
2349
5210
1245
2095
2362
2698
734
1851
2606
4617
4641
4654
5999
6030
3295
3308
4653
5180
4065
4078
5423
5480
2616
4594
4607
5616
3464
3746
3759
4768
3107
3120
3361
3684
2941
2954
4269
4299
2063
2076
3421
3948
1828
1841
3186
3713
1286
1299
2644
3171
295
2180
2290
6173
1076
1399
2531
3394
565
1910
2020
5903
4346
4949
5704
5794
3000
3603
4358
5955
3770
4373
5128
5185
2911
4299
4796
4902
3451
3759
4054
4473
2812
3389
3415
3656
2646
3249
4004
4564
1768
2371
3126
5442
1533
2136
2891
4668
991
1594
2349
5210
295
2180
2290
6173
1104
1371
2236
5097
860
1615
1725
5608
4600
5450
5717
6048
3254
4104
4371
4707
4024
4658
4874
5141
3692
4015
4553
4794
3705
3946
4540
4555
2285
3066
3916
4183
2900
3750
4017
4353
2022
2872
3139
3475
1787
2637
2904
3240
1245
2095
2362
2698
1076
1399
2531
3394
1104
1371
2236
5097
511
1964
2829
4840
4089
5206
5537
5961
2743
3860
4615
5698
3513
4630
4928
5169
3181
4042
4526
4636
3194
4029
4216
4311
