01	0	1	0-1	100	1	100
01	0	1	0-2-1	100	2	200
02	0	2	0-2	100	1	100
02	0	2	0-1-2	100	2	200
03	0	3	0-1-3	100	2	200
03	0	3	0-2-1-3	100	3	300
04	0	4	0-1-3-4	100	3	300
04	0	4	0-2-5-4	100	3	300
05	0	5	0-2-5	100	2	200
05	0	5	0-1-2-5	100	3	300
06	0	6	0-2-5-6	100	3	300
06	0	6	0-1-7-6	100	3	300
07	0	7	0-1-7	100	2	200
07	0	7	0-2-1-7	100	3	300
08	0	8	0-1-7-8	100	3	300
08	0	8	0-2-1-7-8	100	4	400
09	0	9	0-1-7-9	100	3	300
09	0	9	0-2-1-7-9	100	4	400
010	0	10	0-2-5-10	100	3	300
010	0	10	0-1-2-5-10	100	4	400
011	0	11	0-1-7-8-11	100	4	400
011	0	11	0-2-1-7-8-11	100	5	500
012	0	12	0-1-7-8-11-12	100	5	500
012	0	12	0-2-1-7-8-11-12	100	6	600
013	0	13	0-1-7-9-14-13	100	5	500
013	0	13	0-1-7-8-11-12-13	100	6	600
014	0	14	0-1-7-9-14	100	4	400
014	0	14	0-2-5-10-15-14	100	5	500
015	0	15	0-2-5-10-15	100	4	400
015	0	15	0-1-7-9-14-15	100	5	500
016	0	16	0-1-7-8-11-12-16	100	6	600
016	0	16	0-2-1-7-8-11-12-16	100	7	700
017	0	17	0-2-5-10-15-17	100	5	500
017	0	17	0-1-7-9-14-15-17	100	6	600
018	0	18	0-1-7-8-11-12-16-18	100	7	700
018	0	18	0-2-1-7-8-11-12-16-18	100	8	800
019	0	19	0-2-5-10-15-17-19	100	6	600
019	0	19	0-1-7-9-14-15-17-19	100	7	700
020	0	20	0-2-5-10-15-17-19-20	100	7	700
020	0	20	0-1-7-8-11-12-16-18-20	100	8	800
10	1	0	1-0	100	1	100
10	1	0	1-2-0	100	2	200
12	1	2	1-2	100	1	100
12	1	2	1-0-2	100	2	200
13	1	3	1-3	100	1	100
13	1	3	1-2-5-4-3	100	4	400
14	1	4	1-3-4	100	2	200
14	1	4	1-2-5-4	100	3	300
15	1	5	1-2-5	100	2	200
15	1	5	1-0-2-5	100	3	300
16	1	6	1-7-6	100	2	200
16	1	6	1-2-5-6	100	3	300
17	1	7	1-7	100	1	100
17	1	7	1-2-5-6-7	100	4	400
18	1	8	1-7-8	100	2	200
18	1	8	1-2-5-6-7-8	100	5	500
19	1	9	1-7-9	100	2	200
19	1	9	1-2-5-6-7-9	100	5	500
110	1	10	1-2-5-10	100	3	300
110	1	10	1-0-2-5-10	100	4	400
111	1	11	1-7-8-11	100	3	300
111	1	11	1-7-9-14-13-12-11	100	6	600
112	1	12	1-7-8-11-12	100	4	400
112	1	12	1-7-9-14-13-12	100	5	500
113	1	13	1-7-9-14-13	100	4	400
113	1	13	1-7-8-11-12-13	100	5	500
114	1	14	1-7-9-14	100	3	300
114	1	14	1-2-5-10-15-14	100	5	500
115	1	15	1-7-9-14-15	100	4	400
115	1	15	1-2-5-10-15	100	4	400
116	1	16	1-7-8-11-12-16	100	5	500
116	1	16	1-7-9-14-13-12-16	100	6	600
117	1	17	1-7-9-14-15-17	100	5	500
117	1	17	1-2-5-10-15-17	100	5	500
118	1	18	1-7-8-11-12-16-18	100	6	600
118	1	18	1-7-9-14-13-12-16-18	100	7	700
119	1	19	1-7-9-14-15-17-19	100	6	600
119	1	19	1-2-5-10-15-17-19	100	6	600
120	1	20	1-7-8-11-12-16-18-20	100	7	700
120	1	20	1-2-5-10-15-17-19-20	100	7	700
20	2	0	2-0	100	1	100
20	2	0	2-1-0	100	2	200
21	2	1	2-1	100	1	100
21	2	1	2-0-1	100	2	200
23	2	3	2-1-3	100	2	200
23	2	3	2-0-1-3	100	3	300
24	2	4	2-5-4	100	2	200
24	2	4	2-1-3-4	100	3	300
25	2	5	2-5	100	1	100
25	2	5	2-1-3-4-5	100	4	400
26	2	6	2-5-6	100	2	200
26	2	6	2-1-7-6	100	3	300
27	2	7	2-1-7	100	2	200
27	2	7	2-0-1-7	100	3	300
28	2	8	2-1-7-8	100	3	300
28	2	8	2-0-1-7-8	100	4	400
29	2	9	2-1-7-9	100	3	300
29	2	9	2-0-1-7-9	100	4	400
210	2	10	2-5-10	100	2	200
210	2	10	2-1-3-4-5-10	100	5	500
211	2	11	2-1-7-8-11	100	4	400
211	2	11	2-0-1-7-8-11	100	5	500
212	2	12	2-1-7-8-11-12	100	5	500
212	2	12	2-0-1-7-8-11-12	100	6	600
213	2	13	2-5-10-15-14-13	100	5	500
213	2	13	2-1-7-9-14-13	100	5	500
214	2	14	2-5-10-15-14	100	4	400
214	2	14	2-1-7-9-14	100	4	400
215	2	15	2-5-10-15	100	3	300
215	2	15	2-1-7-9-14-15	100	5	500
216	2	16	2-1-7-8-11-12-16	100	6	600
216	2	16	2-0-1-7-8-11-12-16	100	7	700
217	2	17	2-5-10-15-17	100	4	400
217	2	17	2-1-7-9-14-15-17	100	6	600
218	2	18	2-1-7-8-11-12-16-18	100	7	700
218	2	18	2-5-10-15-17-19-20-18	100	7	700
219	2	19	2-5-10-15-17-19	100	5	500
219	2	19	2-1-7-9-14-15-17-19	100	7	700
220	2	20	2-5-10-15-17-19-20	100	6	600
220	2	20	2-1-7-8-11-12-16-18-20	100	8	800
30	3	0	3-1-0	100	2	200
30	3	0	3-1-2-0	100	3	300
31	3	1	3-1	100	1	100
31	3	1	3-4-5-2-1	100	4	400
32	3	2	3-1-2	100	2	200
32	3	2	3-1-0-2	100	3	300
34	3	4	3-4	100	1	100
34	3	4	3-1-2-5-4	100	4	400
35	3	5	3-4-5	100	2	200
35	3	5	3-1-2-5	100	3	300
36	3	6	3-4-5-6	100	3	300
36	3	6	3-1-7-6	100	3	300
37	3	7	3-1-7	100	2	200
37	3	7	3-4-5-6-7	100	4	400
38	3	8	3-1-7-8	100	3	300
38	3	8	3-4-5-6-7-8	100	5	500
39	3	9	3-1-7-9	100	3	300
39	3	9	3-4-5-6-7-9	100	5	500
310	3	10	3-4-5-10	100	3	300
310	3	10	3-1-2-5-10	100	4	400
311	3	11	3-1-7-8-11	100	4	400
311	3	11	3-4-5-6-7-8-11	100	6	600
312	3	12	3-1-7-8-11-12	100	5	500
312	3	12	3-1-7-9-14-13-12	100	6	600
313	3	13	3-1-7-9-14-13	100	5	500
313	3	13	3-1-7-8-11-12-13	100	6	600
314	3	14	3-1-7-9-14	100	4	400
314	3	14	3-4-5-10-15-14	100	5	500
315	3	15	3-4-5-10-15	100	4	400
315	3	15	3-1-7-9-14-15	100	5	500
316	3	16	3-1-7-8-11-12-16	100	6	600
316	3	16	3-1-7-9-14-13-12-16	100	7	700
317	3	17	3-4-5-10-15-17	100	5	500
317	3	17	3-1-7-9-14-15-17	100	6	600
318	3	18	3-1-7-8-11-12-16-18	100	7	700
318	3	18	3-1-7-9-14-13-12-16-18	100	8	800
319	3	19	3-4-5-10-15-17-19	100	6	600
319	3	19	3-1-7-9-14-15-17-19	100	7	700
320	3	20	3-4-5-10-15-17-19-20	100	7	700
320	3	20	3-1-7-8-11-12-16-18-20	100	8	800
40	4	0	4-3-1-0	100	3	300
40	4	0	4-5-2-0	100	3	300
41	4	1	4-3-1	100	2	200
41	4	1	4-5-2-1	100	3	300
42	4	2	4-5-2	100	2	200
42	4	2	4-3-1-2	100	3	300
43	4	3	4-3	100	1	100
43	4	3	4-5-2-1-3	100	4	400
45	4	5	4-5	100	1	100
45	4	5	4-3-1-2-5	100	4	400
46	4	6	4-5-6	100	2	200
46	4	6	4-3-1-7-6	100	4	400
47	4	7	4-3-1-7	100	3	300
47	4	7	4-5-6-7	100	3	300
48	4	8	4-3-1-7-8	100	4	400
48	4	8	4-5-6-7-8	100	4	400
49	4	9	4-3-1-7-9	100	4	400
49	4	9	4-5-6-7-9	100	4	400
410	4	10	4-5-10	100	2	200
410	4	10	4-3-1-2-5-10	100	5	500
411	4	11	4-3-1-7-8-11	100	5	500
411	4	11	4-5-6-7-8-11	100	5	500
412	4	12	4-3-1-7-8-11-12	100	6	600
412	4	12	4-5-10-15-14-13-12	100	6	600
413	4	13	4-5-10-15-14-13	100	5	500
413	4	13	4-3-1-7-9-14-13	100	6	600
414	4	14	4-5-10-15-14	100	4	400
414	4	14	4-3-1-7-9-14	100	5	500
415	4	15	4-5-10-15	100	3	300
415	4	15	4-3-1-7-9-14-15	100	6	600
416	4	16	4-3-1-7-8-11-12-16	100	7	700
416	4	16	4-5-10-15-14-13-12-16	100	7	700
417	4	17	4-5-10-15-17	100	4	400
417	4	17	4-3-1-7-9-14-15-17	100	7	700
418	4	18	4-5-10-15-17-19-20-18	100	7	700
418	4	18	4-3-1-7-8-11-12-16-18	100	8	800
419	4	19	4-5-10-15-17-19	100	5	500
419	4	19	4-3-1-7-9-14-15-17-19	100	8	800
420	4	20	4-5-10-15-17-19-20	100	6	600
420	4	20	4-3-1-7-8-11-12-16-18-20	100	9	900
50	5	0	5-2-0	100	2	200
50	5	0	5-2-1-0	100	3	300
51	5	1	5-2-1	100	2	200
51	5	1	5-2-0-1	100	3	300
52	5	2	5-2	100	1	100
52	5	2	5-4-3-1-2	100	4	400
53	5	3	5-4-3	100	2	200
53	5	3	5-2-1-3	100	3	300
54	5	4	5-4	100	1	100
54	5	4	5-2-1-3-4	100	4	400
56	5	6	5-6	100	1	100
56	5	6	5-2-1-7-6	100	4	400
57	5	7	5-6-7	100	2	200
57	5	7	5-2-1-7	100	3	300
58	5	8	5-6-7-8	100	3	300
58	5	8	5-2-1-7-8	100	4	400
59	5	9	5-6-7-9	100	3	300
59	5	9	5-10-15-14-9	100	4	400
510	5	10	5-10	100	1	100
510	5	10	5-6-7-9-14-15-10	100	6	600
511	5	11	5-6-7-8-11	100	4	400
511	5	11	5-2-1-7-8-11	100	5	500
512	5	12	5-6-7-8-11-12	100	5	500
512	5	12	5-10-15-14-13-12	100	5	500
513	5	13	5-10-15-14-13	100	4	400
513	5	13	5-6-7-9-14-13	100	5	500
514	5	14	5-10-15-14	100	3	300
514	5	14	5-6-7-9-14	100	4	400
515	5	15	5-10-15	100	2	200
515	5	15	5-6-7-9-14-15	100	5	500
516	5	16	5-6-7-8-11-12-16	100	6	600
516	5	16	5-10-15-14-13-12-16	100	6	600
517	5	17	5-10-15-17	100	3	300
517	5	17	5-6-7-9-14-15-17	100	6	600
518	5	18	5-10-15-17-19-20-18	100	6	600
518	5	18	5-6-7-8-11-12-16-18	100	7	700
519	5	19	5-10-15-17-19	100	4	400
519	5	19	5-6-7-9-14-15-17-19	100	7	700
520	5	20	5-10-15-17-19-20	100	5	500
520	5	20	5-6-7-8-11-12-16-18-20	100	8	800
60	6	0	6-7-1-0	100	3	300
60	6	0	6-5-2-0	100	3	300
61	6	1	6-7-1	100	2	200
61	6	1	6-5-2-1	100	3	300
62	6	2	6-5-2	100	2	200
62	6	2	6-7-1-2	100	3	300
63	6	3	6-7-1-3	100	3	300
63	6	3	6-5-4-3	100	3	300
64	6	4	6-5-4	100	2	200
64	6	4	6-7-1-3-4	100	4	400
65	6	5	6-5	100	1	100
65	6	5	6-7-1-2-5	100	4	400
67	6	7	6-7	100	1	100
67	6	7	6-5-2-1-7	100	4	400
68	6	8	6-7-8	100	2	200
68	6	8	6-5-2-1-7-8	100	5	500
69	6	9	6-7-9	100	2	200
69	6	9	6-5-10-15-14-9	100	5	500
610	6	10	6-5-10	100	2	200
610	6	10	6-7-9-14-15-10	100	5	500
611	6	11	6-7-8-11	100	3	300
611	6	11	6-7-9-14-13-12-11	100	6	600
612	6	12	6-7-8-11-12	100	4	400
612	6	12	6-7-9-14-13-12	100	5	500
613	6	13	6-7-9-14-13	100	4	400
613	6	13	6-7-8-11-12-13	100	5	500
614	6	14	6-7-9-14	100	3	300
614	6	14	6-5-10-15-14	100	4	400
615	6	15	6-5-10-15	100	3	300
615	6	15	6-7-9-14-15	100	4	400
616	6	16	6-7-8-11-12-16	100	5	500
616	6	16	6-7-9-14-13-12-16	100	6	600
617	6	17	6-5-10-15-17	100	4	400
617	6	17	6-7-9-14-15-17	100	5	500
618	6	18	6-7-8-11-12-16-18	100	6	600
618	6	18	6-7-9-14-13-12-16-18	100	7	700
619	6	19	6-5-10-15-17-19	100	5	500
619	6	19	6-7-9-14-15-17-19	100	6	600
620	6	20	6-5-10-15-17-19-20	100	6	600
620	6	20	6-7-8-11-12-16-18-20	100	7	700
70	7	0	7-1-0	100	2	200
70	7	0	7-1-2-0	100	3	300
71	7	1	7-1	100	1	100
71	7	1	7-6-5-2-1	100	4	400
72	7	2	7-1-2	100	2	200
72	7	2	7-1-0-2	100	3	300
73	7	3	7-1-3	100	2	200
73	7	3	7-6-5-4-3	100	4	400
74	7	4	7-1-3-4	100	3	300
74	7	4	7-6-5-4	100	3	300
75	7	5	7-6-5	100	2	200
75	7	5	7-1-2-5	100	3	300
76	7	6	7-6	100	1	100
76	7	6	7-1-2-5-6	100	4	400
78	7	8	7-8	100	1	100
78	7	8	7-9-14-13-12-11-8	100	6	600
79	7	9	7-9	100	1	100
79	7	9	7-8-11-12-13-14-9	100	6	600
710	7	10	7-6-5-10	100	3	300
710	7	10	7-9-14-15-10	100	4	400
711	7	11	7-8-11	100	2	200
711	7	11	7-9-14-13-12-11	100	5	500
712	7	12	7-8-11-12	100	3	300
712	7	12	7-9-14-13-12	100	4	400
713	7	13	7-9-14-13	100	3	300
713	7	13	7-8-11-12-13	100	4	400
714	7	14	7-9-14	100	2	200
714	7	14	7-8-11-12-13-14	100	5	500
715	7	15	7-9-14-15	100	3	300
715	7	15	7-6-5-10-15	100	4	400
716	7	16	7-8-11-12-16	100	4	400
716	7	16	7-9-14-13-12-16	100	5	500
717	7	17	7-9-14-15-17	100	4	400
717	7	17	7-6-5-10-15-17	100	5	500
718	7	18	7-8-11-12-16-18	100	5	500
718	7	18	7-9-14-13-12-16-18	100	6	600
719	7	19	7-9-14-15-17-19	100	5	500
719	7	19	7-6-5-10-15-17-19	100	6	600
720	7	20	7-8-11-12-16-18-20	100	6	600
720	7	20	7-9-14-15-17-19-20	100	6	600
80	8	0	8-7-1-0	100	3	300
80	8	0	8-7-1-2-0	100	4	400
81	8	1	8-7-1	100	2	200
81	8	1	8-7-6-5-2-1	100	5	500
82	8	2	8-7-1-2	100	3	300
82	8	2	8-7-1-0-2	100	4	400
83	8	3	8-7-1-3	100	3	300
83	8	3	8-7-6-5-4-3	100	5	500
84	8	4	8-7-1-3-4	100	4	400
84	8	4	8-7-6-5-4	100	4	400
85	8	5	8-7-6-5	100	3	300
85	8	5	8-7-1-2-5	100	4	400
86	8	6	8-7-6	100	2	200
86	8	6	8-7-1-2-5-6	100	5	500
87	8	7	8-7	100	1	100
87	8	7	8-11-12-13-14-9-7	100	6	600
89	8	9	8-7-9	100	2	200
89	8	9	8-11-12-13-14-9	100	5	500
810	8	10	8-7-6-5-10	100	4	400
810	8	10	8-7-9-14-15-10	100	5	500
811	8	11	8-11	100	1	100
811	8	11	8-7-9-14-13-12-11	100	6	600
812	8	12	8-11-12	100	2	200
812	8	12	8-7-9-14-13-12	100	5	500
813	8	13	8-11-12-13	100	3	300
813	8	13	8-7-9-14-13	100	4	400
814	8	14	8-7-9-14	100	3	300
814	8	14	8-11-12-13-14	100	4	400
815	8	15	8-7-9-14-15	100	4	400
815	8	15	8-11-12-13-14-15	100	5	500
816	8	16	8-11-12-16	100	3	300
816	8	16	8-7-9-14-13-12-16	100	6	600
817	8	17	8-7-9-14-15-17	100	5	500
817	8	17	8-11-12-13-14-15-17	100	6	600
818	8	18	8-11-12-16-18	100	4	400
818	8	18	8-7-9-14-13-12-16-18	100	7	700
819	8	19	8-7-9-14-15-17-19	100	6	600
819	8	19	8-11-12-16-18-20-19	100	6	600
820	8	20	8-11-12-16-18-20	100	5	500
820	8	20	8-7-9-14-15-17-19-20	100	7	700
90	9	0	9-7-1-0	100	3	300
90	9	0	9-7-1-2-0	100	4	400
91	9	1	9-7-1	100	2	200
91	9	1	9-7-6-5-2-1	100	5	500
92	9	2	9-7-1-2	100	3	300
92	9	2	9-7-1-0-2	100	4	400
93	9	3	9-7-1-3	100	3	300
93	9	3	9-7-6-5-4-3	100	5	500
94	9	4	9-7-1-3-4	100	4	400
94	9	4	9-7-6-5-4	100	4	400
95	9	5	9-7-6-5	100	3	300
95	9	5	9-7-1-2-5	100	4	400
96	9	6	9-7-6	100	2	200
96	9	6	9-7-1-2-5-6	100	5	500
97	9	7	9-7	100	1	100
97	9	7	9-14-15-10-5-6-7	100	6	600
98	9	8	9-7-8	100	2	200
98	9	8	9-14-13-12-11-8	100	5	500
910	9	10	9-14-15-10	100	3	300
910	9	10	9-7-6-5-10	100	4	400
911	9	11	9-7-8-11	100	3	300
911	9	11	9-14-13-12-11	100	4	400
912	9	12	9-14-13-12	100	3	300
912	9	12	9-7-8-11-12	100	4	400
913	9	13	9-14-13	100	2	200
913	9	13	9-7-8-11-12-13	100	5	500
914	9	14	9-14	100	1	100
914	9	14	9-7-8-11-12-13-14	100	6	600
915	9	15	9-14-15	100	2	200
915	9	15	9-7-6-5-10-15	100	5	500
916	9	16	9-14-13-12-16	100	4	400
916	9	16	9-7-8-11-12-16	100	5	500
917	9	17	9-14-15-17	100	3	300
917	9	17	9-7-6-5-10-15-17	100	6	600
918	9	18	9-14-13-12-16-18	100	5	500
918	9	18	9-7-8-11-12-16-18	100	6	600
919	9	19	9-14-15-17-19	100	4	400
919	9	19	9-7-6-5-10-15-17-19	100	7	700
920	9	20	9-14-15-17-19-20	100	5	500
920	9	20	9-14-13-12-16-18-20	100	6	600
100	10	0	10-5-2-0	100	3	300
100	10	0	10-5-2-1-0	100	4	400
101	10	1	10-5-2-1	100	3	300
101	10	1	10-5-2-0-1	100	4	400
102	10	2	10-5-2	100	2	200
102	10	2	10-5-4-3-1-2	100	5	500
103	10	3	10-5-4-3	100	3	300
103	10	3	10-5-2-1-3	100	4	400
104	10	4	10-5-4	100	2	200
104	10	4	10-5-2-1-3-4	100	5	500
105	10	5	10-5	100	1	100
105	10	5	10-15-14-9-7-6-5	100	6	600
106	10	6	10-5-6	100	2	200
106	10	6	10-5-2-1-7-6	100	5	500
107	10	7	10-5-6-7	100	3	300
107	10	7	10-5-2-1-7	100	4	400
108	10	8	10-5-6-7-8	100	4	400
108	10	8	10-5-2-1-7-8	100	5	500
109	10	9	10-15-14-9	100	3	300
109	10	9	10-5-6-7-9	100	4	400
1011	10	11	10-15-14-13-12-11	100	5	500
1011	10	11	10-5-6-7-8-11	100	5	500
1012	10	12	10-15-14-13-12	100	4	400
1012	10	12	10-5-6-7-8-11-12	100	6	600
1013	10	13	10-15-14-13	100	3	300
1013	10	13	10-5-6-7-9-14-13	100	6	600
1014	10	14	10-15-14	100	2	200
1014	10	14	10-5-6-7-9-14	100	5	500
1015	10	15	10-15	100	1	100
1015	10	15	10-5-6-7-9-14-15	100	6	600
1016	10	16	10-15-14-13-12-16	100	5	500
1016	10	16	10-15-17-19-20-18-16	100	6	600
1017	10	17	10-15-17	100	2	200
1017	10	17	10-5-6-7-9-14-15-17	100	7	700
1018	10	18	10-15-17-19-20-18	100	5	500
1018	10	18	10-15-14-13-12-16-18	100	6	600
1019	10	19	10-15-17-19	100	3	300
1019	10	19	10-5-6-7-9-14-15-17-19	100	8	800
1020	10	20	10-15-17-19-20	100	4	400
1020	10	20	10-15-14-13-12-16-18-20	100	7	700
110	11	0	11-8-7-1-0	100	4	400
110	11	0	11-8-7-1-2-0	100	5	500
111	11	1	11-8-7-1	100	3	300
111	11	1	11-8-7-6-5-2-1	100	6	600
112	11	2	11-8-7-1-2	100	4	400
112	11	2	11-8-7-1-0-2	100	5	500
113	11	3	11-8-7-1-3	100	4	400
113	11	3	11-8-7-6-5-4-3	100	6	600
114	11	4	11-8-7-1-3-4	100	5	500
114	11	4	11-8-7-6-5-4	100	5	500
115	11	5	11-8-7-6-5	100	4	400
115	11	5	11-8-7-1-2-5	100	5	500
116	11	6	11-8-7-6	100	3	300
116	11	6	11-8-7-1-2-5-6	100	6	600
117	11	7	11-8-7	100	2	200
117	11	7	11-12-13-14-9-7	100	5	500
118	11	8	11-8	100	1	100
118	11	8	11-12-13-14-9-7-8	100	6	600
119	11	9	11-8-7-9	100	3	300
119	11	9	11-12-13-14-9	100	4	400
1110	11	10	11-12-13-14-15-10	100	5	500
1110	11	10	11-8-7-6-5-10	100	5	500
1112	11	12	11-12	100	1	100
1112	11	12	11-8-7-9-14-13-12	100	6	600
1113	11	13	11-12-13	100	2	200
1113	11	13	11-8-7-9-14-13	100	5	500
1114	11	14	11-12-13-14	100	3	300
1114	11	14	11-8-7-9-14	100	4	400
1115	11	15	11-12-13-14-15	100	4	400
1115	11	15	11-8-7-9-14-15	100	5	500
1116	11	16	11-12-16	100	2	200
1116	11	16	11-8-7-9-14-13-12-16	100	7	700
1117	11	17	11-12-13-14-15-17	100	5	500
1117	11	17	11-8-7-9-14-15-17	100	6	600
1118	11	18	11-12-16-18	100	3	300
1118	11	18	11-8-7-9-14-13-12-16-18	100	8	800
1119	11	19	11-12-16-18-20-19	100	5	500
1119	11	19	11-12-13-14-15-17-19	100	6	600
1120	11	20	11-12-16-18-20	100	4	400
1120	11	20	11-12-13-14-15-17-19-20	100	7	700
120	12	0	12-11-8-7-1-0	100	5	500
120	12	0	12-13-14-9-7-1-0	100	6	600
121	12	1	12-11-8-7-1	100	4	400
121	12	1	12-13-14-9-7-1	100	5	500
122	12	2	12-11-8-7-1-2	100	5	500
122	12	2	12-11-8-7-1-0-2	100	6	600
123	12	3	12-11-8-7-1-3	100	5	500
123	12	3	12-13-14-9-7-1-3	100	6	600
124	12	4	12-11-8-7-1-3-4	100	6	600
124	12	4	12-13-14-15-10-5-4	100	6	600
125	12	5	12-11-8-7-6-5	100	5	500
125	12	5	12-13-14-15-10-5	100	5	500
126	12	6	12-11-8-7-6	100	4	400
126	12	6	12-13-14-9-7-6	100	5	500
127	12	7	12-11-8-7	100	3	300
127	12	7	12-13-14-9-7	100	4	400
128	12	8	12-11-8	100	2	200
128	12	8	12-13-14-9-7-8	100	5	500
129	12	9	12-13-14-9	100	3	300
129	12	9	12-11-8-7-9	100	4	400
1210	12	10	12-13-14-15-10	100	4	400
1210	12	10	12-11-8-7-6-5-10	100	6	600
1211	12	11	12-11	100	1	100
1211	12	11	12-13-14-9-7-8-11	100	6	600
1213	12	13	12-13	100	1	100
1213	12	13	12-11-8-7-9-14-13	100	6	600
1214	12	14	12-13-14	100	2	200
1214	12	14	12-11-8-7-9-14	100	5	500
1215	12	15	12-13-14-15	100	3	300
1215	12	15	12-11-8-7-9-14-15	100	6	600
1216	12	16	12-16	100	1	100
1216	12	16	12-13-14-15-17-19-20-18-16	100	8	800
1217	12	17	12-13-14-15-17	100	4	400
1217	12	17	12-16-18-20-19-17	100	5	500
1218	12	18	12-16-18	100	2	200
1218	12	18	12-13-14-15-17-19-20-18	100	7	700
1219	12	19	12-16-18-20-19	100	4	400
1219	12	19	12-13-14-15-17-19	100	5	500
1220	12	20	12-16-18-20	100	3	300
1220	12	20	12-13-14-15-17-19-20	100	6	600
130	13	0	13-14-9-7-1-0	100	5	500
130	13	0	13-12-11-8-7-1-0	100	6	600
131	13	1	13-14-9-7-1	100	4	400
131	13	1	13-12-11-8-7-1	100	5	500
132	13	2	13-14-9-7-1-2	100	5	500
132	13	2	13-14-15-10-5-2	100	5	500
133	13	3	13-14-9-7-1-3	100	5	500
133	13	3	13-12-11-8-7-1-3	100	6	600
134	13	4	13-14-15-10-5-4	100	5	500
134	13	4	13-14-9-7-1-3-4	100	6	600
135	13	5	13-14-15-10-5	100	4	400
135	13	5	13-14-9-7-6-5	100	5	500
136	13	6	13-14-9-7-6	100	4	400
136	13	6	13-14-15-10-5-6	100	5	500
137	13	7	13-14-9-7	100	3	300
137	13	7	13-12-11-8-7	100	4	400
138	13	8	13-12-11-8	100	3	300
138	13	8	13-14-9-7-8	100	4	400
139	13	9	13-14-9	100	2	200
139	13	9	13-12-11-8-7-9	100	5	500
1310	13	10	13-14-15-10	100	3	300
1310	13	10	13-14-9-7-6-5-10	100	6	600
1311	13	11	13-12-11	100	2	200
1311	13	11	13-14-9-7-8-11	100	5	500
1312	13	12	13-12	100	1	100
1312	13	12	13-14-9-7-8-11-12	100	6	600
1314	13	14	13-14	100	1	100
1314	13	14	13-12-11-8-7-9-14	100	6	600
1315	13	15	13-14-15	100	2	200
1315	13	15	13-12-11-8-7-9-14-15	100	7	700
1316	13	16	13-12-16	100	2	200
1316	13	16	13-14-9-7-8-11-12-16	100	7	700
1317	13	17	13-14-15-17	100	3	300
1317	13	17	13-12-16-18-20-19-17	100	6	600
1318	13	18	13-12-16-18	100	3	300
1318	13	18	13-14-15-17-19-20-18	100	6	600
1319	13	19	13-14-15-17-19	100	4	400
1319	13	19	13-12-16-18-20-19	100	5	500
1320	13	20	13-12-16-18-20	100	4	400
1320	13	20	13-14-15-17-19-20	100	5	500
140	14	0	14-9-7-1-0	100	4	400
140	14	0	14-9-7-1-2-0	100	5	500
141	14	1	14-9-7-1	100	3	300
141	14	1	14-15-10-5-2-1	100	5	500
142	14	2	14-9-7-1-2	100	4	400
142	14	2	14-15-10-5-2	100	4	400
143	14	3	14-9-7-1-3	100	4	400
143	14	3	14-15-10-5-4-3	100	5	500
144	14	4	14-15-10-5-4	100	4	400
144	14	4	14-9-7-1-3-4	100	5	500
145	14	5	14-15-10-5	100	3	300
145	14	5	14-9-7-6-5	100	4	400
146	14	6	14-9-7-6	100	3	300
146	14	6	14-15-10-5-6	100	4	400
147	14	7	14-9-7	100	2	200
147	14	7	14-15-10-5-6-7	100	5	500
148	14	8	14-9-7-8	100	3	300
148	14	8	14-13-12-11-8	100	4	400
149	14	9	14-9	100	1	100
149	14	9	14-15-10-5-6-7-9	100	6	600
1410	14	10	14-15-10	100	2	200
1410	14	10	14-9-7-6-5-10	100	5	500
1411	14	11	14-13-12-11	100	3	300
1411	14	11	14-9-7-8-11	100	4	400
1412	14	12	14-13-12	100	2	200
1412	14	12	14-9-7-8-11-12	100	5	500
1413	14	13	14-13	100	1	100
1413	14	13	14-9-7-8-11-12-13	100	6	600
1415	14	15	14-15	100	1	100
1415	14	15	14-9-7-6-5-10-15	100	6	600
1416	14	16	14-13-12-16	100	3	300
1416	14	16	14-9-7-8-11-12-16	100	6	600
1417	14	17	14-15-17	100	2	200
1417	14	17	14-9-7-6-5-10-15-17	100	7	700
1418	14	18	14-13-12-16-18	100	4	400
1418	14	18	14-15-17-19-20-18	100	5	500
1419	14	19	14-15-17-19	100	3	300
1419	14	19	14-13-12-16-18-20-19	100	6	600
1420	14	20	14-15-17-19-20	100	4	400
1420	14	20	14-13-12-16-18-20	100	5	500
150	15	0	15-10-5-2-0	100	4	400
150	15	0	15-10-5-2-1-0	100	5	500
151	15	1	15-10-5-2-1	100	4	400
151	15	1	15-14-9-7-1	100	4	400
152	15	2	15-10-5-2	100	3	300
152	15	2	15-14-9-7-1-2	100	5	500
153	15	3	15-10-5-4-3	100	4	400
153	15	3	15-10-5-2-1-3	100	5	500
154	15	4	15-10-5-4	100	3	300
154	15	4	15-10-5-2-1-3-4	100	6	600
155	15	5	15-10-5	100	2	200
155	15	5	15-14-9-7-6-5	100	5	500
156	15	6	15-10-5-6	100	3	300
156	15	6	15-14-9-7-6	100	4	400
157	15	7	15-14-9-7	100	3	300
157	15	7	15-10-5-6-7	100	4	400
158	15	8	15-14-9-7-8	100	4	400
158	15	8	15-14-13-12-11-8	100	5	500
159	15	9	15-14-9	100	2	200
159	15	9	15-10-5-6-7-9	100	5	500
1510	15	10	15-10	100	1	100
1510	15	10	15-14-9-7-6-5-10	100	6	600
1511	15	11	15-14-13-12-11	100	4	400
1511	15	11	15-14-9-7-8-11	100	5	500
1512	15	12	15-14-13-12	100	3	300
1512	15	12	15-14-9-7-8-11-12	100	6	600
1513	15	13	15-14-13	100	2	200
1513	15	13	15-14-9-7-8-11-12-13	100	7	700
1514	15	14	15-14	100	1	100
1514	15	14	15-10-5-6-7-9-14	100	6	600
1516	15	16	15-14-13-12-16	100	4	400
1516	15	16	15-17-19-20-18-16	100	5	500
1517	15	17	15-17	100	1	100
1517	15	17	15-14-13-12-16-18-20-19-17	100	8	800
1518	15	18	15-17-19-20-18	100	4	400
1518	15	18	15-14-13-12-16-18	100	5	500
1519	15	19	15-17-19	100	2	200
1519	15	19	15-14-13-12-16-18-20-19	100	7	700
1520	15	20	15-17-19-20	100	3	300
1520	15	20	15-14-13-12-16-18-20	100	6	600
160	16	0	16-12-11-8-7-1-0	100	6	600
160	16	0	16-12-13-14-9-7-1-0	100	7	700
161	16	1	16-12-11-8-7-1	100	5	500
161	16	1	16-12-13-14-9-7-1	100	6	600
162	16	2	16-12-11-8-7-1-2	100	6	600
162	16	2	16-12-11-8-7-1-0-2	100	7	700
163	16	3	16-12-11-8-7-1-3	100	6	600
163	16	3	16-12-13-14-9-7-1-3	100	7	700
164	16	4	16-12-11-8-7-1-3-4	100	7	700
164	16	4	16-12-13-14-15-10-5-4	100	7	700
165	16	5	16-12-11-8-7-6-5	100	6	600
165	16	5	16-12-13-14-15-10-5	100	6	600
166	16	6	16-12-11-8-7-6	100	5	500
166	16	6	16-12-13-14-9-7-6	100	6	600
167	16	7	16-12-11-8-7	100	4	400
167	16	7	16-12-13-14-9-7	100	5	500
168	16	8	16-12-11-8	100	3	300
168	16	8	16-12-13-14-9-7-8	100	6	600
169	16	9	16-12-13-14-9	100	4	400
169	16	9	16-12-11-8-7-9	100	5	500
1610	16	10	16-12-13-14-15-10	100	5	500
1610	16	10	16-18-20-19-17-15-10	100	6	600
1611	16	11	16-12-11	100	2	200
1611	16	11	16-12-13-14-9-7-8-11	100	7	700
1612	16	12	16-12	100	1	100
1612	16	12	16-18-20-19-17-15-14-13-12	100	8	800
1613	16	13	16-12-13	100	2	200
1613	16	13	16-18-20-19-17-15-14-13	100	7	700
1614	16	14	16-12-13-14	100	3	300
1614	16	14	16-18-20-19-17-15-14	100	6	600
1615	16	15	16-12-13-14-15	100	4	400
1615	16	15	16-18-20-19-17-15	100	5	500
1617	16	17	16-18-20-19-17	100	4	400
1617	16	17	16-12-13-14-15-17	100	5	500
1618	16	18	16-18	100	1	100
1618	16	18	16-12-13-14-15-17-19-20-18	100	8	800
1619	16	19	16-18-20-19	100	3	300
1619	16	19	16-12-13-14-15-17-19	100	6	600
1620	16	20	16-18-20	100	2	200
1620	16	20	16-12-13-14-15-17-19-20	100	7	700
170	17	0	17-15-10-5-2-0	100	5	500
170	17	0	17-15-10-5-2-1-0	100	6	600
171	17	1	17-15-10-5-2-1	100	5	500
171	17	1	17-15-14-9-7-1	100	5	500
172	17	2	17-15-10-5-2	100	4	400
172	17	2	17-15-14-9-7-1-2	100	6	600
173	17	3	17-15-10-5-4-3	100	5	500
173	17	3	17-15-10-5-2-1-3	100	6	600
174	17	4	17-15-10-5-4	100	4	400
174	17	4	17-15-10-5-2-1-3-4	100	7	700
175	17	5	17-15-10-5	100	3	300
175	17	5	17-15-14-9-7-6-5	100	6	600
176	17	6	17-15-10-5-6	100	4	400
176	17	6	17-15-14-9-7-6	100	5	500
177	17	7	17-15-14-9-7	100	4	400
177	17	7	17-15-10-5-6-7	100	5	500
178	17	8	17-15-14-9-7-8	100	5	500
178	17	8	17-15-14-13-12-11-8	100	6	600
179	17	9	17-15-14-9	100	3	300
179	17	9	17-15-10-5-6-7-9	100	6	600
1710	17	10	17-15-10	100	2	200
1710	17	10	17-15-14-9-7-6-5-10	100	7	700
1711	17	11	17-15-14-13-12-11	100	5	500
1711	17	11	17-19-20-18-16-12-11	100	6	600
1712	17	12	17-15-14-13-12	100	4	400
1712	17	12	17-19-20-18-16-12	100	5	500
1713	17	13	17-15-14-13	100	3	300
1713	17	13	17-19-20-18-16-12-13	100	6	600
1714	17	14	17-15-14	100	2	200
1714	17	14	17-19-20-18-16-12-13-14	100	7	700
1715	17	15	17-15	100	1	100
1715	17	15	17-19-20-18-16-12-13-14-15	100	8	800
1716	17	16	17-19-20-18-16	100	4	400
1716	17	16	17-15-14-13-12-16	100	5	500
1718	17	18	17-19-20-18	100	3	300
1718	17	18	17-15-14-13-12-16-18	100	6	600
1719	17	19	17-19	100	1	100
1719	17	19	17-15-14-13-12-16-18-20-19	100	8	800
1720	17	20	17-19-20	100	2	200
1720	17	20	17-15-14-13-12-16-18-20	100	7	700
180	18	0	18-16-12-11-8-7-1-0	100	7	700
180	18	0	18-16-12-13-14-9-7-1-0	100	8	800
181	18	1	18-16-12-11-8-7-1	100	6	600
181	18	1	18-16-12-13-14-9-7-1	100	7	700
182	18	2	18-16-12-11-8-7-1-2	100	7	700
182	18	2	18-20-19-17-15-10-5-2	100	7	700
183	18	3	18-16-12-11-8-7-1-3	100	7	700
183	18	3	18-16-12-13-14-9-7-1-3	100	8	800
184	18	4	18-20-19-17-15-10-5-4	100	7	700
184	18	4	18-16-12-11-8-7-1-3-4	100	8	800
185	18	5	18-20-19-17-15-10-5	100	6	600
185	18	5	18-16-12-11-8-7-6-5	100	7	700
186	18	6	18-16-12-11-8-7-6	100	6	600
186	18	6	18-20-19-17-15-10-5-6	100	7	700
187	18	7	18-16-12-11-8-7	100	5	500
187	18	7	18-16-12-13-14-9-7	100	6	600
188	18	8	18-16-12-11-8	100	4	400
188	18	8	18-16-12-13-14-9-7-8	100	7	700
189	18	9	18-16-12-13-14-9	100	5	500
189	18	9	18-20-19-17-15-14-9	100	6	600
1810	18	10	18-20-19-17-15-10	100	5	500
1810	18	10	18-16-12-13-14-15-10	100	6	600
1811	18	11	18-16-12-11	100	3	300
1811	18	11	18-20-19-17-15-14-13-12-11	100	8	800
1812	18	12	18-16-12	100	2	200
1812	18	12	18-20-19-17-15-14-13-12	100	7	700
1813	18	13	18-16-12-13	100	3	300
1813	18	13	18-20-19-17-15-14-13	100	6	600
1814	18	14	18-16-12-13-14	100	4	400
1814	18	14	18-20-19-17-15-14	100	5	500
1815	18	15	18-20-19-17-15	100	4	400
1815	18	15	18-16-12-13-14-15	100	5	500
1816	18	16	18-16	100	1	100
1816	18	16	18-20-19-17-15-14-13-12-16	100	8	800
1817	18	17	18-20-19-17	100	3	300
1817	18	17	18-16-12-13-14-15-17	100	6	600
1819	18	19	18-20-19	100	2	200
1819	18	19	18-16-12-13-14-15-17-19	100	7	700
1820	18	20	18-20	100	1	100
1820	18	20	18-16-12-13-14-15-17-19-20	100	8	800
190	19	0	19-17-15-10-5-2-0	100	6	600
190	19	0	19-17-15-10-5-2-1-0	100	7	700
191	19	1	19-17-15-10-5-2-1	100	6	600
191	19	1	19-17-15-14-9-7-1	100	6	600
192	19	2	19-17-15-10-5-2	100	5	500
192	19	2	19-17-15-14-9-7-1-2	100	7	700
193	19	3	19-17-15-10-5-4-3	100	6	600
193	19	3	19-17-15-10-5-2-1-3	100	7	700
194	19	4	19-17-15-10-5-4	100	5	500
194	19	4	19-17-15-10-5-2-1-3-4	100	8	800
195	19	5	19-17-15-10-5	100	4	400
195	19	5	19-17-15-14-9-7-6-5	100	7	700
196	19	6	19-17-15-10-5-6	100	5	500
196	19	6	19-17-15-14-9-7-6	100	6	600
197	19	7	19-17-15-14-9-7	100	5	500
197	19	7	19-17-15-10-5-6-7	100	6	600
198	19	8	19-20-18-16-12-11-8	100	6	600
198	19	8	19-17-15-14-9-7-8	100	6	600
199	19	9	19-17-15-14-9	100	4	400
199	19	9	19-20-18-16-12-13-14-9	100	7	700
1910	19	10	19-17-15-10	100	3	300
1910	19	10	19-20-18-16-12-13-14-15-10	100	8	800
1911	19	11	19-20-18-16-12-11	100	5	500
1911	19	11	19-17-15-14-13-12-11	100	6	600
1912	19	12	19-20-18-16-12	100	4	400
1912	19	12	19-17-15-14-13-12	100	5	500
1913	19	13	19-17-15-14-13	100	4	400
1913	19	13	19-20-18-16-12-13	100	5	500
1914	19	14	19-17-15-14	100	3	300
1914	19	14	19-20-18-16-12-13-14	100	6	600
1915	19	15	19-17-15	100	2	200
1915	19	15	19-20-18-16-12-13-14-15	100	7	700
1916	19	16	19-20-18-16	100	3	300
1916	19	16	19-17-15-14-13-12-16	100	6	600
1917	19	17	19-17	100	1	100
1917	19	17	19-20-18-16-12-13-14-15-17	100	8	800
1918	19	18	19-20-18	100	2	200
1918	19	18	19-17-15-14-13-12-16-18	100	7	700
1920	19	20	19-20	100	1	100
1920	19	20	19-17-15-14-13-12-16-18-20	100	8	800
200	20	0	20-19-17-15-10-5-2-0	100	7	700
200	20	0	20-19-17-15-10-5-2-1-0	100	8	800
201	20	1	20-19-17-15-10-5-2-1	100	7	700
201	20	1	20-19-17-15-14-9-7-1	100	7	700
202	20	2	20-19-17-15-10-5-2	100	6	600
202	20	2	20-18-16-12-11-8-7-1-2	100	8	800
203	20	3	20-19-17-15-10-5-4-3	100	7	700
203	20	3	20-19-17-15-10-5-2-1-3	100	8	800
204	20	4	20-19-17-15-10-5-4	100	6	600
204	20	4	20-19-17-15-10-5-2-1-3-4	100	9	900
205	20	5	20-19-17-15-10-5	100	5	500
205	20	5	20-18-16-12-11-8-7-6-5	100	8	800
206	20	6	20-19-17-15-10-5-6	100	6	600
206	20	6	20-18-16-12-11-8-7-6	100	7	700
207	20	7	20-18-16-12-11-8-7	100	6	600
207	20	7	20-19-17-15-14-9-7	100	6	600
208	20	8	20-18-16-12-11-8	100	5	500
208	20	8	20-19-17-15-14-9-7-8	100	7	700
209	20	9	20-19-17-15-14-9	100	5	500
209	20	9	20-18-16-12-13-14-9	100	6	600
2010	20	10	20-19-17-15-10	100	4	400
2010	20	10	20-18-16-12-13-14-15-10	100	7	700
2011	20	11	20-18-16-12-11	100	4	400
2011	20	11	20-19-17-15-14-13-12-11	100	7	700
2012	20	12	20-18-16-12	100	3	300
2012	20	12	20-19-17-15-14-13-12	100	6	600
2013	20	13	20-18-16-12-13	100	4	400
2013	20	13	20-19-17-15-14-13	100	5	500
2014	20	14	20-19-17-15-14	100	4	400
2014	20	14	20-18-16-12-13-14	100	5	500
2015	20	15	20-19-17-15	100	3	300
2015	20	15	20-18-16-12-13-14-15	100	6	600
2016	20	16	20-18-16	100	2	200
2016	20	16	20-19-17-15-14-13-12-16	100	7	700
2017	20	17	20-19-17	100	2	200
2017	20	17	20-18-16-12-13-14-15-17	100	7	700
2018	20	18	20-18	100	1	100
2018	20	18	20-19-17-15-14-13-12-16-18	100	8	800
2019	20	19	20-19	100	1	100
2019	20	19	20-18-16-12-13-14-15-17-19	100	8	800
