01	0	1	0-1	23	1346	30958
01	0	1	0-2-1	23	2794	64262
01	0	1	0-3-4-6-7-1	23	7177	165071
01	0	1	0-2-5-8-9-7-1	23	8227	189221
02	0	2	0-2	16	2024	32384
02	0	2	0-1-2	16	2116	33856
02	0	2	0-1-7-9-8-5-2	16	7549	120784
02	0	2	0-3-4-6-7-1-2	16	7947	127152
03	0	3	0-3	39	3414	133146
03	0	3	0-1-7-6-4-3	39	5109	199251
03	0	3	0-2-1-7-6-4-3	39	6557	255723
03	0	3	0-2-5-4-3	39	6906	269334
04	0	4	0-1-7-6-4	43	4261	183223
04	0	4	0-3-4	43	4262	183266
04	0	4	0-2-1-7-6-4	43	5709	245487
04	0	4	0-2-5-4	43	6058	260494
05	0	5	0-2-5	2	4397	8794
05	0	5	0-1-2-5	2	4489	8978
05	0	5	0-1-7-9-8-5	2	5176	10352
05	0	5	0-1-7-6-4-5	2	5922	11844
06	0	6	0-1-7-6	18	3456	62208
06	0	6	0-2-1-7-6	18	4904	88272
06	0	6	0-3-4-6	18	5067	91206
06	0	6	0-2-5-4-6	18	6863	123534
07	0	7	0-1-7	12	2578	30936
07	0	7	0-2-1-7	12	4026	48312
07	0	7	0-3-4-6-7	12	5945	71340
07	0	7	0-2-5-8-9-7	12	6995	83940
08	0	8	0-1-7-9-8	44	3897	171468
08	0	8	0-2-1-7-9-8	44	5345	235180
08	0	8	0-2-5-8	44	5676	249744
08	0	8	0-1-2-5-8	44	5768	253792
09	0	9	0-1-7-9	23	3355	77165
09	0	9	0-2-1-7-9	23	4803	110469
09	0	9	0-2-5-8-9	23	6218	143014
09	0	9	0-1-2-5-8-9	23	6310	145130
010	0	10	0-1-7-9-11-10	46	4641	213486
010	0	10	0-1-7-9-13-10	46	4654	214084
010	0	10	0-1-7-9-13-12-11-10	46	5999	275954
010	0	10	0-3-10	46	6030	277380
011	0	11	0-1-7-9-11	7	4346	30422
011	0	11	0-1-7-9-13-10-11	7	4949	34643
011	0	11	0-1-7-9-13-12-11	7	5704	39928
011	0	11	0-2-1-7-9-11	7	5794	40558
012	0	12	0-1-7-9-13-12	15	4600	69000
012	0	12	0-1-7-9-11-12	15	5450	81750
012	0	12	0-1-7-9-11-10-13-12	15	5717	85755
012	0	12	0-2-1-7-9-13-12	15	6048	90720
013	0	13	0-1-7-9-13	18	4089	73602
013	0	13	0-1-7-9-11-10-13	18	5206	93708
013	0	13	0-2-1-7-9-13	18	5537	99666
013	0	13	0-1-7-9-11-12-13	18	5961	107298
10	1	0	1-0	48	1346	64608
10	1	0	1-2-0	48	2794	134112
10	1	0	1-7-6-4-3-0	48	7177	344496
10	1	0	1-7-9-8-5-2-0	48	8227	394896
12	1	2	1-2	49	770	37730
12	1	2	1-0-2	49	3370	165130
12	1	2	1-7-9-8-5-2	49	6203	303947
12	1	2	1-7-6-4-5-2	49	6949	340501
13	1	3	1-7-6-4-3	41	3763	154283
13	1	3	1-0-3	41	4760	195160
13	1	3	1-2-5-4-3	41	5652	231732
13	1	3	1-7-9-11-10-3	41	5911	242351
14	1	4	1-7-6-4	5	2915	14575
14	1	4	1-2-5-4	5	4804	24020
14	1	4	1-7-9-8-5-4	5	5491	27455
14	1	4	1-0-3-4	5	5608	28040
15	1	5	1-2-5	20	3143	62860
15	1	5	1-7-9-8-5	20	3830	76600
15	1	5	1-7-6-4-5	20	4576	91520
15	1	5	1-7-9-13-12-5	20	5539	110780
16	1	6	1-7-6	18	2110	37980
16	1	6	1-2-5-4-6	18	5609	100962
16	1	6	1-7-9-8-5-4-6	18	6296	113328
16	1	6	1-0-3-4-6	18	6413	115434
17	1	7	1-7	34	1232	41888
17	1	7	1-2-5-8-9-7	34	5741	195194
17	1	7	1-2-5-4-6-7	34	6487	220558
17	1	7	1-0-3-4-6-7	34	7291	247894
18	1	8	1-7-9-8	4	2551	10204
18	1	8	1-2-5-8	4	4422	17688
18	1	8	1-7-6-4-5-8	4	5855	23420
18	1	8	1-7-9-13-12-5-8	4	6818	27272
19	1	9	1-7-9	11	2009	22099
19	1	9	1-2-5-8-9	11	4964	54604
19	1	9	1-7-6-4-5-8-9	11	6397	70367
19	1	9	1-2-5-12-13-9	11	6673	73403
110	1	10	1-7-9-11-10	23	3295	75785
110	1	10	1-7-9-13-10	23	3308	76084
110	1	10	1-7-9-13-12-11-10	23	4653	107019
110	1	10	1-7-9-11-12-13-10	23	5180	119140
111	1	11	1-7-9-11	39	3000	117000
111	1	11	1-7-9-13-10-11	39	3603	140517
111	1	11	1-7-9-13-12-11	39	4358	169962
111	1	11	1-2-5-8-9-11	39	5955	232245
112	1	12	1-7-9-13-12	15	3254	48810
112	1	12	1-7-9-11-12	15	4104	61560
112	1	12	1-7-9-11-10-13-12	15	4371	65565
112	1	12	1-7-9-13-10-11-12	15	4707	70605
113	1	13	1-7-9-13	30	2743	82290
113	1	13	1-7-9-11-10-13	30	3860	115800
113	1	13	1-7-9-11-12-13	30	4615	138450
113	1	13	1-2-5-8-9-13	30	5698	170940
20	2	0	2-0	49	2024	99176
20	2	0	2-1-0	49	2116	103684
20	2	0	2-5-8-9-7-1-0	49	7549	369901
20	2	0	2-1-7-6-4-3-0	49	7947	389403
21	2	1	2-1	33	770	25410
21	2	1	2-0-1	33	3370	111210
21	2	1	2-5-8-9-7-1	33	6203	204699
21	2	1	2-5-4-6-7-1	33	6949	229317
23	2	3	2-1-7-6-4-3	41	4533	185853
23	2	3	2-5-4-3	41	4882	200162
23	2	3	2-0-3	41	5438	222958
23	2	3	2-1-0-3	41	5530	226730
24	2	4	2-1-7-6-4	12	3685	44220
24	2	4	2-5-4	12	4034	48408
24	2	4	2-1-7-9-8-5-4	12	6261	75132
24	2	4	2-0-1-7-6-4	12	6285	75420
25	2	5	2-5	13	2373	30849
25	2	5	2-1-7-9-8-5	13	4600	59800
25	2	5	2-1-7-6-4-5	13	5346	69498
25	2	5	2-1-7-9-13-12-5	13	6309	82017
26	2	6	2-1-7-6	2	2880	5760
26	2	6	2-5-4-6	2	4839	9678
26	2	6	2-0-1-7-6	2	5480	10960
26	2	6	2-5-8-9-7-6	2	5849	11698
27	2	7	2-1-7	12	2002	24024
27	2	7	2-0-1-7	12	4602	55224
27	2	7	2-5-8-9-7	12	4971	59652
27	2	7	2-5-4-6-7	12	5717	68604
28	2	8	2-1-7-9-8	24	3321	79704
28	2	8	2-5-8	24	3652	87648
28	2	8	2-0-1-7-9-8	24	5921	142104
28	2	8	2-5-12-13-9-8	24	6445	154680
29	2	9	2-1-7-9	47	2779	130613
29	2	9	2-5-8-9	47	4194	197118
29	2	9	2-0-1-7-9	47	5379	252813
29	2	9	2-5-12-13-9	47	5903	277441
210	2	10	2-1-7-9-11-10	48	4065	195120
210	2	10	2-1-7-9-13-10	48	4078	195744
210	2	10	2-1-7-9-13-12-11-10	48	5423	260304
210	2	10	2-5-8-9-11-10	48	5480	263040
211	2	11	2-1-7-9-11	47	3770	177190
211	2	11	2-1-7-9-13-10-11	47	4373	205531
211	2	11	2-1-7-9-13-12-11	47	5128	241016
211	2	11	2-5-8-9-11	47	5185	243695
212	2	12	2-1-7-9-13-12	24	4024	96576
212	2	12	2-5-12	24	4658	111792
212	2	12	2-1-7-9-11-12	24	4874	116976
212	2	12	2-1-7-9-11-10-13-12	24	5141	123384
213	2	13	2-1-7-9-13	21	3513	73773
213	2	13	2-1-7-9-11-10-13	21	4630	97230
213	2	13	2-5-8-9-13	21	4928	103488
213	2	13	2-5-12-13	21	5169	108549
30	3	0	3-0	46	3414	157044
30	3	0	3-4-6-7-1-0	46	5109	235014
30	3	0	3-4-6-7-1-2-0	46	6557	301622
30	3	0	3-4-5-2-0	46	6906	317676
31	3	1	3-4-6-7-1	35	3763	131705
31	3	1	3-0-1	35	4760	166600
31	3	1	3-4-5-2-1	35	5652	197820
31	3	1	3-10-11-9-7-1	35	5911	206885
32	3	2	3-4-6-7-1-2	2	4533	9066
32	3	2	3-4-5-2	2	4882	9764
32	3	2	3-0-2	2	5438	10876
32	3	2	3-0-1-2	2	5530	11060
34	3	4	3-4	17	848	14416
34	3	4	3-10-11-9-7-6-4	17	6362	108154
34	3	4	3-10-13-9-7-6-4	17	6375	108375
34	3	4	3-10-11-9-8-5-4	17	7384	125528
35	3	5	3-4-5	36	2509	90324
35	3	5	3-4-6-7-9-8-5	36	5129	184644
35	3	5	3-10-11-9-8-5	36	5723	206028
35	3	5	3-10-13-9-8-5	36	5736	206496
36	3	6	3-4-6	13	1653	21489
36	3	6	3-10-11-9-7-6	13	5557	72241
36	3	6	3-10-13-9-7-6	13	5570	72410
36	3	6	3-4-5-8-9-7-6	13	5985	77805
37	3	7	3-4-6-7	45	2531	113895
37	3	7	3-10-11-9-7	45	4679	210555
37	3	7	3-10-13-9-7	45	4692	211140
37	3	7	3-4-5-8-9-7	45	5107	229815
38	3	8	3-4-5-8	17	3788	64396
38	3	8	3-4-6-7-9-8	17	3850	65450
38	3	8	3-10-11-9-8	17	4444	75548
38	3	8	3-10-13-9-8	17	4457	75769
39	3	9	3-4-6-7-9	29	3308	95932
39	3	9	3-10-11-9	29	3902	113158
39	3	9	3-10-13-9	29	3915	113535
39	3	9	3-4-5-8-9	29	4330	125570
310	3	10	3-10	44	2616	115104
310	3	10	3-4-6-7-9-11-10	44	4594	202136
310	3	10	3-4-6-7-9-13-10	44	4607	202708
310	3	10	3-4-5-8-9-11-10	44	5616	247104
311	3	11	3-10-11	34	2911	98974
311	3	11	3-4-6-7-9-11	34	4299	146166
311	3	11	3-10-13-12-11	34	4796	163064
311	3	11	3-4-6-7-9-13-10-11	34	4902	166668
312	3	12	3-10-13-12	25	3692	92300
312	3	12	3-10-11-12	25	4015	100375
312	3	12	3-4-6-7-9-13-12	25	4553	113825
312	3	12	3-4-5-12	25	4794	119850
313	3	13	3-10-13	23	3181	73163
313	3	13	3-4-6-7-9-13	23	4042	92966
313	3	13	3-10-11-12-13	23	4526	104098
313	3	13	3-10-11-9-13	23	4636	106628
40	4	0	4-6-7-1-0	42	4261	178962
40	4	0	4-3-0	42	4262	179004
40	4	0	4-6-7-1-2-0	42	5709	239778
40	4	0	4-5-2-0	42	6058	254436
41	4	1	4-6-7-1	41	2915	119515
41	4	1	4-5-2-1	41	4804	196964
41	4	1	4-5-8-9-7-1	41	5491	225131
41	4	1	4-3-0-1	41	5608	229928
42	4	2	4-6-7-1-2	32	3685	117920
42	4	2	4-5-2	32	4034	129088
42	4	2	4-5-8-9-7-1-2	32	6261	200352
42	4	2	4-6-7-1-0-2	32	6285	201120
43	4	3	4-3	28	848	23744
43	4	3	4-6-7-9-11-10-3	28	6362	178136
43	4	3	4-6-7-9-13-10-3	28	6375	178500
43	4	3	4-5-8-9-11-10-3	28	7384	206752
45	4	5	4-5	47	1661	78067
45	4	5	4-6-7-9-8-5	47	4281	201207
45	4	5	4-6-7-9-13-12-5	47	5990	281530
45	4	5	4-6-7-1-2-5	47	6058	284726
46	4	6	4-6	14	805	11270
46	4	6	4-5-8-9-7-6	14	5137	71918
46	4	6	4-3-10-11-9-7-6	14	6405	89670
46	4	6	4-3-10-13-9-7-6	14	6418	89852
47	4	7	4-6-7	19	1683	31977
47	4	7	4-5-8-9-7	19	4259	80921
47	4	7	4-3-10-11-9-7	19	5527	105013
47	4	7	4-3-10-13-9-7	19	5540	105260
48	4	8	4-5-8	18	2940	52920
48	4	8	4-6-7-9-8	18	3002	54036
48	4	8	4-3-10-11-9-8	18	5292	95256
48	4	8	4-3-10-13-9-8	18	5305	95490
49	4	9	4-6-7-9	28	2460	68880
49	4	9	4-5-8-9	28	3482	97496
49	4	9	4-3-10-11-9	28	4750	133000
49	4	9	4-3-10-13-9	28	4763	133364
410	4	10	4-3-10	34	3464	117776
410	4	10	4-6-7-9-11-10	34	3746	127364
410	4	10	4-6-7-9-13-10	34	3759	127806
410	4	10	4-5-8-9-11-10	34	4768	162112
411	4	11	4-6-7-9-11	44	3451	151844
411	4	11	4-3-10-11	44	3759	165396
411	4	11	4-6-7-9-13-10-11	44	4054	178376
411	4	11	4-5-8-9-11	44	4473	196812
412	4	12	4-6-7-9-13-12	5	3705	18525
412	4	12	4-5-12	5	3946	19730
412	4	12	4-3-10-13-12	5	4540	22700
412	4	12	4-6-7-9-11-12	5	4555	22775
413	4	13	4-6-7-9-13	17	3194	54298
413	4	13	4-3-10-13	17	4029	68493
413	4	13	4-5-8-9-13	17	4216	71672
413	4	13	4-6-7-9-11-10-13	17	4311	73287
50	5	0	5-2-0	23	4397	101131
50	5	0	5-2-1-0	23	4489	103247
50	5	0	5-8-9-7-1-0	23	5176	119048
50	5	0	5-4-6-7-1-0	23	5922	136206
51	5	1	5-2-1	13	3143	40859
51	5	1	5-8-9-7-1	13	3830	49790
51	5	1	5-4-6-7-1	13	4576	59488
51	5	1	5-12-13-9-7-1	13	5539	72007
52	5	2	5-2	14	2373	33222
52	5	2	5-8-9-7-1-2	14	4600	64400
52	5	2	5-4-6-7-1-2	14	5346	74844
52	5	2	5-12-13-9-7-1-2	14	6309	88326
53	5	3	5-4-3	47	2509	117923
53	5	3	5-8-9-7-6-4-3	47	5129	241063
53	5	3	5-8-9-11-10-3	47	5723	268981
53	5	3	5-8-9-13-10-3	47	5736	269592
54	5	4	5-4	42	1661	69762
54	5	4	5-8-9-7-6-4	42	4281	179802
54	5	4	5-12-13-9-7-6-4	42	5990	251580
54	5	4	5-2-1-7-6-4	42	6058	254436
56	5	6	5-4-6	5	2466	12330
56	5	6	5-8-9-7-6	5	3476	17380
56	5	6	5-12-13-9-7-6	5	5185	25925
56	5	6	5-2-1-7-6	5	5253	26265
57	5	7	5-8-9-7	39	2598	101322
57	5	7	5-4-6-7	39	3344	130416
57	5	7	5-12-13-9-7	39	4307	167973
57	5	7	5-2-1-7	39	4375	170625
58	5	8	5-8	11	1279	14069
58	5	8	5-12-13-9-8	11	4072	44792
58	5	8	5-4-6-7-9-8	11	4663	51293
58	5	8	5-12-11-9-8	11	4922	54142
59	5	9	5-8-9	37	1821	67377
59	5	9	5-12-13-9	37	3530	130610
59	5	9	5-4-6-7-9	37	4121	152477
59	5	9	5-12-11-9	37	4380	162060
510	5	10	5-8-9-11-10	41	3107	127387
510	5	10	5-8-9-13-10	41	3120	127920
510	5	10	5-12-13-10	41	3361	137801
510	5	10	5-12-11-10	41	3684	151044
511	5	11	5-8-9-11	39	2812	109668
511	5	11	5-12-11	39	3389	132171
511	5	11	5-8-9-13-10-11	39	3415	133185
511	5	11	5-12-13-10-11	39	3656	142584
512	5	12	5-12	31	2285	70835
512	5	12	5-8-9-13-12	31	3066	95046
512	5	12	5-8-9-11-12	31	3916	121396
512	5	12	5-8-9-11-10-13-12	31	4183	129673
513	5	13	5-8-9-13	46	2555	117530
513	5	13	5-12-13	46	2796	128616
513	5	13	5-8-9-11-10-13	46	3672	168912
513	5	13	5-12-11-10-13	46	4249	195454
60	6	0	6-7-1-0	12	3456	41472
60	6	0	6-7-1-2-0	12	4904	58848
60	6	0	6-4-3-0	12	5067	60804
60	6	0	6-4-5-2-0	12	6863	82356
61	6	1	6-7-1	28	2110	59080
61	6	1	6-4-5-2-1	28	5609	157052
61	6	1	6-4-5-8-9-7-1	28	6296	176288
61	6	1	6-4-3-0-1	28	6413	179564
62	6	2	6-7-1-2	11	2880	31680
62	6	2	6-4-5-2	11	4839	53229
62	6	2	6-7-1-0-2	11	5480	60280
62	6	2	6-7-9-8-5-2	11	5849	64339
63	6	3	6-4-3	7	1653	11571
63	6	3	6-7-9-11-10-3	7	5557	38899
63	6	3	6-7-9-13-10-3	7	5570	38990
63	6	3	6-7-9-8-5-4-3	7	5985	41895
64	6	4	6-4	43	805	34615
64	6	4	6-7-9-8-5-4	43	5137	220891
64	6	4	6-7-9-11-10-3-4	43	6405	275415
64	6	4	6-7-9-13-10-3-4	43	6418	275974
65	6	5	6-4-5	9	2466	22194
65	6	5	6-7-9-8-5	9	3476	31284
65	6	5	6-7-9-13-12-5	9	5185	46665
65	6	5	6-7-1-2-5	9	5253	47277
67	6	7	6-7	13	878	11414
67	6	7	6-4-5-8-9-7	13	5064	65832
67	6	7	6-4-3-10-11-9-7	13	6332	82316
67	6	7	6-4-3-10-13-9-7	13	6345	82485
68	6	8	6-7-9-8	6	2197	13182
68	6	8	6-4-5-8	6	3745	22470
68	6	8	6-4-3-10-11-9-8	6	6097	36582
68	6	8	6-4-3-10-13-9-8	6	6110	36660
69	6	9	6-7-9	37	1655	61235
69	6	9	6-4-5-8-9	37	4287	158619
69	6	9	6-4-3-10-11-9	37	5555	205535
69	6	9	6-4-3-10-13-9	37	5568	206016
610	6	10	6-7-9-11-10	3	2941	8823
610	6	10	6-7-9-13-10	3	2954	8862
610	6	10	6-4-3-10	3	4269	12807
610	6	10	6-7-9-13-12-11-10	3	4299	12897
611	6	11	6-7-9-11	7	2646	18522
611	6	11	6-7-9-13-10-11	7	3249	22743
611	6	11	6-7-9-13-12-11	7	4004	28028
611	6	11	6-4-3-10-11	7	4564	31948
612	6	12	6-7-9-13-12	44	2900	127600
612	6	12	6-7-9-11-12	44	3750	165000
612	6	12	6-7-9-11-10-13-12	44	4017	176748
612	6	12	6-7-9-13-10-11-12	44	4353	191532
613	6	13	6-7-9-13	19	2389	45391
613	6	13	6-7-9-11-10-13	19	3506	66614
613	6	13	6-7-9-11-12-13	19	4261	80959
613	6	13	6-4-3-10-13	19	4834	91846
70	7	0	7-1-0	14	2578	36092
70	7	0	7-1-2-0	14	4026	56364
70	7	0	7-6-4-3-0	14	5945	83230
70	7	0	7-9-8-5-2-0	14	6995	97930
71	7	1	7-1	15	1232	18480
71	7	1	7-9-8-5-2-1	15	5741	86115
71	7	1	7-6-4-5-2-1	15	6487	97305
71	7	1	7-6-4-3-0-1	15	7291	109365
72	7	2	7-1-2	9	2002	18018
72	7	2	7-1-0-2	9	4602	41418
72	7	2	7-9-8-5-2	9	4971	44739
72	7	2	7-6-4-5-2	9	5717	51453
73	7	3	7-6-4-3	16	2531	40496
73	7	3	7-9-11-10-3	16	4679	74864
73	7	3	7-9-13-10-3	16	4692	75072
73	7	3	7-9-8-5-4-3	16	5107	81712
74	7	4	7-6-4	23	1683	38709
74	7	4	7-9-8-5-4	23	4259	97957
74	7	4	7-9-11-10-3-4	23	5527	127121
74	7	4	7-9-13-10-3-4	23	5540	127420
75	7	5	7-9-8-5	7	2598	18186
75	7	5	7-6-4-5	7	3344	23408
75	7	5	7-9-13-12-5	7	4307	30149
75	7	5	7-1-2-5	7	4375	30625
76	7	6	7-6	10	878	8780
76	7	6	7-9-8-5-4-6	10	5064	50640
76	7	6	7-9-11-10-3-4-6	10	6332	63320
76	7	6	7-9-13-10-3-4-6	10	6345	63450
78	7	8	7-9-8	8	1319	10552
78	7	8	7-6-4-5-8	8	4623	36984
78	7	8	7-9-13-12-5-8	8	5586	44688
78	7	8	7-1-2-5-8	8	5654	45232
79	7	9	7-9	44	777	34188
79	7	9	7-6-4-5-8-9	44	5165	227260
79	7	9	7-1-2-5-8-9	44	6196	272624
79	7	9	7-6-4-3-10-11-9	44	6433	283052
710	7	10	7-9-11-10	23	2063	47449
710	7	10	7-9-13-10	23	2076	47748
710	7	10	7-9-13-12-11-10	23	3421	78683
710	7	10	7-9-11-12-13-10	23	3948	90804
711	7	11	7-9-11	10	1768	17680
711	7	11	7-9-13-10-11	10	2371	23710
711	7	11	7-9-13-12-11	10	3126	31260
711	7	11	7-6-4-3-10-11	10	5442	54420
712	7	12	7-9-13-12	9	2022	18198
712	7	12	7-9-11-12	9	2872	25848
712	7	12	7-9-11-10-13-12	9	3139	28251
712	7	12	7-9-13-10-11-12	9	3475	31275
713	7	13	7-9-13	36	1511	54396
713	7	13	7-9-11-10-13	36	2628	94608
713	7	13	7-9-11-12-13	36	3383	121788
713	7	13	7-9-8-5-12-13	36	5394	194184
80	8	0	8-9-7-1-0	28	3897	109116
80	8	0	8-9-7-1-2-0	28	5345	149660
80	8	0	8-5-2-0	28	5676	158928
80	8	0	8-5-2-1-0	28	5768	161504
81	8	1	8-9-7-1	42	2551	107142
81	8	1	8-5-2-1	42	4422	185724
81	8	1	8-5-4-6-7-1	42	5855	245910
81	8	1	8-5-12-13-9-7-1	42	6818	286356
82	8	2	8-9-7-1-2	7	3321	23247
82	8	2	8-5-2	7	3652	25564
82	8	2	8-9-7-1-0-2	7	5921	41447
82	8	2	8-9-13-12-5-2	7	6445	45115
83	8	3	8-5-4-3	48	3788	181824
83	8	3	8-9-7-6-4-3	48	3850	184800
83	8	3	8-9-11-10-3	48	4444	213312
83	8	3	8-9-13-10-3	48	4457	213936
84	8	4	8-5-4	10	2940	29400
84	8	4	8-9-7-6-4	10	3002	30020
84	8	4	8-9-11-10-3-4	10	5292	52920
84	8	4	8-9-13-10-3-4	10	5305	53050
85	8	5	8-5	26	1279	33254
85	8	5	8-9-13-12-5	26	4072	105872
85	8	5	8-9-7-6-4-5	26	4663	121238
85	8	5	8-9-11-12-5	26	4922	127972
86	8	6	8-9-7-6	47	2197	103259
86	8	6	8-5-4-6	47	3745	176015
86	8	6	8-9-11-10-3-4-6	47	6097	286559
86	8	6	8-9-13-10-3-4-6	47	6110	287170
87	8	7	8-9-7	18	1319	23742
87	8	7	8-5-4-6-7	18	4623	83214
87	8	7	8-5-12-13-9-7	18	5586	100548
87	8	7	8-5-2-1-7	18	5654	101772
89	8	9	8-9	38	542	20596
89	8	9	8-5-12-13-9	38	4809	182742
89	8	9	8-5-4-6-7-9	38	5400	205200
89	8	9	8-5-12-11-9	38	5659	215042
810	8	10	8-9-11-10	44	1828	80432
810	8	10	8-9-13-10	44	1841	81004
810	8	10	8-9-13-12-11-10	44	3186	140184
810	8	10	8-9-11-12-13-10	44	3713	163372
811	8	11	8-9-11	17	1533	26061
811	8	11	8-9-13-10-11	17	2136	36312
811	8	11	8-9-13-12-11	17	2891	49147
811	8	11	8-5-12-11	17	4668	79356
812	8	12	8-9-13-12	39	1787	69693
812	8	12	8-9-11-12	39	2637	102843
812	8	12	8-9-11-10-13-12	39	2904	113256
812	8	12	8-9-13-10-11-12	39	3240	126360
813	8	13	8-9-13	22	1276	28072
813	8	13	8-9-11-10-13	22	2393	52646
813	8	13	8-9-11-12-13	22	3148	69256
813	8	13	8-5-12-13	22	4075	89650
90	9	0	9-7-1-0	15	3355	50325
90	9	0	9-7-1-2-0	15	4803	72045
90	9	0	9-8-5-2-0	15	6218	93270
90	9	0	9-8-5-2-1-0	15	6310	94650
91	9	1	9-7-1	14	2009	28126
91	9	1	9-8-5-2-1	14	4964	69496
91	9	1	9-8-5-4-6-7-1	14	6397	89558
91	9	1	9-13-12-5-2-1	14	6673	93422
92	9	2	9-7-1-2	45	2779	125055
92	9	2	9-8-5-2	45	4194	188730
92	9	2	9-7-1-0-2	45	5379	242055
92	9	2	9-13-12-5-2	45	5903	265635
93	9	3	9-7-6-4-3	32	3308	105856
93	9	3	9-11-10-3	32	3902	124864
93	9	3	9-13-10-3	32	3915	125280
93	9	3	9-8-5-4-3	32	4330	138560
94	9	4	9-7-6-4	43	2460	105780
94	9	4	9-8-5-4	43	3482	149726
94	9	4	9-11-10-3-4	43	4750	204250
94	9	4	9-13-10-3-4	43	4763	204809
95	9	5	9-8-5	25	1821	45525
95	9	5	9-13-12-5	25	3530	88250
95	9	5	9-7-6-4-5	25	4121	103025
95	9	5	9-11-12-5	25	4380	109500
96	9	6	9-7-6	33	1655	54615
96	9	6	9-8-5-4-6	33	4287	141471
96	9	6	9-11-10-3-4-6	33	5555	183315
96	9	6	9-13-10-3-4-6	33	5568	183744
97	9	7	9-7	32	777	24864
97	9	7	9-8-5-4-6-7	32	5165	165280
97	9	7	9-8-5-2-1-7	32	6196	198272
97	9	7	9-11-10-3-4-6-7	32	6433	205856
98	9	8	9-8	10	542	5420
98	9	8	9-13-12-5-8	10	4809	48090
98	9	8	9-7-6-4-5-8	10	5400	54000
98	9	8	9-11-12-5-8	10	5659	56590
910	9	10	9-11-10	36	1286	46296
910	9	10	9-13-10	36	1299	46764
910	9	10	9-13-12-11-10	36	2644	95184
910	9	10	9-11-12-13-10	36	3171	114156
911	9	11	9-11	9	991	8919
911	9	11	9-13-10-11	9	1594	14346
911	9	11	9-13-12-11	9	2349	21141
911	9	11	9-8-5-12-11	9	5210	46890
912	9	12	9-13-12	8	1245	9960
912	9	12	9-11-12	8	2095	16760
912	9	12	9-11-10-13-12	8	2362	18896
912	9	12	9-13-10-11-12	8	2698	21584
913	9	13	9-13	42	734	30828
913	9	13	9-11-10-13	42	1851	77742
913	9	13	9-11-12-13	42	2606	109452
913	9	13	9-8-5-12-13	42	4617	193914
100	10	0	10-11-9-7-1-0	30	4641	139230
100	10	0	10-13-9-7-1-0	30	4654	139620
100	10	0	10-11-12-13-9-7-1-0	30	5999	179970
100	10	0	10-3-0	30	6030	180900
101	10	1	10-11-9-7-1	1	3295	3295
101	10	1	10-13-9-7-1	1	3308	3308
101	10	1	10-11-12-13-9-7-1	1	4653	4653
101	10	1	10-13-12-11-9-7-1	1	5180	5180
102	10	2	10-11-9-7-1-2	44	4065	178860
102	10	2	10-13-9-7-1-2	44	4078	179432
102	10	2	10-11-12-13-9-7-1-2	44	5423	238612
102	10	2	10-11-9-8-5-2	44	5480	241120
103	10	3	10-3	46	2616	120336
103	10	3	10-11-9-7-6-4-3	46	4594	211324
103	10	3	10-13-9-7-6-4-3	46	4607	211922
103	10	3	10-11-9-8-5-4-3	46	5616	258336
104	10	4	10-3-4	26	3464	90064
104	10	4	10-11-9-7-6-4	26	3746	97396
104	10	4	10-13-9-7-6-4	26	3759	97734
104	10	4	10-11-9-8-5-4	26	4768	123968
105	10	5	10-11-9-8-5	30	3107	93210
105	10	5	10-13-9-8-5	30	3120	93600
105	10	5	10-13-12-5	30	3361	100830
105	10	5	10-11-12-5	30	3684	110520
106	10	6	10-11-9-7-6	19	2941	55879
106	10	6	10-13-9-7-6	19	2954	56126
106	10	6	10-3-4-6	19	4269	81111
106	10	6	10-11-12-13-9-7-6	19	4299	81681
107	10	7	10-11-9-7	13	2063	26819
107	10	7	10-13-9-7	13	2076	26988
107	10	7	10-11-12-13-9-7	13	3421	44473
107	10	7	10-13-12-11-9-7	13	3948	51324
108	10	8	10-11-9-8	11	1828	20108
108	10	8	10-13-9-8	11	1841	20251
108	10	8	10-11-12-13-9-8	11	3186	35046
108	10	8	10-13-12-11-9-8	11	3713	40843
109	10	9	10-11-9	19	1286	24434
109	10	9	10-13-9	19	1299	24681
109	10	9	10-11-12-13-9	19	2644	50236
109	10	9	10-13-12-11-9	19	3171	60249
1011	10	11	10-11	17	295	5015
1011	10	11	10-13-12-11	17	2180	37060
1011	10	11	10-13-9-11	17	2290	38930
1011	10	11	10-13-12-5-8-9-11	17	6173	104941
1012	10	12	10-13-12	38	1076	40888
1012	10	12	10-11-12	38	1399	53162
1012	10	12	10-11-9-13-12	38	2531	96178
1012	10	12	10-13-9-11-12	38	3394	128972
1013	10	13	10-13	11	565	6215
1013	10	13	10-11-12-13	11	1910	21010
1013	10	13	10-11-9-13	11	2020	22220
1013	10	13	10-11-9-8-5-12-13	11	5903	64933
110	11	0	11-9-7-1-0	8	4346	34768
110	11	0	11-10-13-9-7-1-0	8	4949	39592
110	11	0	11-12-13-9-7-1-0	8	5704	45632
110	11	0	11-9-7-1-2-0	8	5794	46352
111	11	1	11-9-7-1	42	3000	126000
111	11	1	11-10-13-9-7-1	42	3603	151326
111	11	1	11-12-13-9-7-1	42	4358	183036
111	11	1	11-9-8-5-2-1	42	5955	250110
112	11	2	11-9-7-1-2	37	3770	139490
112	11	2	11-10-13-9-7-1-2	37	4373	161801
112	11	2	11-12-13-9-7-1-2	37	5128	189736
112	11	2	11-9-8-5-2	37	5185	191845
113	11	3	11-10-3	16	2911	46576
113	11	3	11-9-7-6-4-3	16	4299	68784
113	11	3	11-12-13-10-3	16	4796	76736
113	11	3	11-10-13-9-7-6-4-3	16	4902	78432
114	11	4	11-9-7-6-4	32	3451	110432
114	11	4	11-10-3-4	32	3759	120288
114	11	4	11-10-13-9-7-6-4	32	4054	129728
114	11	4	11-9-8-5-4	32	4473	143136
115	11	5	11-9-8-5	7	2812	19684
115	11	5	11-12-5	7	3389	23723
115	11	5	11-10-13-9-8-5	7	3415	23905
115	11	5	11-10-13-12-5	7	3656	25592
116	11	6	11-9-7-6	8	2646	21168
116	11	6	11-10-13-9-7-6	8	3249	25992
116	11	6	11-12-13-9-7-6	8	4004	32032
116	11	6	11-10-3-4-6	8	4564	36512
117	11	7	11-9-7	43	1768	76024
117	11	7	11-10-13-9-7	43	2371	101953
117	11	7	11-12-13-9-7	43	3126	134418
117	11	7	11-10-3-4-6-7	43	5442	234006
118	11	8	11-9-8	33	1533	50589
118	11	8	11-10-13-9-8	33	2136	70488
118	11	8	11-12-13-9-8	33	2891	95403
118	11	8	11-12-5-8	33	4668	154044
119	11	9	11-9	9	991	8919
119	11	9	11-10-13-9	9	1594	14346
119	11	9	11-12-13-9	9	2349	21141
119	11	9	11-12-5-8-9	9	5210	46890
1110	11	10	11-10	20	295	5900
1110	11	10	11-12-13-10	20	2180	43600
1110	11	10	11-9-13-10	20	2290	45800
1110	11	10	11-9-8-5-12-13-10	20	6173	123460
1112	11	12	11-12	35	1104	38640
1112	11	12	11-10-13-12	35	1371	47985
1112	11	12	11-9-13-12	35	2236	78260
1112	11	12	11-9-8-5-12	35	5097	178395
1113	11	13	11-10-13	44	860	37840
1113	11	13	11-12-13	44	1615	71060
1113	11	13	11-9-13	44	1725	75900
1113	11	13	11-9-8-5-12-13	44	5608	246752
120	12	0	12-13-9-7-1-0	12	4600	55200
120	12	0	12-11-9-7-1-0	12	5450	65400
120	12	0	12-13-10-11-9-7-1-0	12	5717	68604
120	12	0	12-13-9-7-1-2-0	12	6048	72576
121	12	1	12-13-9-7-1	7	3254	22778
121	12	1	12-11-9-7-1	7	4104	28728
121	12	1	12-13-10-11-9-7-1	7	4371	30597
121	12	1	12-11-10-13-9-7-1	7	4707	32949
122	12	2	12-13-9-7-1-2	15	4024	60360
122	12	2	12-5-2	15	4658	69870
122	12	2	12-11-9-7-1-2	15	4874	73110
122	12	2	12-13-10-11-9-7-1-2	15	5141	77115
123	12	3	12-13-10-3	21	3692	77532
123	12	3	12-11-10-3	21	4015	84315
123	12	3	12-13-9-7-6-4-3	21	4553	95613
123	12	3	12-5-4-3	21	4794	100674
124	12	4	12-13-9-7-6-4	31	3705	114855
124	12	4	12-5-4	31	3946	122326
124	12	4	12-13-10-3-4	31	4540	140740
124	12	4	12-11-9-7-6-4	31	4555	141205
125	12	5	12-5	35	2285	79975
125	12	5	12-13-9-8-5	35	3066	107310
125	12	5	12-11-9-8-5	35	3916	137060
125	12	5	12-13-10-11-9-8-5	35	4183	146405
126	12	6	12-13-9-7-6	17	2900	49300
126	12	6	12-11-9-7-6	17	3750	63750
126	12	6	12-13-10-11-9-7-6	17	4017	68289
126	12	6	12-11-10-13-9-7-6	17	4353	74001
127	12	7	12-13-9-7	12	2022	24264
127	12	7	12-11-9-7	12	2872	34464
127	12	7	12-13-10-11-9-7	12	3139	37668
127	12	7	12-11-10-13-9-7	12	3475	41700
128	12	8	12-13-9-8	35	1787	62545
128	12	8	12-11-9-8	35	2637	92295
128	12	8	12-13-10-11-9-8	35	2904	101640
128	12	8	12-11-10-13-9-8	35	3240	113400
129	12	9	12-13-9	21	1245	26145
129	12	9	12-11-9	21	2095	43995
129	12	9	12-13-10-11-9	21	2362	49602
129	12	9	12-11-10-13-9	21	2698	56658
1210	12	10	12-13-10	33	1076	35508
1210	12	10	12-11-10	33	1399	46167
1210	12	10	12-13-9-11-10	33	2531	83523
1210	12	10	12-11-9-13-10	33	3394	112002
1211	12	11	12-11	24	1104	26496
1211	12	11	12-13-10-11	24	1371	32904
1211	12	11	12-13-9-11	24	2236	53664
1211	12	11	12-5-8-9-11	24	5097	122328
1213	12	13	12-13	49	511	25039
1213	12	13	12-11-10-13	49	1964	96236
1213	12	13	12-11-9-13	49	2829	138621
1213	12	13	12-5-8-9-13	49	4840	237160
130	13	0	13-9-7-1-0	43	4089	175827
130	13	0	13-10-11-9-7-1-0	43	5206	223858
130	13	0	13-9-7-1-2-0	43	5537	238091
130	13	0	13-12-11-9-7-1-0	43	5961	256323
131	13	1	13-9-7-1	16	2743	43888
131	13	1	13-10-11-9-7-1	16	3860	61760
131	13	1	13-12-11-9-7-1	16	4615	73840
131	13	1	13-9-8-5-2-1	16	5698	91168
132	13	2	13-9-7-1-2	32	3513	112416
132	13	2	13-10-11-9-7-1-2	32	4630	148160
132	13	2	13-9-8-5-2	32	4928	157696
132	13	2	13-12-5-2	32	5169	165408
133	13	3	13-10-3	19	3181	60439
133	13	3	13-9-7-6-4-3	19	4042	76798
133	13	3	13-12-11-10-3	19	4526	85994
133	13	3	13-9-11-10-3	19	4636	88084
134	13	4	13-9-7-6-4	43	3194	137342
134	13	4	13-10-3-4	43	4029	173247
134	13	4	13-9-8-5-4	43	4216	181288
134	13	4	13-10-11-9-7-6-4	43	4311	185373
135	13	5	13-9-8-5	5	2555	12775
135	13	5	13-12-5	5	2796	13980
135	13	5	13-10-11-9-8-5	5	3672	18360
135	13	5	13-10-11-12-5	5	4249	21245
136	13	6	13-9-7-6	8	2389	19112
136	13	6	13-10-11-9-7-6	8	3506	28048
136	13	6	13-12-11-9-7-6	8	4261	34088
136	13	6	13-10-3-4-6	8	4834	38672
137	13	7	13-9-7	34	1511	51374
137	13	7	13-10-11-9-7	34	2628	89352
137	13	7	13-12-11-9-7	34	3383	115022
137	13	7	13-12-5-8-9-7	34	5394	183396
138	13	8	13-9-8	24	1276	30624
138	13	8	13-10-11-9-8	24	2393	57432
138	13	8	13-12-11-9-8	24	3148	75552
138	13	8	13-12-5-8	24	4075	97800
139	13	9	13-9	1	734	734
139	13	9	13-10-11-9	1	1851	1851
139	13	9	13-12-11-9	1	2606	2606
139	13	9	13-12-5-8-9	1	4617	4617
1310	13	10	13-10	32	565	18080
1310	13	10	13-12-11-10	32	1910	61120
1310	13	10	13-9-11-10	32	2020	64640
1310	13	10	13-12-5-8-9-11-10	32	5903	188896
1311	13	11	13-10-11	40	860	34400
1311	13	11	13-12-11	40	1615	64600
1311	13	11	13-9-11	40	1725	69000
1311	13	11	13-12-5-8-9-11	40	5608	224320
1312	13	12	13-12	9	511	4599
1312	13	12	13-10-11-12	9	1964	17676
1312	13	12	13-9-11-12	9	2829	25461
1312	13	12	13-9-8-5-12	9	4840	43560
