01	0	1	0-1	50	1	50
01	0	1	0-2-1	50	2	100
02	0	2	0-2	50	1	50
02	0	2	0-1-2	50	2	100
03	0	3	0-1-3	50	2	100
03	0	3	0-2-1-3	50	3	150
04	0	4	0-1-3-4	50	3	150
04	0	4	0-2-5-4	50	3	150
05	0	5	0-2-5	50	2	100
05	0	5	0-1-2-5	50	3	150
06	0	6	0-2-5-6	50	3	150
06	0	6	0-1-7-6	50	3	150
07	0	7	0-1-7	50	2	100
07	0	7	0-2-1-7	50	3	150
08	0	8	0-1-7-8	50	3	150
08	0	8	0-2-1-7-8	50	4	200
09	0	9	0-1-7-9	50	3	150
09	0	9	0-2-1-7-9	50	4	200
010	0	10	0-2-5-10	50	3	150
010	0	10	0-1-2-5-10	50	4	200
011	0	11	0-1-7-8-11	50	4	200
011	0	11	0-2-1-7-8-11	50	5	250
012	0	12	0-1-7-8-11-12	50	5	250
012	0	12	0-2-1-7-8-11-12	50	6	300
013	0	13	0-1-7-9-14-13	50	5	250
013	0	13	0-1-7-8-11-12-13	50	6	300
014	0	14	0-1-7-9-14	50	4	200
014	0	14	0-2-5-10-15-14	50	5	250
015	0	15	0-2-5-10-15	50	4	200
015	0	15	0-1-7-9-14-15	50	5	250
016	0	16	0-1-7-8-11-12-16	50	6	300
016	0	16	0-2-1-7-8-11-12-16	50	7	350
017	0	17	0-2-5-10-15-17	50	5	250
017	0	17	0-1-7-9-14-15-17	50	6	300
018	0	18	0-1-7-8-11-12-16-18	50	7	350
018	0	18	0-2-1-7-8-11-12-16-18	50	8	400
019	0	19	0-2-5-10-15-17-19	50	6	300
019	0	19	0-1-7-9-14-15-17-19	50	7	350
020	0	20	0-2-5-10-15-17-19-20	50	7	350
020	0	20	0-1-7-8-11-12-16-18-20	50	8	400
10	1	0	1-0	50	1	50
10	1	0	1-2-0	50	2	100
12	1	2	1-2	50	1	50
12	1	2	1-0-2	50	2	100
13	1	3	1-3	50	1	50
13	1	3	1-2-5-4-3	50	4	200
14	1	4	1-3-4	50	2	100
14	1	4	1-2-5-4	50	3	150
15	1	5	1-2-5	50	2	100
15	1	5	1-0-2-5	50	3	150
16	1	6	1-7-6	50	2	100
16	1	6	1-2-5-6	50	3	150
17	1	7	1-7	50	1	50
17	1	7	1-2-5-6-7	50	4	200
18	1	8	1-7-8	50	2	100
18	1	8	1-2-5-6-7-8	50	5	250
19	1	9	1-7-9	50	2	100
19	1	9	1-2-5-6-7-9	50	5	250
110	1	10	1-2-5-10	50	3	150
110	1	10	1-0-2-5-10	50	4	200
111	1	11	1-7-8-11	50	3	150
111	1	11	1-7-9-14-13-12-11	50	6	300
112	1	12	1-7-8-11-12	50	4	200
112	1	12	1-7-9-14-13-12	50	5	250
113	1	13	1-7-9-14-13	50	4	200
113	1	13	1-7-8-11-12-13	50	5	250
114	1	14	1-7-9-14	50	3	150
114	1	14	1-2-5-10-15-14	50	5	250
115	1	15	1-7-9-14-15	50	4	200
115	1	15	1-2-5-10-15	50	4	200
116	1	16	1-7-8-11-12-16	50	5	250
116	1	16	1-7-9-14-13-12-16	50	6	300
117	1	17	1-7-9-14-15-17	50	5	250
117	1	17	1-2-5-10-15-17	50	5	250
118	1	18	1-7-8-11-12-16-18	50	6	300
118	1	18	1-7-9-14-13-12-16-18	50	7	350
119	1	19	1-7-9-14-15-17-19	50	6	300
119	1	19	1-2-5-10-15-17-19	50	6	300
120	1	20	1-7-8-11-12-16-18-20	50	7	350
120	1	20	1-2-5-10-15-17-19-20	50	7	350
20	2	0	2-0	50	1	50
20	2	0	2-1-0	50	2	100
21	2	1	2-1	50	1	50
21	2	1	2-0-1	50	2	100
23	2	3	2-1-3	50	2	100
23	2	3	2-0-1-3	50	3	150
24	2	4	2-5-4	50	2	100
24	2	4	2-1-3-4	50	3	150
25	2	5	2-5	50	1	50
25	2	5	2-1-3-4-5	50	4	200
26	2	6	2-5-6	50	2	100
26	2	6	2-1-7-6	50	3	150
27	2	7	2-1-7	50	2	100
27	2	7	2-0-1-7	50	3	150
28	2	8	2-1-7-8	50	3	150
28	2	8	2-0-1-7-8	50	4	200
29	2	9	2-1-7-9	50	3	150
29	2	9	2-0-1-7-9	50	4	200
210	2	10	2-5-10	50	2	100
210	2	10	2-1-3-4-5-10	50	5	250
211	2	11	2-1-7-8-11	50	4	200
211	2	11	2-0-1-7-8-11	50	5	250
212	2	12	2-1-7-8-11-12	50	5	250
212	2	12	2-0-1-7-8-11-12	50	6	300
213	2	13	2-5-10-15-14-13	50	5	250
213	2	13	2-1-7-9-14-13	50	5	250
214	2	14	2-5-10-15-14	50	4	200
214	2	14	2-1-7-9-14	50	4	200
215	2	15	2-5-10-15	50	3	150
215	2	15	2-1-7-9-14-15	50	5	250
216	2	16	2-1-7-8-11-12-16	50	6	300
216	2	16	2-0-1-7-8-11-12-16	50	7	350
217	2	17	2-5-10-15-17	50	4	200
217	2	17	2-1-7-9-14-15-17	50	6	300
218	2	18	2-1-7-8-11-12-16-18	50	7	350
218	2	18	2-5-10-15-17-19-20-18	50	7	350
219	2	19	2-5-10-15-17-19	50	5	250
219	2	19	2-1-7-9-14-15-17-19	50	7	350
220	2	20	2-5-10-15-17-19-20	50	6	300
220	2	20	2-1-7-8-11-12-16-18-20	50	8	400
30	3	0	3-1-0	50	2	100
30	3	0	3-1-2-0	50	3	150
31	3	1	3-1	50	1	50
31	3	1	3-4-5-2-1	50	4	200
32	3	2	3-1-2	50	2	100
32	3	2	3-1-0-2	50	3	150
34	3	4	3-4	50	1	50
34	3	4	3-1-2-5-4	50	4	200
35	3	5	3-4-5	50	2	100
35	3	5	3-1-2-5	50	3	150
36	3	6	3-4-5-6	50	3	150
36	3	6	3-1-7-6	50	3	150
37	3	7	3-1-7	50	2	100
37	3	7	3-4-5-6-7	50	4	200
38	3	8	3-1-7-8	50	3	150
38	3	8	3-4-5-6-7-8	50	5	250
39	3	9	3-1-7-9	50	3	150
39	3	9	3-4-5-6-7-9	50	5	250
310	3	10	3-4-5-10	50	3	150
310	3	10	3-1-2-5-10	50	4	200
311	3	11	3-1-7-8-11	50	4	200
311	3	11	3-4-5-6-7-8-11	50	6	300
312	3	12	3-1-7-8-11-12	50	5	250
312	3	12	3-1-7-9-14-13-12	50	6	300
313	3	13	3-1-7-9-14-13	50	5	250
313	3	13	3-1-7-8-11-12-13	50	6	300
314	3	14	3-1-7-9-14	50	4	200
314	3	14	3-4-5-10-15-14	50	5	250
315	3	15	3-4-5-10-15	50	4	200
315	3	15	3-1-7-9-14-15	50	5	250
316	3	16	3-1-7-8-11-12-16	50	6	300
316	3	16	3-1-7-9-14-13-12-16	50	7	350
317	3	17	3-4-5-10-15-17	50	5	250
317	3	17	3-1-7-9-14-15-17	50	6	300
318	3	18	3-1-7-8-11-12-16-18	50	7	350
318	3	18	3-1-7-9-14-13-12-16-18	50	8	400
319	3	19	3-4-5-10-15-17-19	50	6	300
319	3	19	3-1-7-9-14-15-17-19	50	7	350
320	3	20	3-4-5-10-15-17-19-20	50	7	350
320	3	20	3-1-7-8-11-12-16-18-20	50	8	400
40	4	0	4-3-1-0	50	3	150
40	4	0	4-5-2-0	50	3	150
41	4	1	4-3-1	50	2	100
41	4	1	4-5-2-1	50	3	150
42	4	2	4-5-2	50	2	100
42	4	2	4-3-1-2	50	3	150
43	4	3	4-3	50	1	50
43	4	3	4-5-2-1-3	50	4	200
45	4	5	4-5	50	1	50
45	4	5	4-3-1-2-5	50	4	200
46	4	6	4-5-6	50	2	100
46	4	6	4-3-1-7-6	50	4	200
47	4	7	4-3-1-7	50	3	150
47	4	7	4-5-6-7	50	3	150
48	4	8	4-3-1-7-8	50	4	200
48	4	8	4-5-6-7-8	50	4	200
49	4	9	4-3-1-7-9	50	4	200
49	4	9	4-5-6-7-9	50	4	200
410	4	10	4-5-10	50	2	100
410	4	10	4-3-1-2-5-10	50	5	250
411	4	11	4-3-1-7-8-11	50	5	250
411	4	11	4-5-6-7-8-11	50	5	250
412	4	12	4-3-1-7-8-11-12	50	6	300
412	4	12	4-5-10-15-14-13-12	50	6	300
413	4	13	4-5-10-15-14-13	50	5	250
413	4	13	4-3-1-7-9-14-13	50	6	300
414	4	14	4-5-10-15-14	50	4	200
414	4	14	4-3-1-7-9-14	50	5	250
415	4	15	4-5-10-15	50	3	150
415	4	15	4-3-1-7-9-14-15	50	6	300
416	4	16	4-3-1-7-8-11-12-16	50	7	350
416	4	16	4-5-10-15-14-13-12-16	50	7	350
417	4	17	4-5-10-15-17	50	4	200
417	4	17	4-3-1-7-9-14-15-17	50	7	350
418	4	18	4-5-10-15-17-19-20-18	50	7	350
418	4	18	4-3-1-7-8-11-12-16-18	50	8	400
419	4	19	4-5-10-15-17-19	50	5	250
419	4	19	4-3-1-7-9-14-15-17-19	50	8	400
420	4	20	4-5-10-15-17-19-20	50	6	300
420	4	20	4-3-1-7-8-11-12-16-18-20	50	9	450
50	5	0	5-2-0	50	2	100
50	5	0	5-2-1-0	50	3	150
51	5	1	5-2-1	50	2	100
51	5	1	5-2-0-1	50	3	150
52	5	2	5-2	50	1	50
52	5	2	5-4-3-1-2	50	4	200
53	5	3	5-4-3	50	2	100
53	5	3	5-2-1-3	50	3	150
54	5	4	5-4	50	1	50
54	5	4	5-2-1-3-4	50	4	200
56	5	6	5-6	50	1	50
56	5	6	5-2-1-7-6	50	4	200
57	5	7	5-6-7	50	2	100
57	5	7	5-2-1-7	50	3	150
58	5	8	5-6-7-8	50	3	150
58	5	8	5-2-1-7-8	50	4	200
59	5	9	5-6-7-9	50	3	150
59	5	9	5-10-15-14-9	50	4	200
510	5	10	5-10	50	1	50
510	5	10	5-6-7-9-14-15-10	50	6	300
511	5	11	5-6-7-8-11	50	4	200
511	5	11	5-2-1-7-8-11	50	5	250
512	5	12	5-6-7-8-11-12	50	5	250
512	5	12	5-10-15-14-13-12	50	5	250
513	5	13	5-10-15-14-13	50	4	200
513	5	13	5-6-7-9-14-13	50	5	250
514	5	14	5-10-15-14	50	3	150
514	5	14	5-6-7-9-14	50	4	200
515	5	15	5-10-15	50	2	100
515	5	15	5-6-7-9-14-15	50	5	250
516	5	16	5-6-7-8-11-12-16	50	6	300
516	5	16	5-10-15-14-13-12-16	50	6	300
517	5	17	5-10-15-17	50	3	150
517	5	17	5-6-7-9-14-15-17	50	6	300
518	5	18	5-10-15-17-19-20-18	50	6	300
518	5	18	5-6-7-8-11-12-16-18	50	7	350
519	5	19	5-10-15-17-19	50	4	200
519	5	19	5-6-7-9-14-15-17-19	50	7	350
520	5	20	5-10-15-17-19-20	50	5	250
520	5	20	5-6-7-8-11-12-16-18-20	50	8	400
60	6	0	6-7-1-0	50	3	150
60	6	0	6-5-2-0	50	3	150
61	6	1	6-7-1	50	2	100
61	6	1	6-5-2-1	50	3	150
62	6	2	6-5-2	50	2	100
62	6	2	6-7-1-2	50	3	150
63	6	3	6-7-1-3	50	3	150
63	6	3	6-5-4-3	50	3	150
64	6	4	6-5-4	50	2	100
64	6	4	6-7-1-3-4	50	4	200
65	6	5	6-5	50	1	50
65	6	5	6-7-1-2-5	50	4	200
67	6	7	6-7	50	1	50
67	6	7	6-5-2-1-7	50	4	200
68	6	8	6-7-8	50	2	100
68	6	8	6-5-2-1-7-8	50	5	250
69	6	9	6-7-9	50	2	100
69	6	9	6-5-10-15-14-9	50	5	250
610	6	10	6-5-10	50	2	100
610	6	10	6-7-9-14-15-10	50	5	250
611	6	11	6-7-8-11	50	3	150
611	6	11	6-7-9-14-13-12-11	50	6	300
612	6	12	6-7-8-11-12	50	4	200
612	6	12	6-7-9-14-13-12	50	5	250
613	6	13	6-7-9-14-13	50	4	200
613	6	13	6-7-8-11-12-13	50	5	250
614	6	14	6-7-9-14	50	3	150
614	6	14	6-5-10-15-14	50	4	200
615	6	15	6-5-10-15	50	3	150
615	6	15	6-7-9-14-15	50	4	200
616	6	16	6-7-8-11-12-16	50	5	250
616	6	16	6-7-9-14-13-12-16	50	6	300
617	6	17	6-5-10-15-17	50	4	200
617	6	17	6-7-9-14-15-17	50	5	250
618	6	18	6-7-8-11-12-16-18	50	6	300
618	6	18	6-7-9-14-13-12-16-18	50	7	350
619	6	19	6-5-10-15-17-19	50	5	250
619	6	19	6-7-9-14-15-17-19	50	6	300
620	6	20	6-5-10-15-17-19-20	50	6	300
620	6	20	6-7-8-11-12-16-18-20	50	7	350
70	7	0	7-1-0	50	2	100
70	7	0	7-1-2-0	50	3	150
71	7	1	7-1	50	1	50
71	7	1	7-6-5-2-1	50	4	200
72	7	2	7-1-2	50	2	100
72	7	2	7-1-0-2	50	3	150
73	7	3	7-1-3	50	2	100
73	7	3	7-6-5-4-3	50	4	200
74	7	4	7-1-3-4	50	3	150
74	7	4	7-6-5-4	50	3	150
75	7	5	7-6-5	50	2	100
75	7	5	7-1-2-5	50	3	150
76	7	6	7-6	50	1	50
76	7	6	7-1-2-5-6	50	4	200
78	7	8	7-8	50	1	50
78	7	8	7-9-14-13-12-11-8	50	6	300
79	7	9	7-9	50	1	50
79	7	9	7-8-11-12-13-14-9	50	6	300
710	7	10	7-6-5-10	50	3	150
710	7	10	7-9-14-15-10	50	4	200
711	7	11	7-8-11	50	2	100
711	7	11	7-9-14-13-12-11	50	5	250
712	7	12	7-8-11-12	50	3	150
712	7	12	7-9-14-13-12	50	4	200
713	7	13	7-9-14-13	50	3	150
713	7	13	7-8-11-12-13	50	4	200
714	7	14	7-9-14	50	2	100
714	7	14	7-8-11-12-13-14	50	5	250
715	7	15	7-9-14-15	50	3	150
715	7	15	7-6-5-10-15	50	4	200
716	7	16	7-8-11-12-16	50	4	200
716	7	16	7-9-14-13-12-16	50	5	250
717	7	17	7-9-14-15-17	50	4	200
717	7	17	7-6-5-10-15-17	50	5	250
718	7	18	7-8-11-12-16-18	50	5	250
718	7	18	7-9-14-13-12-16-18	50	6	300
719	7	19	7-9-14-15-17-19	50	5	250
719	7	19	7-6-5-10-15-17-19	50	6	300
720	7	20	7-8-11-12-16-18-20	50	6	300
720	7	20	7-9-14-15-17-19-20	50	6	300
80	8	0	8-7-1-0	50	3	150
80	8	0	8-7-1-2-0	50	4	200
81	8	1	8-7-1	50	2	100
81	8	1	8-7-6-5-2-1	50	5	250
82	8	2	8-7-1-2	50	3	150
82	8	2	8-7-1-0-2	50	4	200
83	8	3	8-7-1-3	50	3	150
83	8	3	8-7-6-5-4-3	50	5	250
84	8	4	8-7-1-3-4	50	4	200
84	8	4	8-7-6-5-4	50	4	200
85	8	5	8-7-6-5	50	3	150
85	8	5	8-7-1-2-5	50	4	200
86	8	6	8-7-6	50	2	100
86	8	6	8-7-1-2-5-6	50	5	250
87	8	7	8-7	50	1	50
87	8	7	8-11-12-13-14-9-7	50	6	300
89	8	9	8-7-9	50	2	100
89	8	9	8-11-12-13-14-9	50	5	250
810	8	10	8-7-6-5-10	50	4	200
810	8	10	8-7-9-14-15-10	50	5	250
811	8	11	8-11	50	1	50
811	8	11	8-7-9-14-13-12-11	50	6	300
812	8	12	8-11-12	50	2	100
812	8	12	8-7-9-14-13-12	50	5	250
813	8	13	8-11-12-13	50	3	150
813	8	13	8-7-9-14-13	50	4	200
814	8	14	8-7-9-14	50	3	150
814	8	14	8-11-12-13-14	50	4	200
815	8	15	8-7-9-14-15	50	4	200
815	8	15	8-11-12-13-14-15	50	5	250
816	8	16	8-11-12-16	50	3	150
816	8	16	8-7-9-14-13-12-16	50	6	300
817	8	17	8-7-9-14-15-17	50	5	250
817	8	17	8-11-12-13-14-15-17	50	6	300
818	8	18	8-11-12-16-18	50	4	200
818	8	18	8-7-9-14-13-12-16-18	50	7	350
819	8	19	8-7-9-14-15-17-19	50	6	300
819	8	19	8-11-12-16-18-20-19	50	6	300
820	8	20	8-11-12-16-18-20	50	5	250
820	8	20	8-7-9-14-15-17-19-20	50	7	350
90	9	0	9-7-1-0	50	3	150
90	9	0	9-7-1-2-0	50	4	200
91	9	1	9-7-1	50	2	100
91	9	1	9-7-6-5-2-1	50	5	250
92	9	2	9-7-1-2	50	3	150
92	9	2	9-7-1-0-2	50	4	200
93	9	3	9-7-1-3	50	3	150
93	9	3	9-7-6-5-4-3	50	5	250
94	9	4	9-7-1-3-4	50	4	200
94	9	4	9-7-6-5-4	50	4	200
95	9	5	9-7-6-5	50	3	150
95	9	5	9-7-1-2-5	50	4	200
96	9	6	9-7-6	50	2	100
96	9	6	9-7-1-2-5-6	50	5	250
97	9	7	9-7	50	1	50
97	9	7	9-14-15-10-5-6-7	50	6	300
98	9	8	9-7-8	50	2	100
98	9	8	9-14-13-12-11-8	50	5	250
910	9	10	9-14-15-10	50	3	150
910	9	10	9-7-6-5-10	50	4	200
911	9	11	9-7-8-11	50	3	150
911	9	11	9-14-13-12-11	50	4	200
912	9	12	9-14-13-12	50	3	150
912	9	12	9-7-8-11-12	50	4	200
913	9	13	9-14-13	50	2	100
913	9	13	9-7-8-11-12-13	50	5	250
914	9	14	9-14	50	1	50
914	9	14	9-7-8-11-12-13-14	50	6	300
915	9	15	9-14-15	50	2	100
915	9	15	9-7-6-5-10-15	50	5	250
916	9	16	9-14-13-12-16	50	4	200
916	9	16	9-7-8-11-12-16	50	5	250
917	9	17	9-14-15-17	50	3	150
917	9	17	9-7-6-5-10-15-17	50	6	300
918	9	18	9-14-13-12-16-18	50	5	250
918	9	18	9-7-8-11-12-16-18	50	6	300
919	9	19	9-14-15-17-19	50	4	200
919	9	19	9-7-6-5-10-15-17-19	50	7	350
920	9	20	9-14-15-17-19-20	50	5	250
920	9	20	9-14-13-12-16-18-20	50	6	300
100	10	0	10-5-2-0	50	3	150
100	10	0	10-5-2-1-0	50	4	200
101	10	1	10-5-2-1	50	3	150
101	10	1	10-5-2-0-1	50	4	200
102	10	2	10-5-2	50	2	100
102	10	2	10-5-4-3-1-2	50	5	250
103	10	3	10-5-4-3	50	3	150
103	10	3	10-5-2-1-3	50	4	200
104	10	4	10-5-4	50	2	100
104	10	4	10-5-2-1-3-4	50	5	250
105	10	5	10-5	50	1	50
105	10	5	10-15-14-9-7-6-5	50	6	300
106	10	6	10-5-6	50	2	100
106	10	6	10-5-2-1-7-6	50	5	250
107	10	7	10-5-6-7	50	3	150
107	10	7	10-5-2-1-7	50	4	200
108	10	8	10-5-6-7-8	50	4	200
108	10	8	10-5-2-1-7-8	50	5	250
109	10	9	10-15-14-9	50	3	150
109	10	9	10-5-6-7-9	50	4	200
1011	10	11	10-15-14-13-12-11	50	5	250
1011	10	11	10-5-6-7-8-11	50	5	250
1012	10	12	10-15-14-13-12	50	4	200
1012	10	12	10-5-6-7-8-11-12	50	6	300
1013	10	13	10-15-14-13	50	3	150
1013	10	13	10-5-6-7-9-14-13	50	6	300
1014	10	14	10-15-14	50	2	100
1014	10	14	10-5-6-7-9-14	50	5	250
1015	10	15	10-15	50	1	50
1015	10	15	10-5-6-7-9-14-15	50	6	300
1016	10	16	10-15-14-13-12-16	50	5	250
1016	10	16	10-15-17-19-20-18-16	50	6	300
1017	10	17	10-15-17	50	2	100
1017	10	17	10-5-6-7-9-14-15-17	50	7	350
1018	10	18	10-15-17-19-20-18	50	5	250
1018	10	18	10-15-14-13-12-16-18	50	6	300
1019	10	19	10-15-17-19	50	3	150
1019	10	19	10-5-6-7-9-14-15-17-19	50	8	400
1020	10	20	10-15-17-19-20	50	4	200
1020	10	20	10-15-14-13-12-16-18-20	50	7	350
110	11	0	11-8-7-1-0	50	4	200
110	11	0	11-8-7-1-2-0	50	5	250
111	11	1	11-8-7-1	50	3	150
111	11	1	11-8-7-6-5-2-1	50	6	300
112	11	2	11-8-7-1-2	50	4	200
112	11	2	11-8-7-1-0-2	50	5	250
113	11	3	11-8-7-1-3	50	4	200
113	11	3	11-8-7-6-5-4-3	50	6	300
114	11	4	11-8-7-1-3-4	50	5	250
114	11	4	11-8-7-6-5-4	50	5	250
115	11	5	11-8-7-6-5	50	4	200
115	11	5	11-8-7-1-2-5	50	5	250
116	11	6	11-8-7-6	50	3	150
116	11	6	11-8-7-1-2-5-6	50	6	300
117	11	7	11-8-7	50	2	100
117	11	7	11-12-13-14-9-7	50	5	250
118	11	8	11-8	50	1	50
118	11	8	11-12-13-14-9-7-8	50	6	300
119	11	9	11-8-7-9	50	3	150
119	11	9	11-12-13-14-9	50	4	200
1110	11	10	11-12-13-14-15-10	50	5	250
1110	11	10	11-8-7-6-5-10	50	5	250
1112	11	12	11-12	50	1	50
1112	11	12	11-8-7-9-14-13-12	50	6	300
1113	11	13	11-12-13	50	2	100
1113	11	13	11-8-7-9-14-13	50	5	250
1114	11	14	11-12-13-14	50	3	150
1114	11	14	11-8-7-9-14	50	4	200
1115	11	15	11-12-13-14-15	50	4	200
1115	11	15	11-8-7-9-14-15	50	5	250
1116	11	16	11-12-16	50	2	100
1116	11	16	11-8-7-9-14-13-12-16	50	7	350
1117	11	17	11-12-13-14-15-17	50	5	250
1117	11	17	11-8-7-9-14-15-17	50	6	300
1118	11	18	11-12-16-18	50	3	150
1118	11	18	11-8-7-9-14-13-12-16-18	50	8	400
1119	11	19	11-12-16-18-20-19	50	5	250
1119	11	19	11-12-13-14-15-17-19	50	6	300
1120	11	20	11-12-16-18-20	50	4	200
1120	11	20	11-12-13-14-15-17-19-20	50	7	350
120	12	0	12-11-8-7-1-0	50	5	250
120	12	0	12-13-14-9-7-1-0	50	6	300
121	12	1	12-11-8-7-1	50	4	200
121	12	1	12-13-14-9-7-1	50	5	250
122	12	2	12-11-8-7-1-2	50	5	250
122	12	2	12-11-8-7-1-0-2	50	6	300
123	12	3	12-11-8-7-1-3	50	5	250
123	12	3	12-13-14-9-7-1-3	50	6	300
124	12	4	12-11-8-7-1-3-4	50	6	300
124	12	4	12-13-14-15-10-5-4	50	6	300
125	12	5	12-11-8-7-6-5	50	5	250
125	12	5	12-13-14-15-10-5	50	5	250
126	12	6	12-11-8-7-6	50	4	200
126	12	6	12-13-14-9-7-6	50	5	250
127	12	7	12-11-8-7	50	3	150
127	12	7	12-13-14-9-7	50	4	200
128	12	8	12-11-8	50	2	100
128	12	8	12-13-14-9-7-8	50	5	250
129	12	9	12-13-14-9	50	3	150
129	12	9	12-11-8-7-9	50	4	200
1210	12	10	12-13-14-15-10	50	4	200
1210	12	10	12-11-8-7-6-5-10	50	6	300
1211	12	11	12-11	50	1	50
1211	12	11	12-13-14-9-7-8-11	50	6	300
1213	12	13	12-13	50	1	50
1213	12	13	12-11-8-7-9-14-13	50	6	300
1214	12	14	12-13-14	50	2	100
1214	12	14	12-11-8-7-9-14	50	5	250
1215	12	15	12-13-14-15	50	3	150
1215	12	15	12-11-8-7-9-14-15	50	6	300
1216	12	16	12-16	50	1	50
1216	12	16	12-13-14-15-17-19-20-18-16	50	8	400
1217	12	17	12-13-14-15-17	50	4	200
1217	12	17	12-16-18-20-19-17	50	5	250
1218	12	18	12-16-18	50	2	100
1218	12	18	12-13-14-15-17-19-20-18	50	7	350
1219	12	19	12-16-18-20-19	50	4	200
1219	12	19	12-13-14-15-17-19	50	5	250
1220	12	20	12-16-18-20	50	3	150
1220	12	20	12-13-14-15-17-19-20	50	6	300
130	13	0	13-14-9-7-1-0	50	5	250
130	13	0	13-12-11-8-7-1-0	50	6	300
131	13	1	13-14-9-7-1	50	4	200
131	13	1	13-12-11-8-7-1	50	5	250
132	13	2	13-14-9-7-1-2	50	5	250
132	13	2	13-14-15-10-5-2	50	5	250
133	13	3	13-14-9-7-1-3	50	5	250
133	13	3	13-12-11-8-7-1-3	50	6	300
134	13	4	13-14-15-10-5-4	50	5	250
134	13	4	13-14-9-7-1-3-4	50	6	300
135	13	5	13-14-15-10-5	50	4	200
135	13	5	13-14-9-7-6-5	50	5	250
136	13	6	13-14-9-7-6	50	4	200
136	13	6	13-14-15-10-5-6	50	5	250
137	13	7	13-14-9-7	50	3	150
137	13	7	13-12-11-8-7	50	4	200
138	13	8	13-12-11-8	50	3	150
138	13	8	13-14-9-7-8	50	4	200
139	13	9	13-14-9	50	2	100
139	13	9	13-12-11-8-7-9	50	5	250
1310	13	10	13-14-15-10	50	3	150
1310	13	10	13-14-9-7-6-5-10	50	6	300
1311	13	11	13-12-11	50	2	100
1311	13	11	13-14-9-7-8-11	50	5	250
1312	13	12	13-12	50	1	50
1312	13	12	13-14-9-7-8-11-12	50	6	300
1314	13	14	13-14	50	1	50
1314	13	14	13-12-11-8-7-9-14	50	6	300
1315	13	15	13-14-15	50	2	100
1315	13	15	13-12-11-8-7-9-14-15	50	7	350
1316	13	16	13-12-16	50	2	100
1316	13	16	13-14-9-7-8-11-12-16	50	7	350
1317	13	17	13-14-15-17	50	3	150
1317	13	17	13-12-16-18-20-19-17	50	6	300
1318	13	18	13-12-16-18	50	3	150
1318	13	18	13-14-15-17-19-20-18	50	6	300
1319	13	19	13-14-15-17-19	50	4	200
1319	13	19	13-12-16-18-20-19	50	5	250
1320	13	20	13-12-16-18-20	50	4	200
1320	13	20	13-14-15-17-19-20	50	5	250
140	14	0	14-9-7-1-0	50	4	200
140	14	0	14-9-7-1-2-0	50	5	250
141	14	1	14-9-7-1	50	3	150
141	14	1	14-15-10-5-2-1	50	5	250
142	14	2	14-9-7-1-2	50	4	200
142	14	2	14-15-10-5-2	50	4	200
143	14	3	14-9-7-1-3	50	4	200
143	14	3	14-15-10-5-4-3	50	5	250
144	14	4	14-15-10-5-4	50	4	200
144	14	4	14-9-7-1-3-4	50	5	250
145	14	5	14-15-10-5	50	3	150
145	14	5	14-9-7-6-5	50	4	200
146	14	6	14-9-7-6	50	3	150
146	14	6	14-15-10-5-6	50	4	200
147	14	7	14-9-7	50	2	100
147	14	7	14-15-10-5-6-7	50	5	250
148	14	8	14-9-7-8	50	3	150
148	14	8	14-13-12-11-8	50	4	200
149	14	9	14-9	50	1	50
149	14	9	14-15-10-5-6-7-9	50	6	300
1410	14	10	14-15-10	50	2	100
1410	14	10	14-9-7-6-5-10	50	5	250
1411	14	11	14-13-12-11	50	3	150
1411	14	11	14-9-7-8-11	50	4	200
1412	14	12	14-13-12	50	2	100
1412	14	12	14-9-7-8-11-12	50	5	250
1413	14	13	14-13	50	1	50
1413	14	13	14-9-7-8-11-12-13	50	6	300
1415	14	15	14-15	50	1	50
1415	14	15	14-9-7-6-5-10-15	50	6	300
1416	14	16	14-13-12-16	50	3	150
1416	14	16	14-9-7-8-11-12-16	50	6	300
1417	14	17	14-15-17	50	2	100
1417	14	17	14-9-7-6-5-10-15-17	50	7	350
1418	14	18	14-13-12-16-18	50	4	200
1418	14	18	14-15-17-19-20-18	50	5	250
1419	14	19	14-15-17-19	50	3	150
1419	14	19	14-13-12-16-18-20-19	50	6	300
1420	14	20	14-15-17-19-20	50	4	200
1420	14	20	14-13-12-16-18-20	50	5	250
150	15	0	15-10-5-2-0	50	4	200
150	15	0	15-10-5-2-1-0	50	5	250
151	15	1	15-10-5-2-1	50	4	200
151	15	1	15-14-9-7-1	50	4	200
152	15	2	15-10-5-2	50	3	150
152	15	2	15-14-9-7-1-2	50	5	250
153	15	3	15-10-5-4-3	50	4	200
153	15	3	15-10-5-2-1-3	50	5	250
154	15	4	15-10-5-4	50	3	150
154	15	4	15-10-5-2-1-3-4	50	6	300
155	15	5	15-10-5	50	2	100
155	15	5	15-14-9-7-6-5	50	5	250
156	15	6	15-10-5-6	50	3	150
156	15	6	15-14-9-7-6	50	4	200
157	15	7	15-14-9-7	50	3	150
157	15	7	15-10-5-6-7	50	4	200
158	15	8	15-14-9-7-8	50	4	200
158	15	8	15-14-13-12-11-8	50	5	250
159	15	9	15-14-9	50	2	100
159	15	9	15-10-5-6-7-9	50	5	250
1510	15	10	15-10	50	1	50
1510	15	10	15-14-9-7-6-5-10	50	6	300
1511	15	11	15-14-13-12-11	50	4	200
1511	15	11	15-14-9-7-8-11	50	5	250
1512	15	12	15-14-13-12	50	3	150
1512	15	12	15-14-9-7-8-11-12	50	6	300
1513	15	13	15-14-13	50	2	100
1513	15	13	15-14-9-7-8-11-12-13	50	7	350
1514	15	14	15-14	50	1	50
1514	15	14	15-10-5-6-7-9-14	50	6	300
1516	15	16	15-14-13-12-16	50	4	200
1516	15	16	15-17-19-20-18-16	50	5	250
1517	15	17	15-17	50	1	50
1517	15	17	15-14-13-12-16-18-20-19-17	50	8	400
1518	15	18	15-17-19-20-18	50	4	200
1518	15	18	15-14-13-12-16-18	50	5	250
1519	15	19	15-17-19	50	2	100
1519	15	19	15-14-13-12-16-18-20-19	50	7	350
1520	15	20	15-17-19-20	50	3	150
1520	15	20	15-14-13-12-16-18-20	50	6	300
160	16	0	16-12-11-8-7-1-0	50	6	300
160	16	0	16-12-13-14-9-7-1-0	50	7	350
161	16	1	16-12-11-8-7-1	50	5	250
161	16	1	16-12-13-14-9-7-1	50	6	300
162	16	2	16-12-11-8-7-1-2	50	6	300
162	16	2	16-12-11-8-7-1-0-2	50	7	350
163	16	3	16-12-11-8-7-1-3	50	6	300
163	16	3	16-12-13-14-9-7-1-3	50	7	350
164	16	4	16-12-11-8-7-1-3-4	50	7	350
164	16	4	16-12-13-14-15-10-5-4	50	7	350
165	16	5	16-12-11-8-7-6-5	50	6	300
165	16	5	16-12-13-14-15-10-5	50	6	300
166	16	6	16-12-11-8-7-6	50	5	250
166	16	6	16-12-13-14-9-7-6	50	6	300
167	16	7	16-12-11-8-7	50	4	200
167	16	7	16-12-13-14-9-7	50	5	250
168	16	8	16-12-11-8	50	3	150
168	16	8	16-12-13-14-9-7-8	50	6	300
169	16	9	16-12-13-14-9	50	4	200
169	16	9	16-12-11-8-7-9	50	5	250
1610	16	10	16-12-13-14-15-10	50	5	250
1610	16	10	16-18-20-19-17-15-10	50	6	300
1611	16	11	16-12-11	50	2	100
1611	16	11	16-12-13-14-9-7-8-11	50	7	350
1612	16	12	16-12	50	1	50
1612	16	12	16-18-20-19-17-15-14-13-12	50	8	400
1613	16	13	16-12-13	50	2	100
1613	16	13	16-18-20-19-17-15-14-13	50	7	350
1614	16	14	16-12-13-14	50	3	150
1614	16	14	16-18-20-19-17-15-14	50	6	300
1615	16	15	16-12-13-14-15	50	4	200
1615	16	15	16-18-20-19-17-15	50	5	250
1617	16	17	16-18-20-19-17	50	4	200
1617	16	17	16-12-13-14-15-17	50	5	250
1618	16	18	16-18	50	1	50
1618	16	18	16-12-13-14-15-17-19-20-18	50	8	400
1619	16	19	16-18-20-19	50	3	150
1619	16	19	16-12-13-14-15-17-19	50	6	300
1620	16	20	16-18-20	50	2	100
1620	16	20	16-12-13-14-15-17-19-20	50	7	350
170	17	0	17-15-10-5-2-0	50	5	250
170	17	0	17-15-10-5-2-1-0	50	6	300
171	17	1	17-15-10-5-2-1	50	5	250
171	17	1	17-15-14-9-7-1	50	5	250
172	17	2	17-15-10-5-2	50	4	200
172	17	2	17-15-14-9-7-1-2	50	6	300
173	17	3	17-15-10-5-4-3	50	5	250
173	17	3	17-15-10-5-2-1-3	50	6	300
174	17	4	17-15-10-5-4	50	4	200
174	17	4	17-15-10-5-2-1-3-4	50	7	350
175	17	5	17-15-10-5	50	3	150
175	17	5	17-15-14-9-7-6-5	50	6	300
176	17	6	17-15-10-5-6	50	4	200
176	17	6	17-15-14-9-7-6	50	5	250
177	17	7	17-15-14-9-7	50	4	200
177	17	7	17-15-10-5-6-7	50	5	250
178	17	8	17-15-14-9-7-8	50	5	250
178	17	8	17-15-14-13-12-11-8	50	6	300
179	17	9	17-15-14-9	50	3	150
179	17	9	17-15-10-5-6-7-9	50	6	300
1710	17	10	17-15-10	50	2	100
1710	17	10	17-15-14-9-7-6-5-10	50	7	350
1711	17	11	17-15-14-13-12-11	50	5	250
1711	17	11	17-19-20-18-16-12-11	50	6	300
1712	17	12	17-15-14-13-12	50	4	200
1712	17	12	17-19-20-18-16-12	50	5	250
1713	17	13	17-15-14-13	50	3	150
1713	17	13	17-19-20-18-16-12-13	50	6	300
1714	17	14	17-15-14	50	2	100
1714	17	14	17-19-20-18-16-12-13-14	50	7	350
1715	17	15	17-15	50	1	50
1715	17	15	17-19-20-18-16-12-13-14-15	50	8	400
1716	17	16	17-19-20-18-16	50	4	200
1716	17	16	17-15-14-13-12-16	50	5	250
1718	17	18	17-19-20-18	50	3	150
1718	17	18	17-15-14-13-12-16-18	50	6	300
1719	17	19	17-19	50	1	50
1719	17	19	17-15-14-13-12-16-18-20-19	50	8	400
1720	17	20	17-19-20	50	2	100
1720	17	20	17-15-14-13-12-16-18-20	50	7	350
180	18	0	18-16-12-11-8-7-1-0	50	7	350
180	18	0	18-16-12-13-14-9-7-1-0	50	8	400
181	18	1	18-16-12-11-8-7-1	50	6	300
181	18	1	18-16-12-13-14-9-7-1	50	7	350
182	18	2	18-16-12-11-8-7-1-2	50	7	350
182	18	2	18-20-19-17-15-10-5-2	50	7	350
183	18	3	18-16-12-11-8-7-1-3	50	7	350
183	18	3	18-16-12-13-14-9-7-1-3	50	8	400
184	18	4	18-20-19-17-15-10-5-4	50	7	350
184	18	4	18-16-12-11-8-7-1-3-4	50	8	400
185	18	5	18-20-19-17-15-10-5	50	6	300
185	18	5	18-16-12-11-8-7-6-5	50	7	350
186	18	6	18-16-12-11-8-7-6	50	6	300
186	18	6	18-20-19-17-15-10-5-6	50	7	350
187	18	7	18-16-12-11-8-7	50	5	250
187	18	7	18-16-12-13-14-9-7	50	6	300
188	18	8	18-16-12-11-8	50	4	200
188	18	8	18-16-12-13-14-9-7-8	50	7	350
189	18	9	18-16-12-13-14-9	50	5	250
189	18	9	18-20-19-17-15-14-9	50	6	300
1810	18	10	18-20-19-17-15-10	50	5	250
1810	18	10	18-16-12-13-14-15-10	50	6	300
1811	18	11	18-16-12-11	50	3	150
1811	18	11	18-20-19-17-15-14-13-12-11	50	8	400
1812	18	12	18-16-12	50	2	100
1812	18	12	18-20-19-17-15-14-13-12	50	7	350
1813	18	13	18-16-12-13	50	3	150
1813	18	13	18-20-19-17-15-14-13	50	6	300
1814	18	14	18-16-12-13-14	50	4	200
1814	18	14	18-20-19-17-15-14	50	5	250
1815	18	15	18-20-19-17-15	50	4	200
1815	18	15	18-16-12-13-14-15	50	5	250
1816	18	16	18-16	50	1	50
1816	18	16	18-20-19-17-15-14-13-12-16	50	8	400
1817	18	17	18-20-19-17	50	3	150
1817	18	17	18-16-12-13-14-15-17	50	6	300
1819	18	19	18-20-19	50	2	100
1819	18	19	18-16-12-13-14-15-17-19	50	7	350
1820	18	20	18-20	50	1	50
1820	18	20	18-16-12-13-14-15-17-19-20	50	8	400
190	19	0	19-17-15-10-5-2-0	50	6	300
190	19	0	19-17-15-10-5-2-1-0	50	7	350
191	19	1	19-17-15-10-5-2-1	50	6	300
191	19	1	19-17-15-14-9-7-1	50	6	300
192	19	2	19-17-15-10-5-2	50	5	250
192	19	2	19-17-15-14-9-7-1-2	50	7	350
193	19	3	19-17-15-10-5-4-3	50	6	300
193	19	3	19-17-15-10-5-2-1-3	50	7	350
194	19	4	19-17-15-10-5-4	50	5	250
194	19	4	19-17-15-10-5-2-1-3-4	50	8	400
195	19	5	19-17-15-10-5	50	4	200
195	19	5	19-17-15-14-9-7-6-5	50	7	350
196	19	6	19-17-15-10-5-6	50	5	250
196	19	6	19-17-15-14-9-7-6	50	6	300
197	19	7	19-17-15-14-9-7	50	5	250
197	19	7	19-17-15-10-5-6-7	50	6	300
198	19	8	19-20-18-16-12-11-8	50	6	300
198	19	8	19-17-15-14-9-7-8	50	6	300
199	19	9	19-17-15-14-9	50	4	200
199	19	9	19-20-18-16-12-13-14-9	50	7	350
1910	19	10	19-17-15-10	50	3	150
1910	19	10	19-20-18-16-12-13-14-15-10	50	8	400
1911	19	11	19-20-18-16-12-11	50	5	250
1911	19	11	19-17-15-14-13-12-11	50	6	300
1912	19	12	19-20-18-16-12	50	4	200
1912	19	12	19-17-15-14-13-12	50	5	250
1913	19	13	19-17-15-14-13	50	4	200
1913	19	13	19-20-18-16-12-13	50	5	250
1914	19	14	19-17-15-14	50	3	150
1914	19	14	19-20-18-16-12-13-14	50	6	300
1915	19	15	19-17-15	50	2	100
1915	19	15	19-20-18-16-12-13-14-15	50	7	350
1916	19	16	19-20-18-16	50	3	150
1916	19	16	19-17-15-14-13-12-16	50	6	300
1917	19	17	19-17	50	1	50
1917	19	17	19-20-18-16-12-13-14-15-17	50	8	400
1918	19	18	19-20-18	50	2	100
1918	19	18	19-17-15-14-13-12-16-18	50	7	350
1920	19	20	19-20	50	1	50
1920	19	20	19-17-15-14-13-12-16-18-20	50	8	400
200	20	0	20-19-17-15-10-5-2-0	50	7	350
200	20	0	20-19-17-15-10-5-2-1-0	50	8	400
201	20	1	20-19-17-15-10-5-2-1	50	7	350
201	20	1	20-19-17-15-14-9-7-1	50	7	350
202	20	2	20-19-17-15-10-5-2	50	6	300
202	20	2	20-18-16-12-11-8-7-1-2	50	8	400
203	20	3	20-19-17-15-10-5-4-3	50	7	350
203	20	3	20-19-17-15-10-5-2-1-3	50	8	400
204	20	4	20-19-17-15-10-5-4	50	6	300
204	20	4	20-19-17-15-10-5-2-1-3-4	50	9	450
205	20	5	20-19-17-15-10-5	50	5	250
205	20	5	20-18-16-12-11-8-7-6-5	50	8	400
206	20	6	20-19-17-15-10-5-6	50	6	300
206	20	6	20-18-16-12-11-8-7-6	50	7	350
207	20	7	20-18-16-12-11-8-7	50	6	300
207	20	7	20-19-17-15-14-9-7	50	6	300
208	20	8	20-18-16-12-11-8	50	5	250
208	20	8	20-19-17-15-14-9-7-8	50	7	350
209	20	9	20-19-17-15-14-9	50	5	250
209	20	9	20-18-16-12-13-14-9	50	6	300
2010	20	10	20-19-17-15-10	50	4	200
2010	20	10	20-18-16-12-13-14-15-10	50	7	350
2011	20	11	20-18-16-12-11	50	4	200
2011	20	11	20-19-17-15-14-13-12-11	50	7	350
2012	20	12	20-18-16-12	50	3	150
2012	20	12	20-19-17-15-14-13-12	50	6	300
2013	20	13	20-18-16-12-13	50	4	200
2013	20	13	20-19-17-15-14-13	50	5	250
2014	20	14	20-19-17-15-14	50	4	200
2014	20	14	20-18-16-12-13-14	50	5	250
2015	20	15	20-19-17-15	50	3	150
2015	20	15	20-18-16-12-13-14-15	50	6	300
2016	20	16	20-18-16	50	2	100
2016	20	16	20-19-17-15-14-13-12-16	50	7	350
2017	20	17	20-19-17	50	2	100
2017	20	17	20-18-16-12-13-14-15-17	50	7	350
2018	20	18	20-18	50	1	50
2018	20	18	20-19-17-15-14-13-12-16-18	50	8	400
2019	20	19	20-19	50	1	50
2019	20	19	20-18-16-12-13-14-15-17-19	50	8	400
