01	0	1	0-1	136	1	136
02	0	2	0-2	14	1	14
03	0	3	0-1-3	172	2	344
04	0	4	0-1-3-4	125	3	375
05	0	5	0-2-5	89	2	178
06	0	6	0-2-5-6	1	3	3
07	0	7	0-1-7	72	2	144
08	0	8	0-1-7-8	63	3	189
09	0	9	0-1-7-9	17	3	51
010	0	10	0-2-5-10	83	3	249
011	0	11	0-1-7-8-11	24	4	96
012	0	12	0-1-7-8-11-12	10	5	50
013	0	13	0-1-7-9-14-13	166	5	830
014	0	14	0-1-7-9-14	24	4	96
015	0	15	0-2-5-10-15	1	4	4
016	0	16	0-1-7-8-11-12-16	176	6	1056
017	0	17	0-2-5-10-15-17	111	5	555
018	0	18	0-1-7-8-11-12-16-18	171	7	1197
019	0	19	0-2-5-10-15-17-19	160	6	960
020	0	20	0-2-5-10-15-17-19-20	102	7	714
10	1	0	1-0	115	1	115
12	1	2	1-2	96	1	96
13	1	3	1-3	53	1	53
14	1	4	1-3-4	60	2	120
15	1	5	1-2-5	163	2	326
16	1	6	1-7-6	63	2	126
17	1	7	1-7	92	1	92
18	1	8	1-7-8	15	2	30
19	1	9	1-7-9	131	2	262
110	1	10	1-2-5-10	182	3	546
111	1	11	1-7-8-11	24	3	72
112	1	12	1-7-8-11-12	159	4	636
113	1	13	1-7-9-14-13	47	4	188
114	1	14	1-7-9-14	193	3	579
115	1	15	1-7-9-14-15	7	4	28
116	1	16	1-7-8-11-12-16	116	5	580
117	1	17	1-7-9-14-15-17	149	5	745
118	1	18	1-7-8-11-12-16-18	176	6	1056
119	1	19	1-7-9-14-15-17-19	23	6	138
120	1	20	1-7-8-11-12-16-18-20	55	7	385
20	2	0	2-0	67	1	67
21	2	1	2-1	33	1	33
23	2	3	2-1-3	12	2	24
24	2	4	2-5-4	72	2	144
25	2	5	2-5	7	1	7
26	2	6	2-5-6	155	2	310
27	2	7	2-1-7	99	2	198
28	2	8	2-1-7-8	79	3	237
29	2	9	2-1-7-9	161	3	483
210	2	10	2-5-10	16	2	32
211	2	11	2-1-7-8-11	40	4	160
212	2	12	2-1-7-8-11-12	199	5	995
213	2	13	2-5-10-15-14-13	18	5	90
214	2	14	2-5-10-15-14	40	4	160
215	2	15	2-5-10-15	144	3	432
216	2	16	2-1-7-8-11-12-16	141	6	846
217	2	17	2-5-10-15-17	161	4	644
218	2	18	2-1-7-8-11-12-16-18	120	7	840
219	2	19	2-5-10-15-17-19	134	5	670
220	2	20	2-5-10-15-17-19-20	134	6	804
30	3	0	3-1-0	65	2	130
31	3	1	3-1	69	1	69
32	3	2	3-1-2	146	2	292
34	3	4	3-4	191	1	191
35	3	5	3-4-5	78	2	156
36	3	6	3-4-5-6	195	3	585
37	3	7	3-1-7	26	2	52
38	3	8	3-1-7-8	77	3	231
39	3	9	3-1-7-9	104	3	312
310	3	10	3-4-5-10	139	3	417
311	3	11	3-1-7-8-11	136	4	544
312	3	12	3-1-7-8-11-12	66	5	330
313	3	13	3-1-7-9-14-13	70	5	350
314	3	14	3-1-7-9-14	19	4	76
315	3	15	3-4-5-10-15	105	4	420
316	3	16	3-1-7-8-11-12-16	67	6	402
317	3	17	3-4-5-10-15-17	2	5	10
318	3	18	3-1-7-8-11-12-16-18	26	7	182
319	3	19	3-4-5-10-15-17-19	184	6	1104
320	3	20	3-4-5-10-15-17-19-20	36	7	252
40	4	0	4-3-1-0	100	3	300
41	4	1	4-3-1	44	2	88
42	4	2	4-5-2	141	2	282
43	4	3	4-3	25	1	25
45	4	5	4-5	60	1	60
46	4	6	4-5-6	45	2	90
47	4	7	4-3-1-7	120	3	360
48	4	8	4-3-1-7-8	194	4	776
49	4	9	4-3-1-7-9	3	4	12
410	4	10	4-5-10	113	2	226
411	4	11	4-3-1-7-8-11	78	5	390
412	4	12	4-3-1-7-8-11-12	157	6	942
413	4	13	4-5-10-15-14-13	131	5	655
414	4	14	4-5-10-15-14	87	4	348
415	4	15	4-5-10-15	37	3	111
416	4	16	4-3-1-7-8-11-12-16	84	7	588
417	4	17	4-5-10-15-17	186	4	744
418	4	18	4-5-10-15-17-19-20-18	142	7	994
419	4	19	4-5-10-15-17-19	100	5	500
420	4	20	4-5-10-15-17-19-20	67	6	402
50	5	0	5-2-0	134	2	268
51	5	1	5-2-1	66	2	132
52	5	2	5-2	171	1	171
53	5	3	5-4-3	19	2	38
54	5	4	5-4	149	1	149
56	5	6	5-6	87	1	87
57	5	7	5-6-7	55	2	110
58	5	8	5-6-7-8	136	3	408
59	5	9	5-6-7-9	37	3	111
510	5	10	5-10	75	1	75
511	5	11	5-6-7-8-11	167	4	668
512	5	12	5-6-7-8-11-12	145	5	725
513	5	13	5-10-15-14-13	134	4	536
514	5	14	5-10-15-14	84	3	252
515	5	15	5-10-15	146	2	292
516	5	16	5-6-7-8-11-12-16	34	6	204
517	5	17	5-10-15-17	4	3	12
518	5	18	5-10-15-17-19-20-18	78	6	468
519	5	19	5-10-15-17-19	80	4	320
520	5	20	5-10-15-17-19-20	50	5	250
60	6	0	6-7-1-0	188	3	564
61	6	1	6-7-1	150	2	300
62	6	2	6-5-2	172	2	344
63	6	3	6-7-1-3	104	3	312
64	6	4	6-5-4	17	2	34
65	6	5	6-5	166	1	166
67	6	7	6-7	33	1	33
68	6	8	6-7-8	93	2	186
69	6	9	6-7-9	50	2	100
610	6	10	6-5-10	175	2	350
611	6	11	6-7-8-11	167	3	501
612	6	12	6-7-8-11-12	2	4	8
613	6	13	6-7-9-14-13	148	4	592
614	6	14	6-7-9-14	64	3	192
615	6	15	6-5-10-15	98	3	294
616	6	16	6-7-8-11-12-16	134	5	670
617	6	17	6-5-10-15-17	82	4	328
618	6	18	6-7-8-11-12-16-18	176	6	1056
619	6	19	6-5-10-15-17-19	96	5	480
620	6	20	6-5-10-15-17-19-20	88	6	528
70	7	0	7-1-0	57	2	114
71	7	1	7-1	10	1	10
72	7	2	7-1-2	20	2	40
73	7	3	7-1-3	129	2	258
74	7	4	7-1-3-4	25	3	75
75	7	5	7-6-5	14	2	28
76	7	6	7-6	49	1	49
78	7	8	7-8	92	1	92
79	7	9	7-9	57	1	57
710	7	10	7-6-5-10	161	3	483
711	7	11	7-8-11	15	2	30
712	7	12	7-8-11-12	126	3	378
713	7	13	7-9-14-13	99	3	297
714	7	14	7-9-14	49	2	98
715	7	15	7-9-14-15	185	3	555
716	7	16	7-8-11-12-16	194	4	776
717	7	17	7-9-14-15-17	48	4	192
718	7	18	7-8-11-12-16-18	87	5	435
719	7	19	7-9-14-15-17-19	139	5	695
720	7	20	7-8-11-12-16-18-20	155	6	930
80	8	0	8-7-1-0	15	3	45
81	8	1	8-7-1	62	2	124
82	8	2	8-7-1-2	76	3	228
83	8	3	8-7-1-3	5	3	15
84	8	4	8-7-1-3-4	93	4	372
85	8	5	8-7-6-5	6	3	18
86	8	6	8-7-6	196	2	392
87	8	7	8-7	164	1	164
89	8	9	8-7-9	171	2	342
810	8	10	8-7-6-5-10	26	4	104
811	8	11	8-11	196	1	196
812	8	12	8-11-12	127	2	254
813	8	13	8-11-12-13	108	3	324
814	8	14	8-7-9-14	24	3	72
815	8	15	8-7-9-14-15	116	4	464
816	8	16	8-11-12-16	131	3	393
817	8	17	8-7-9-14-15-17	44	5	220
818	8	18	8-11-12-16-18	20	4	80
819	8	19	8-7-9-14-15-17-19	184	6	1104
820	8	20	8-11-12-16-18-20	143	5	715
90	9	0	9-7-1-0	128	3	384
91	9	1	9-7-1	151	2	302
92	9	2	9-7-1-2	118	3	354
93	9	3	9-7-1-3	128	3	384
94	9	4	9-7-1-3-4	132	4	528
95	9	5	9-7-6-5	118	3	354
96	9	6	9-7-6	83	2	166
97	9	7	9-7	119	1	119
98	9	8	9-7-8	134	2	268
910	9	10	9-14-15-10	30	3	90
911	9	11	9-7-8-11	54	3	162
912	9	12	9-14-13-12	139	3	417
913	9	13	9-14-13	30	2	60
914	9	14	9-14	73	1	73
915	9	15	9-14-15	35	2	70
916	9	16	9-14-13-12-16	62	4	248
917	9	17	9-14-15-17	192	3	576
918	9	18	9-14-13-12-16-18	103	5	515
919	9	19	9-14-15-17-19	27	4	108
920	9	20	9-14-15-17-19-20	61	5	305
100	10	0	10-5-2-0	41	3	123
101	10	1	10-5-2-1	192	3	576
102	10	2	10-5-2	154	2	308
103	10	3	10-5-4-3	181	3	543
104	10	4	10-5-4	197	2	394
105	10	5	10-5	88	1	88
106	10	6	10-5-6	155	2	310
107	10	7	10-5-6-7	123	3	369
108	10	8	10-5-6-7-8	73	4	292
109	10	9	10-15-14-9	158	3	474
1011	10	11	10-15-14-13-12-11	125	5	625
1012	10	12	10-15-14-13-12	14	4	56
1013	10	13	10-15-14-13	34	3	102
1014	10	14	10-15-14	24	2	48
1015	10	15	10-15	144	1	144
1016	10	16	10-15-14-13-12-16	52	5	260
1017	10	17	10-15-17	32	2	64
1018	10	18	10-15-17-19-20-18	35	5	175
1019	10	19	10-15-17-19	122	3	366
1020	10	20	10-15-17-19-20	33	4	132
110	11	0	11-8-7-1-0	142	4	568
111	11	1	11-8-7-1	174	3	522
112	11	2	11-8-7-1-2	137	4	548
113	11	3	11-8-7-1-3	159	4	636
114	11	4	11-8-7-1-3-4	154	5	770
115	11	5	11-8-7-6-5	172	4	688
116	11	6	11-8-7-6	139	3	417
117	11	7	11-8-7	111	2	222
118	11	8	11-8	159	1	159
119	11	9	11-8-7-9	28	3	84
1110	11	10	11-12-13-14-15-10	35	5	175
1112	11	12	11-12	25	1	25
1113	11	13	11-12-13	178	2	356
1114	11	14	11-12-13-14	30	3	90
1115	11	15	11-12-13-14-15	172	4	688
1116	11	16	11-12-16	42	2	84
1117	11	17	11-12-13-14-15-17	182	5	910
1118	11	18	11-12-16-18	119	3	357
1119	11	19	11-12-16-18-20-19	71	5	355
1120	11	20	11-12-16-18-20	8	4	32
120	12	0	12-11-8-7-1-0	134	5	670
121	12	1	12-11-8-7-1	173	4	692
122	12	2	12-11-8-7-1-2	196	5	980
123	12	3	12-11-8-7-1-3	186	5	930
124	12	4	12-11-8-7-1-3-4	169	6	1014
125	12	5	12-11-8-7-6-5	161	5	805
126	12	6	12-11-8-7-6	198	4	792
127	12	7	12-11-8-7	197	3	591
128	12	8	12-11-8	101	2	202
129	12	9	12-13-14-9	28	3	84
1210	12	10	12-13-14-15-10	136	4	544
1211	12	11	12-11	11	1	11
1213	12	13	12-13	41	1	41
1214	12	14	12-13-14	147	2	294
1215	12	15	12-13-14-15	54	3	162
1216	12	16	12-16	72	1	72
1217	12	17	12-13-14-15-17	121	4	484
1218	12	18	12-16-18	162	2	324
1219	12	19	12-16-18-20-19	62	4	248
1220	12	20	12-16-18-20	178	3	534
130	13	0	13-14-9-7-1-0	42	5	210
131	13	1	13-14-9-7-1	63	4	252
132	13	2	13-14-9-7-1-2	158	5	790
133	13	3	13-14-9-7-1-3	31	5	155
134	13	4	13-14-15-10-5-4	47	5	235
135	13	5	13-14-15-10-5	190	4	760
136	13	6	13-14-9-7-6	160	4	640
137	13	7	13-14-9-7	121	3	363
138	13	8	13-12-11-8	41	3	123
139	13	9	13-14-9	151	2	302
1310	13	10	13-14-15-10	176	3	528
1311	13	11	13-12-11	127	2	254
1312	13	12	13-12	133	1	133
1314	13	14	13-14	149	1	149
1315	13	15	13-14-15	115	2	230
1316	13	16	13-12-16	76	2	152
1317	13	17	13-14-15-17	93	3	279
1318	13	18	13-12-16-18	42	3	126
1319	13	19	13-14-15-17-19	25	4	100
1320	13	20	13-12-16-18-20	172	4	688
140	14	0	14-9-7-1-0	137	4	548
141	14	1	14-9-7-1	71	3	213
142	14	2	14-9-7-1-2	173	4	692
143	14	3	14-9-7-1-3	142	4	568
144	14	4	14-15-10-5-4	39	4	156
145	14	5	14-15-10-5	36	3	108
146	14	6	14-9-7-6	177	3	531
147	14	7	14-9-7	113	2	226
148	14	8	14-9-7-8	75	3	225
149	14	9	14-9	181	1	181
1410	14	10	14-15-10	23	2	46
1411	14	11	14-13-12-11	190	3	570
1412	14	12	14-13-12	127	2	254
1413	14	13	14-13	159	1	159
1415	14	15	14-15	191	1	191
1416	14	16	14-13-12-16	109	3	327
1417	14	17	14-15-17	150	2	300
1418	14	18	14-13-12-16-18	188	4	752
1419	14	19	14-15-17-19	31	3	93
1420	14	20	14-15-17-19-20	98	4	392
150	15	0	15-10-5-2-0	166	4	664
151	15	1	15-10-5-2-1	147	4	588
152	15	2	15-10-5-2	112	3	336
153	15	3	15-10-5-4-3	109	4	436
154	15	4	15-10-5-4	36	3	108
155	15	5	15-10-5	56	2	112
156	15	6	15-10-5-6	110	3	330
157	15	7	15-14-9-7	157	3	471
158	15	8	15-14-9-7-8	150	4	600
159	15	9	15-14-9	171	2	342
1510	15	10	15-10	84	1	84
1511	15	11	15-14-13-12-11	158	4	632
1512	15	12	15-14-13-12	100	3	300
1513	15	13	15-14-13	21	2	42
1514	15	14	15-14	1	1	1
1516	15	16	15-14-13-12-16	49	4	196
1517	15	17	15-17	54	1	54
1518	15	18	15-17-19-20-18	129	4	516
1519	15	19	15-17-19	106	2	212
1520	15	20	15-17-19-20	176	3	528
160	16	0	16-12-11-8-7-1-0	179	6	1074
161	16	1	16-12-11-8-7-1	167	5	835
162	16	2	16-12-11-8-7-1-2	28	6	168
163	16	3	16-12-11-8-7-1-3	127	6	762
164	16	4	16-12-11-8-7-1-3-4	40	7	280
165	16	5	16-12-11-8-7-6-5	117	6	702
166	16	6	16-12-11-8-7-6	27	5	135
167	16	7	16-12-11-8-7	64	4	256
168	16	8	16-12-11-8	76	3	228
169	16	9	16-12-13-14-9	105	4	420
1610	16	10	16-12-13-14-15-10	3	5	15
1611	16	11	16-12-11	70	2	140
1612	16	12	16-12	154	1	154
1613	16	13	16-12-13	155	2	310
1614	16	14	16-12-13-14	122	3	366
1615	16	15	16-12-13-14-15	78	4	312
1617	16	17	16-18-20-19-17	138	4	552
1618	16	18	16-18	167	1	167
1619	16	19	16-18-20-19	131	3	393
1620	16	20	16-18-20	30	2	60
170	17	0	17-15-10-5-2-0	88	5	440
171	17	1	17-15-10-5-2-1	17	5	85
172	17	2	17-15-10-5-2	42	4	168
173	17	3	17-15-10-5-4-3	35	5	175
174	17	4	17-15-10-5-4	154	4	616
175	17	5	17-15-10-5	98	3	294
176	17	6	17-15-10-5-6	120	4	480
177	17	7	17-15-14-9-7	162	4	648
178	17	8	17-15-14-9-7-8	47	5	235
179	17	9	17-15-14-9	197	3	591
1710	17	10	17-15-10	76	2	152
1711	17	11	17-15-14-13-12-11	115	5	575
1712	17	12	17-15-14-13-12	43	4	172
1713	17	13	17-15-14-13	48	3	144
1714	17	14	17-15-14	30	2	60
1715	17	15	17-15	43	1	43
1716	17	16	17-19-20-18-16	81	4	324
1718	17	18	17-19-20-18	167	3	501
1719	17	19	17-19	191	1	191
1720	17	20	17-19-20	10	2	20
180	18	0	18-16-12-11-8-7-1-0	178	7	1246
181	18	1	18-16-12-11-8-7-1	143	6	858
182	18	2	18-16-12-11-8-7-1-2	108	7	756
183	18	3	18-16-12-11-8-7-1-3	114	7	798
184	18	4	18-20-19-17-15-10-5-4	41	7	287
185	18	5	18-20-19-17-15-10-5	77	6	462
186	18	6	18-16-12-11-8-7-6	195	6	1170
187	18	7	18-16-12-11-8-7	180	5	900
188	18	8	18-16-12-11-8	94	4	376
189	18	9	18-16-12-13-14-9	23	5	115
1810	18	10	18-20-19-17-15-10	94	5	470
1811	18	11	18-16-12-11	108	3	324
1812	18	12	18-16-12	162	2	324
1813	18	13	18-16-12-13	97	3	291
1814	18	14	18-16-12-13-14	163	4	652
1815	18	15	18-20-19-17-15	134	4	536
1816	18	16	18-16	199	1	199
1817	18	17	18-20-19-17	6	3	18
1819	18	19	18-20-19	61	2	122
1820	18	20	18-20	175	1	175
190	19	0	19-17-15-10-5-2-0	174	6	1044
191	19	1	19-17-15-10-5-2-1	105	6	630
192	19	2	19-17-15-10-5-2	28	5	140
193	19	3	19-17-15-10-5-4-3	82	6	492
194	19	4	19-17-15-10-5-4	53	5	265
195	19	5	19-17-15-10-5	36	4	144
196	19	6	19-17-15-10-5-6	16	5	80
197	19	7	19-17-15-14-9-7	161	5	805
198	19	8	19-20-18-16-12-11-8	168	6	1008
199	19	9	19-17-15-14-9	73	4	292
1910	19	10	19-17-15-10	68	3	204
1911	19	11	19-20-18-16-12-11	169	5	845
1912	19	12	19-20-18-16-12	157	4	628
1913	19	13	19-17-15-14-13	11	4	44
1914	19	14	19-17-15-14	167	3	501
1915	19	15	19-17-15	121	2	242
1916	19	16	19-20-18-16	183	3	549
1917	19	17	19-17	47	1	47
1918	19	18	19-20-18	94	2	188
1920	19	20	19-20	164	1	164
200	20	0	20-19-17-15-10-5-2-0	144	7	1008
201	20	1	20-19-17-15-10-5-2-1	52	7	364
202	20	2	20-19-17-15-10-5-2	142	6	852
203	20	3	20-19-17-15-10-5-4-3	60	7	420
204	20	4	20-19-17-15-10-5-4	55	6	330
205	20	5	20-19-17-15-10-5	94	5	470
206	20	6	20-19-17-15-10-5-6	51	6	306
207	20	7	20-18-16-12-11-8-7	122	6	732
208	20	8	20-18-16-12-11-8	186	5	930
209	20	9	20-19-17-15-14-9	59	5	295
2010	20	10	20-19-17-15-10	199	4	796
2011	20	11	20-18-16-12-11	33	4	132
2012	20	12	20-18-16-12	34	3	102
2013	20	13	20-18-16-12-13	69	4	276
2014	20	14	20-19-17-15-14	157	4	628
2015	20	15	20-19-17-15	93	3	279
2016	20	16	20-18-16	192	2	384
2017	20	17	20-19-17	104	2	208
2018	20	18	20-18	188	1	188
2019	20	19	20-19	96	1	96
