01	0	1	0-1	53	1	53
01	0	1	0-2-1	53	2	106
01	0	1	0-2-5-4-3-1	53	5	265
01	0	1	0-2-5-6-7-1	53	5	265
02	0	2	0-2	62	1	62
02	0	2	0-1-2	62	2	124
02	0	2	0-1-3-4-5-2	62	5	310
02	0	2	0-1-7-6-5-2	62	5	310
03	0	3	0-1-3	6	2	12
03	0	3	0-2-1-3	6	3	18
03	0	3	0-2-5-4-3	6	4	24
03	0	3	0-1-2-5-4-3	6	5	30
04	0	4	0-1-3-4	50	3	150
04	0	4	0-2-5-4	50	3	150
04	0	4	0-2-1-3-4	50	4	200
04	0	4	0-1-2-5-4	50	4	200
05	0	5	0-2-5	51	2	102
05	0	5	0-1-2-5	51	3	153
05	0	5	0-1-3-4-5	51	4	204
05	0	5	0-1-7-6-5	51	4	204
06	0	6	0-2-5-6	42	3	126
06	0	6	0-1-7-6	42	3	126
06	0	6	0-1-2-5-6	42	4	168
06	0	6	0-2-1-7-6	42	4	168
07	0	7	0-1-7	60	2	120
07	0	7	0-2-1-7	60	3	180
07	0	7	0-2-5-6-7	60	4	240
07	0	7	0-1-2-5-6-7	60	5	300
08	0	8	0-1-7-8	24	3	72
08	0	8	0-2-1-7-8	24	4	96
08	0	8	0-2-5-6-7-8	24	5	120
08	0	8	0-1-2-5-6-7-8	24	6	144
09	0	9	0-1-7-9	1	3	3
09	0	9	0-2-1-7-9	1	4	4
09	0	9	0-2-5-6-7-9	1	5	5
09	0	9	0-2-5-10-15-14-9	1	6	6
010	0	10	0-2-5-10	95	3	285
010	0	10	0-1-2-5-10	95	4	380
010	0	10	0-1-3-4-5-10	95	5	475
010	0	10	0-1-7-6-5-10	95	5	475
011	0	11	0-1-7-8-11	48	4	192
011	0	11	0-2-1-7-8-11	48	5	240
011	0	11	0-2-5-6-7-8-11	48	6	288
011	0	11	0-1-7-9-14-13-12-11	48	7	336
012	0	12	0-1-7-8-11-12	97	5	485
012	0	12	0-2-1-7-8-11-12	97	6	582
012	0	12	0-1-7-9-14-13-12	97	6	582
012	0	12	0-2-5-6-7-8-11-12	97	7	679
013	0	13	0-1-7-9-14-13	80	5	400
013	0	13	0-1-7-8-11-12-13	80	6	480
013	0	13	0-2-1-7-9-14-13	80	6	480
013	0	13	0-2-5-10-15-14-13	80	6	480
014	0	14	0-1-7-9-14	6	4	24
014	0	14	0-2-5-10-15-14	6	5	30
014	0	14	0-2-1-7-9-14	6	5	30
014	0	14	0-1-2-5-10-15-14	6	6	36
015	0	15	0-2-5-10-15	66	4	264
015	0	15	0-1-7-9-14-15	66	5	330
015	0	15	0-1-2-5-10-15	66	5	330
015	0	15	0-2-1-7-9-14-15	66	6	396
016	0	16	0-1-7-8-11-12-16	80	6	480
016	0	16	0-2-1-7-8-11-12-16	80	7	560
016	0	16	0-1-7-9-14-13-12-16	80	7	560
016	0	16	0-2-5-6-7-8-11-12-16	80	8	640
017	0	17	0-2-5-10-15-17	40	5	200
017	0	17	0-1-7-9-14-15-17	40	6	240
017	0	17	0-1-2-5-10-15-17	40	6	240
017	0	17	0-2-1-7-9-14-15-17	40	7	280
018	0	18	0-1-7-8-11-12-16-18	70	7	490
018	0	18	0-2-1-7-8-11-12-16-18	70	8	560
018	0	18	0-2-5-10-15-17-19-20-18	70	8	560
018	0	18	0-1-7-9-14-13-12-16-18	70	8	560
019	0	19	0-2-5-10-15-17-19	57	6	342
019	0	19	0-1-7-9-14-15-17-19	57	7	399
019	0	19	0-1-2-5-10-15-17-19	57	7	399
019	0	19	0-2-1-7-9-14-15-17-19	57	8	456
020	0	20	0-2-5-10-15-17-19-20	66	7	462
020	0	20	0-1-7-8-11-12-16-18-20	66	8	528
020	0	20	0-1-2-5-10-15-17-19-20	66	8	528
020	0	20	0-1-7-9-14-15-17-19-20	66	8	528
10	1	0	1-0	14	1	14
10	1	0	1-2-0	14	2	28
10	1	0	1-3-4-5-2-0	14	5	70
10	1	0	1-7-6-5-2-0	14	5	70
12	1	2	1-2	46	1	46
12	1	2	1-0-2	46	2	92
12	1	2	1-3-4-5-2	46	4	184
12	1	2	1-7-6-5-2	46	4	184
13	1	3	1-3	99	1	99
13	1	3	1-2-5-4-3	99	4	396
13	1	3	1-0-2-5-4-3	99	5	495
13	1	3	1-7-6-5-4-3	99	5	495
14	1	4	1-3-4	21	2	42
14	1	4	1-2-5-4	21	3	63
14	1	4	1-0-2-5-4	21	4	84
14	1	4	1-7-6-5-4	21	4	84
15	1	5	1-2-5	37	2	74
15	1	5	1-0-2-5	37	3	111
15	1	5	1-7-6-5	37	3	111
15	1	5	1-3-4-5	37	3	111
16	1	6	1-7-6	43	2	86
16	1	6	1-2-5-6	43	3	129
16	1	6	1-0-2-5-6	43	4	172
16	1	6	1-3-4-5-6	43	4	172
17	1	7	1-7	44	1	44
17	1	7	1-2-5-6-7	44	4	176
17	1	7	1-0-2-5-6-7	44	5	220
17	1	7	1-3-4-5-6-7	44	5	220
18	1	8	1-7-8	9	2	18
18	1	8	1-2-5-6-7-8	9	5	45
18	1	8	1-0-2-5-6-7-8	9	6	54
18	1	8	1-3-4-5-6-7-8	9	6	54
19	1	9	1-7-9	73	2	146
19	1	9	1-2-5-6-7-9	73	5	365
19	1	9	1-2-5-10-15-14-9	73	6	438
19	1	9	1-3-4-5-6-7-9	73	6	438
110	1	10	1-2-5-10	58	3	174
110	1	10	1-0-2-5-10	58	4	232
110	1	10	1-3-4-5-10	58	4	232
110	1	10	1-7-6-5-10	58	4	232
111	1	11	1-7-8-11	50	3	150
111	1	11	1-7-9-14-13-12-11	50	6	300
111	1	11	1-2-5-6-7-8-11	50	6	300
111	1	11	1-0-2-5-6-7-8-11	50	7	350
112	1	12	1-7-8-11-12	4	4	16
112	1	12	1-7-9-14-13-12	4	5	20
112	1	12	1-2-5-6-7-8-11-12	4	7	28
112	1	12	1-2-5-10-15-14-13-12	4	7	28
113	1	13	1-7-9-14-13	44	4	176
113	1	13	1-7-8-11-12-13	44	5	220
113	1	13	1-2-5-10-15-14-13	44	6	264
113	1	13	1-0-2-5-10-15-14-13	44	7	308
114	1	14	1-7-9-14	56	3	168
114	1	14	1-2-5-10-15-14	56	5	280
114	1	14	1-7-8-11-12-13-14	56	6	336
114	1	14	1-2-5-6-7-9-14	56	6	336
115	1	15	1-7-9-14-15	42	4	168
115	1	15	1-2-5-10-15	42	4	168
115	1	15	1-0-2-5-10-15	42	5	210
115	1	15	1-7-6-5-10-15	42	5	210
116	1	16	1-7-8-11-12-16	36	5	180
116	1	16	1-7-9-14-13-12-16	36	6	216
116	1	16	1-2-5-6-7-8-11-12-16	36	8	288
116	1	16	1-2-5-10-15-14-13-12-16	36	8	288
117	1	17	1-7-9-14-15-17	27	5	135
117	1	17	1-2-5-10-15-17	27	5	135
117	1	17	1-0-2-5-10-15-17	27	6	162
117	1	17	1-7-6-5-10-15-17	27	6	162
118	1	18	1-7-8-11-12-16-18	22	6	132
118	1	18	1-7-9-14-13-12-16-18	22	7	154
118	1	18	1-7-9-14-15-17-19-20-18	22	8	176
118	1	18	1-2-5-10-15-17-19-20-18	22	8	176
119	1	19	1-7-9-14-15-17-19	5	6	30
119	1	19	1-2-5-10-15-17-19	5	6	30
119	1	19	1-0-2-5-10-15-17-19	5	7	35
119	1	19	1-7-6-5-10-15-17-19	5	7	35
120	1	20	1-7-8-11-12-16-18-20	66	7	462
120	1	20	1-2-5-10-15-17-19-20	66	7	462
120	1	20	1-7-9-14-15-17-19-20	66	7	462
120	1	20	1-7-9-14-13-12-16-18-20	66	8	528
20	2	0	2-0	96	1	96
20	2	0	2-1-0	96	2	192
20	2	0	2-5-4-3-1-0	96	5	480
20	2	0	2-5-6-7-1-0	96	5	480
21	2	1	2-1	80	1	80
21	2	1	2-0-1	80	2	160
21	2	1	2-5-4-3-1	80	4	320
21	2	1	2-5-6-7-1	80	4	320
23	2	3	2-1-3	73	2	146
23	2	3	2-0-1-3	73	3	219
23	2	3	2-5-4-3	73	3	219
23	2	3	2-5-6-7-1-3	73	5	365
24	2	4	2-5-4	10	2	20
24	2	4	2-1-3-4	10	3	30
24	2	4	2-0-1-3-4	10	4	40
24	2	4	2-1-7-6-5-4	10	5	50
25	2	5	2-5	6	1	6
25	2	5	2-1-3-4-5	6	4	24
25	2	5	2-1-7-6-5	6	4	24
25	2	5	2-0-1-3-4-5	6	5	30
26	2	6	2-5-6	87	2	174
26	2	6	2-1-7-6	87	3	261
26	2	6	2-0-1-7-6	87	4	348
26	2	6	2-1-3-4-5-6	87	5	435
27	2	7	2-1-7	95	2	190
27	2	7	2-0-1-7	95	3	285
27	2	7	2-5-6-7	95	3	285
27	2	7	2-5-4-3-1-7	95	5	475
28	2	8	2-1-7-8	51	3	153
28	2	8	2-0-1-7-8	51	4	204
28	2	8	2-5-6-7-8	51	4	204
28	2	8	2-5-4-3-1-7-8	51	6	306
29	2	9	2-1-7-9	38	3	114
29	2	9	2-0-1-7-9	38	4	152
29	2	9	2-5-6-7-9	38	4	152
29	2	9	2-5-10-15-14-9	38	5	190
210	2	10	2-5-10	68	2	136
210	2	10	2-1-3-4-5-10	68	5	340
210	2	10	2-1-7-6-5-10	68	5	340
210	2	10	2-1-7-9-14-15-10	68	6	408
211	2	11	2-1-7-8-11	27	4	108
211	2	11	2-0-1-7-8-11	27	5	135
211	2	11	2-5-6-7-8-11	27	5	135
211	2	11	2-5-10-15-14-13-12-11	27	7	189
212	2	12	2-1-7-8-11-12	61	5	305
212	2	12	2-0-1-7-8-11-12	61	6	366
212	2	12	2-1-7-9-14-13-12	61	6	366
212	2	12	2-5-10-15-14-13-12	61	6	366
213	2	13	2-5-10-15-14-13	5	5	25
213	2	13	2-1-7-9-14-13	5	5	25
213	2	13	2-1-7-8-11-12-13	5	6	30
213	2	13	2-5-6-7-9-14-13	5	6	30
214	2	14	2-5-10-15-14	49	4	196
214	2	14	2-1-7-9-14	49	4	196
214	2	14	2-0-1-7-9-14	49	5	245
214	2	14	2-5-6-7-9-14	49	5	245
215	2	15	2-5-10-15	31	3	93
215	2	15	2-1-7-9-14-15	31	5	155
215	2	15	2-0-1-7-9-14-15	31	6	186
215	2	15	2-1-7-6-5-10-15	31	6	186
216	2	16	2-1-7-8-11-12-16	28	6	168
216	2	16	2-0-1-7-8-11-12-16	28	7	196
216	2	16	2-5-10-15-14-13-12-16	28	7	196
216	2	16	2-1-7-9-14-13-12-16	28	7	196
217	2	17	2-5-10-15-17	16	4	64
217	2	17	2-1-7-9-14-15-17	16	6	96
217	2	17	2-0-1-7-9-14-15-17	16	7	112
217	2	17	2-1-7-6-5-10-15-17	16	7	112
218	2	18	2-1-7-8-11-12-16-18	83	7	581
218	2	18	2-5-10-15-17-19-20-18	83	7	581
218	2	18	2-0-1-7-8-11-12-16-18	83	8	664
218	2	18	2-1-7-9-14-13-12-16-18	83	8	664
219	2	19	2-5-10-15-17-19	5	5	25
219	2	19	2-1-7-9-14-15-17-19	5	7	35
219	2	19	2-0-1-7-9-14-15-17-19	5	8	40
219	2	19	2-1-7-6-5-10-15-17-19	5	8	40
220	2	20	2-5-10-15-17-19-20	50	6	300
220	2	20	2-1-7-8-11-12-16-18-20	50	8	400
220	2	20	2-1-7-9-14-15-17-19-20	50	8	400
220	2	20	2-0-1-7-8-11-12-16-18-20	50	9	450
30	3	0	3-1-0	51	2	102
30	3	0	3-1-2-0	51	3	153
30	3	0	3-4-5-2-0	51	4	204
30	3	0	3-4-5-2-1-0	51	5	255
31	3	1	3-1	32	1	32
31	3	1	3-4-5-2-1	32	4	128
31	3	1	3-4-5-2-0-1	32	5	160
31	3	1	3-4-5-6-7-1	32	5	160
32	3	2	3-1-2	50	2	100
32	3	2	3-1-0-2	50	3	150
32	3	2	3-4-5-2	50	3	150
32	3	2	3-1-7-6-5-2	50	5	250
34	3	4	3-4	49	1	49
34	3	4	3-1-2-5-4	49	4	196
34	3	4	3-1-0-2-5-4	49	5	245
34	3	4	3-1-7-6-5-4	49	5	245
35	3	5	3-4-5	92	2	184
35	3	5	3-1-2-5	92	3	276
35	3	5	3-1-0-2-5	92	4	368
35	3	5	3-1-7-6-5	92	4	368
36	3	6	3-4-5-6	87	3	261
36	3	6	3-1-7-6	87	3	261
36	3	6	3-1-2-5-6	87	4	348
36	3	6	3-1-0-2-5-6	87	5	435
37	3	7	3-1-7	34	2	68
37	3	7	3-4-5-6-7	34	4	136
37	3	7	3-4-5-2-1-7	34	5	170
37	3	7	3-1-2-5-6-7	34	5	170
38	3	8	3-1-7-8	37	3	111
38	3	8	3-4-5-6-7-8	37	5	185
38	3	8	3-4-5-2-1-7-8	37	6	222
38	3	8	3-1-2-5-6-7-8	37	6	222
39	3	9	3-1-7-9	83	3	249
39	3	9	3-4-5-6-7-9	83	5	415
39	3	9	3-4-5-10-15-14-9	83	6	498
39	3	9	3-1-2-5-6-7-9	83	6	498
310	3	10	3-4-5-10	62	3	186
310	3	10	3-1-2-5-10	62	4	248
310	3	10	3-1-0-2-5-10	62	5	310
310	3	10	3-1-7-6-5-10	62	5	310
311	3	11	3-1-7-8-11	81	4	324
311	3	11	3-4-5-6-7-8-11	81	6	486
311	3	11	3-1-7-9-14-13-12-11	81	7	567
311	3	11	3-1-2-5-6-7-8-11	81	7	567
312	3	12	3-1-7-8-11-12	68	5	340
312	3	12	3-1-7-9-14-13-12	68	6	408
312	3	12	3-4-5-6-7-8-11-12	68	7	476
312	3	12	3-4-5-10-15-14-13-12	68	7	476
313	3	13	3-1-7-9-14-13	16	5	80
313	3	13	3-1-7-8-11-12-13	16	6	96
313	3	13	3-4-5-10-15-14-13	16	6	96
313	3	13	3-1-2-5-10-15-14-13	16	7	112
314	3	14	3-1-7-9-14	3	4	12
314	3	14	3-4-5-10-15-14	3	5	15
314	3	14	3-1-2-5-10-15-14	3	6	18
314	3	14	3-4-5-6-7-9-14	3	6	18
315	3	15	3-4-5-10-15	14	4	56
315	3	15	3-1-7-9-14-15	14	5	70
315	3	15	3-1-2-5-10-15	14	5	70
315	3	15	3-1-0-2-5-10-15	14	6	84
316	3	16	3-1-7-8-11-12-16	14	6	84
316	3	16	3-1-7-9-14-13-12-16	14	7	98
316	3	16	3-4-5-6-7-8-11-12-16	14	8	112
316	3	16	3-4-5-10-15-14-13-12-16	14	8	112
317	3	17	3-4-5-10-15-17	55	5	275
317	3	17	3-1-7-9-14-15-17	55	6	330
317	3	17	3-1-2-5-10-15-17	55	6	330
317	3	17	3-1-0-2-5-10-15-17	55	7	385
318	3	18	3-1-7-8-11-12-16-18	21	7	147
318	3	18	3-1-7-9-14-13-12-16-18	21	8	168
318	3	18	3-4-5-10-15-17-19-20-18	21	8	168
318	3	18	3-4-5-6-7-8-11-12-16-18	21	9	189
319	3	19	3-4-5-10-15-17-19	16	6	96
319	3	19	3-1-7-9-14-15-17-19	16	7	112
319	3	19	3-1-2-5-10-15-17-19	16	7	112
319	3	19	3-1-0-2-5-10-15-17-19	16	8	128
320	3	20	3-4-5-10-15-17-19-20	49	7	343
320	3	20	3-1-7-8-11-12-16-18-20	49	8	392
320	3	20	3-1-2-5-10-15-17-19-20	49	8	392
320	3	20	3-1-7-9-14-15-17-19-20	49	8	392
40	4	0	4-3-1-0	8	3	24
40	4	0	4-5-2-0	8	3	24
40	4	0	4-5-2-1-0	8	4	32
40	4	0	4-3-1-2-0	8	4	32
41	4	1	4-3-1	31	2	62
41	4	1	4-5-2-1	31	3	93
41	4	1	4-5-2-0-1	31	4	124
41	4	1	4-5-6-7-1	31	4	124
42	4	2	4-5-2	80	2	160
42	4	2	4-3-1-2	80	3	240
42	4	2	4-3-1-0-2	80	4	320
42	4	2	4-5-6-7-1-2	80	5	400
43	4	3	4-3	58	1	58
43	4	3	4-5-2-1-3	58	4	232
43	4	3	4-5-2-0-1-3	58	5	290
43	4	3	4-5-6-7-1-3	58	5	290
45	4	5	4-5	80	1	80
45	4	5	4-3-1-2-5	80	4	320
45	4	5	4-3-1-0-2-5	80	5	400
45	4	5	4-3-1-7-6-5	80	5	400
46	4	6	4-5-6	48	2	96
46	4	6	4-3-1-7-6	48	4	192
46	4	6	4-3-1-2-5-6	48	5	240
46	4	6	4-5-2-1-7-6	48	5	240
47	4	7	4-3-1-7	62	3	186
47	4	7	4-5-6-7	62	3	186
47	4	7	4-5-2-1-7	62	4	248
47	4	7	4-5-2-0-1-7	62	5	310
48	4	8	4-3-1-7-8	99	4	396
48	4	8	4-5-6-7-8	99	4	396
48	4	8	4-5-2-1-7-8	99	5	495
48	4	8	4-5-2-0-1-7-8	99	6	594
49	4	9	4-3-1-7-9	62	4	248
49	4	9	4-5-6-7-9	62	4	248
49	4	9	4-5-10-15-14-9	62	5	310
49	4	9	4-5-2-1-7-9	62	5	310
410	4	10	4-5-10	49	2	98
410	4	10	4-3-1-2-5-10	49	5	245
410	4	10	4-3-1-0-2-5-10	49	6	294
410	4	10	4-3-1-7-6-5-10	49	6	294
411	4	11	4-3-1-7-8-11	20	5	100
411	4	11	4-5-6-7-8-11	20	5	100
411	4	11	4-5-2-1-7-8-11	20	6	120
411	4	11	4-5-10-15-14-13-12-11	20	7	140
412	4	12	4-3-1-7-8-11-12	44	6	264
412	4	12	4-5-10-15-14-13-12	44	6	264
412	4	12	4-5-6-7-8-11-12	44	6	264
412	4	12	4-5-2-1-7-8-11-12	44	7	308
413	4	13	4-5-10-15-14-13	76	5	380
413	4	13	4-3-1-7-9-14-13	76	6	456
413	4	13	4-5-6-7-9-14-13	76	6	456
413	4	13	4-3-1-7-8-11-12-13	76	7	532
414	4	14	4-5-10-15-14	3	4	12
414	4	14	4-3-1-7-9-14	3	5	15
414	4	14	4-5-6-7-9-14	3	5	15
414	4	14	4-5-2-1-7-9-14	3	6	18
415	4	15	4-5-10-15	30	3	90
415	4	15	4-3-1-7-9-14-15	30	6	180
415	4	15	4-3-1-2-5-10-15	30	6	180
415	4	15	4-5-6-7-9-14-15	30	6	180
416	4	16	4-3-1-7-8-11-12-16	77	7	539
416	4	16	4-5-10-15-14-13-12-16	77	7	539
416	4	16	4-5-6-7-8-11-12-16	77	7	539
416	4	16	4-5-2-1-7-8-11-12-16	77	8	616
417	4	17	4-5-10-15-17	98	4	392
417	4	17	4-3-1-7-9-14-15-17	98	7	686
417	4	17	4-5-6-7-9-14-15-17	98	7	686
417	4	17	4-3-1-2-5-10-15-17	98	7	686
418	4	18	4-5-10-15-17-19-20-18	90	7	630
418	4	18	4-3-1-7-8-11-12-16-18	90	8	720
418	4	18	4-5-6-7-8-11-12-16-18	90	8	720
418	4	18	4-5-10-15-14-13-12-16-18	90	8	720
419	4	19	4-5-10-15-17-19	36	5	180
419	4	19	4-3-1-7-9-14-15-17-19	36	8	288
419	4	19	4-3-1-2-5-10-15-17-19	36	8	288
419	4	19	4-5-6-7-9-14-15-17-19	36	8	288
420	4	20	4-5-10-15-17-19-20	27	6	162
420	4	20	4-3-1-7-8-11-12-16-18-20	27	9	243
420	4	20	4-5-6-7-9-14-15-17-19-20	27	9	243
420	4	20	4-3-1-2-5-10-15-17-19-20	27	9	243
50	5	0	5-2-0	8	2	16
50	5	0	5-2-1-0	8	3	24
50	5	0	5-4-3-1-0	8	4	32
50	5	0	5-6-7-1-0	8	4	32
51	5	1	5-2-1	42	2	84
51	5	1	5-2-0-1	42	3	126
51	5	1	5-6-7-1	42	3	126
51	5	1	5-4-3-1	42	3	126
52	5	2	5-2	48	1	48
52	5	2	5-4-3-1-2	48	4	192
52	5	2	5-6-7-1-2	48	4	192
52	5	2	5-4-3-1-0-2	48	5	240
53	5	3	5-4-3	18	2	36
53	5	3	5-2-1-3	18	3	54
53	5	3	5-2-0-1-3	18	4	72
53	5	3	5-6-7-1-3	18	4	72
54	5	4	5-4	19	1	19
54	5	4	5-2-1-3-4	19	4	76
54	5	4	5-2-0-1-3-4	19	5	95
54	5	4	5-6-7-1-3-4	19	5	95
56	5	6	5-6	34	1	34
56	5	6	5-2-1-7-6	34	4	136
56	5	6	5-2-0-1-7-6	34	5	170
56	5	6	5-4-3-1-7-6	34	5	170
57	5	7	5-6-7	65	2	130
57	5	7	5-2-1-7	65	3	195
57	5	7	5-2-0-1-7	65	4	260
57	5	7	5-4-3-1-7	65	4	260
58	5	8	5-6-7-8	9	3	27
58	5	8	5-2-1-7-8	9	4	36
58	5	8	5-2-0-1-7-8	9	5	45
58	5	8	5-4-3-1-7-8	9	5	45
59	5	9	5-6-7-9	42	3	126
59	5	9	5-10-15-14-9	42	4	168
59	5	9	5-2-1-7-9	42	4	168
59	5	9	5-2-0-1-7-9	42	5	210
510	5	10	5-10	81	1	81
510	5	10	5-6-7-9-14-15-10	81	6	486
510	5	10	5-2-1-7-9-14-15-10	81	7	567
510	5	10	5-2-0-1-7-9-14-15-10	81	8	648
511	5	11	5-6-7-8-11	72	4	288
511	5	11	5-2-1-7-8-11	72	5	360
511	5	11	5-10-15-14-13-12-11	72	6	432
511	5	11	5-4-3-1-7-8-11	72	6	432
512	5	12	5-6-7-8-11-12	78	5	390
512	5	12	5-10-15-14-13-12	78	5	390
512	5	12	5-2-1-7-8-11-12	78	6	468
512	5	12	5-6-7-9-14-13-12	78	6	468
513	5	13	5-10-15-14-13	34	4	136
513	5	13	5-6-7-9-14-13	34	5	170
513	5	13	5-6-7-8-11-12-13	34	6	204
513	5	13	5-2-1-7-9-14-13	34	6	204
514	5	14	5-10-15-14	4	3	12
514	5	14	5-6-7-9-14	4	4	16
514	5	14	5-2-1-7-9-14	4	5	20
514	5	14	5-2-0-1-7-9-14	4	6	24
515	5	15	5-10-15	94	2	188
515	5	15	5-6-7-9-14-15	94	5	470
515	5	15	5-2-1-7-9-14-15	94	6	564
515	5	15	5-2-0-1-7-9-14-15	94	7	658
516	5	16	5-6-7-8-11-12-16	62	6	372
516	5	16	5-10-15-14-13-12-16	62	6	372
516	5	16	5-2-1-7-8-11-12-16	62	7	434
516	5	16	5-10-15-17-19-20-18-16	62	7	434
517	5	17	5-10-15-17	81	3	243
517	5	17	5-6-7-9-14-15-17	81	6	486
517	5	17	5-2-1-7-9-14-15-17	81	7	567
517	5	17	5-2-0-1-7-9-14-15-17	81	8	648
518	5	18	5-10-15-17-19-20-18	7	6	42
518	5	18	5-6-7-8-11-12-16-18	7	7	49
518	5	18	5-10-15-14-13-12-16-18	7	7	49
518	5	18	5-2-1-7-8-11-12-16-18	7	8	56
519	5	19	5-10-15-17-19	85	4	340
519	5	19	5-6-7-9-14-15-17-19	85	7	595
519	5	19	5-2-1-7-9-14-15-17-19	85	8	680
519	5	19	5-2-0-1-7-9-14-15-17-19	85	9	765
520	5	20	5-10-15-17-19-20	1	5	5
520	5	20	5-6-7-8-11-12-16-18-20	1	8	8
520	5	20	5-6-7-9-14-15-17-19-20	1	8	8
520	5	20	5-10-15-14-13-12-16-18-20	1	8	8
60	6	0	6-7-1-0	79	3	237
60	6	0	6-5-2-0	79	3	237
60	6	0	6-5-2-1-0	79	4	316
60	6	0	6-7-1-2-0	79	4	316
61	6	1	6-7-1	91	2	182
61	6	1	6-5-2-1	91	3	273
61	6	1	6-5-2-0-1	91	4	364
61	6	1	6-5-4-3-1	91	4	364
62	6	2	6-5-2	69	2	138
62	6	2	6-7-1-2	69	3	207
62	6	2	6-7-1-0-2	69	4	276
62	6	2	6-5-4-3-1-2	69	5	345
63	6	3	6-7-1-3	12	3	36
63	6	3	6-5-4-3	12	3	36
63	6	3	6-5-2-1-3	12	4	48
63	6	3	6-5-2-0-1-3	12	5	60
64	6	4	6-5-4	19	2	38
64	6	4	6-7-1-3-4	19	4	76
64	6	4	6-5-2-1-3-4	19	5	95
64	6	4	6-7-1-2-5-4	19	5	95
65	6	5	6-5	2	1	2
65	6	5	6-7-1-2-5	2	4	8
65	6	5	6-7-1-0-2-5	2	5	10
65	6	5	6-7-1-3-4-5	2	5	10
67	6	7	6-7	12	1	12
67	6	7	6-5-2-1-7	12	4	48
67	6	7	6-5-2-0-1-7	12	5	60
67	6	7	6-5-4-3-1-7	12	5	60
68	6	8	6-7-8	49	2	98
68	6	8	6-5-2-1-7-8	49	5	245
68	6	8	6-5-2-0-1-7-8	49	6	294
68	6	8	6-5-4-3-1-7-8	49	6	294
69	6	9	6-7-9	22	2	44
69	6	9	6-5-10-15-14-9	22	5	110
69	6	9	6-5-2-1-7-9	22	5	110
69	6	9	6-5-2-0-1-7-9	22	6	132
610	6	10	6-5-10	33	2	66
610	6	10	6-7-9-14-15-10	33	5	165
610	6	10	6-7-1-2-5-10	33	5	165
610	6	10	6-7-1-0-2-5-10	33	6	198
611	6	11	6-7-8-11	62	3	186
611	6	11	6-7-9-14-13-12-11	62	6	372
611	6	11	6-5-2-1-7-8-11	62	6	372
611	6	11	6-5-10-15-14-13-12-11	62	7	434
612	6	12	6-7-8-11-12	22	4	88
612	6	12	6-7-9-14-13-12	22	5	110
612	6	12	6-5-10-15-14-13-12	22	6	132
612	6	12	6-5-2-1-7-8-11-12	22	7	154
613	6	13	6-7-9-14-13	50	4	200
613	6	13	6-7-8-11-12-13	50	5	250
613	6	13	6-5-10-15-14-13	50	5	250
613	6	13	6-5-2-1-7-9-14-13	50	7	350
614	6	14	6-7-9-14	54	3	162
614	6	14	6-5-10-15-14	54	4	216
614	6	14	6-7-8-11-12-13-14	54	6	324
614	6	14	6-5-2-1-7-9-14	54	6	324
615	6	15	6-5-10-15	52	3	156
615	6	15	6-7-9-14-15	52	4	208
615	6	15	6-7-1-2-5-10-15	52	6	312
615	6	15	6-7-8-11-12-13-14-15	52	7	364
616	6	16	6-7-8-11-12-16	98	5	490
616	6	16	6-7-9-14-13-12-16	98	6	588
616	6	16	6-5-10-15-14-13-12-16	98	7	686
616	6	16	6-5-2-1-7-8-11-12-16	98	8	784
617	6	17	6-5-10-15-17	25	4	100
617	6	17	6-7-9-14-15-17	25	5	125
617	6	17	6-7-1-2-5-10-15-17	25	7	175
617	6	17	6-7-8-11-12-13-14-15-17	25	8	200
618	6	18	6-7-8-11-12-16-18	86	6	516
618	6	18	6-7-9-14-13-12-16-18	86	7	602
618	6	18	6-5-10-15-17-19-20-18	86	7	602
618	6	18	6-5-10-15-14-13-12-16-18	86	8	688
619	6	19	6-5-10-15-17-19	16	5	80
619	6	19	6-7-9-14-15-17-19	16	6	96
619	6	19	6-7-1-2-5-10-15-17-19	16	8	128
619	6	19	6-7-8-11-12-16-18-20-19	16	8	128
620	6	20	6-5-10-15-17-19-20	14	6	84
620	6	20	6-7-8-11-12-16-18-20	14	7	98
620	6	20	6-7-9-14-15-17-19-20	14	7	98
620	6	20	6-7-9-14-13-12-16-18-20	14	8	112
70	7	0	7-1-0	40	2	80
70	7	0	7-1-2-0	40	3	120
70	7	0	7-6-5-2-0	40	4	160
70	7	0	7-6-5-2-1-0	40	5	200
71	7	1	7-1	67	1	67
71	7	1	7-6-5-2-1	67	4	268
71	7	1	7-6-5-2-0-1	67	5	335
71	7	1	7-6-5-4-3-1	67	5	335
72	7	2	7-1-2	77	2	154
72	7	2	7-1-0-2	77	3	231
72	7	2	7-6-5-2	77	3	231
72	7	2	7-1-3-4-5-2	77	5	385
73	7	3	7-1-3	36	2	72
73	7	3	7-6-5-4-3	36	4	144
73	7	3	7-6-5-2-1-3	36	5	180
73	7	3	7-1-2-5-4-3	36	5	180
74	7	4	7-1-3-4	67	3	201
74	7	4	7-6-5-4	67	3	201
74	7	4	7-1-2-5-4	67	4	268
74	7	4	7-1-0-2-5-4	67	5	335
75	7	5	7-6-5	60	2	120
75	7	5	7-1-2-5	60	3	180
75	7	5	7-1-0-2-5	60	4	240
75	7	5	7-1-3-4-5	60	4	240
76	7	6	7-6	23	1	23
76	7	6	7-1-2-5-6	23	4	92
76	7	6	7-1-0-2-5-6	23	5	115
76	7	6	7-1-3-4-5-6	23	5	115
78	7	8	7-8	18	1	18
78	7	8	7-9-14-13-12-11-8	18	6	108
78	7	8	7-6-5-10-15-14-13-12-11-8	18	9	162
78	7	8	7-1-2-5-10-15-14-13-12-11-8	18	10	180
79	7	9	7-9	56	1	56
79	7	9	7-8-11-12-13-14-9	56	6	336
79	7	9	7-6-5-10-15-14-9	56	6	336
79	7	9	7-1-2-5-10-15-14-9	56	7	392
710	7	10	7-6-5-10	58	3	174
710	7	10	7-9-14-15-10	58	4	232
710	7	10	7-1-2-5-10	58	4	232
710	7	10	7-1-0-2-5-10	58	5	290
711	7	11	7-8-11	16	2	32
711	7	11	7-9-14-13-12-11	16	5	80
711	7	11	7-6-5-10-15-14-13-12-11	16	8	128
711	7	11	7-1-2-5-10-15-14-13-12-11	16	9	144
712	7	12	7-8-11-12	24	3	72
712	7	12	7-9-14-13-12	24	4	96
712	7	12	7-6-5-10-15-14-13-12	24	7	168
712	7	12	7-1-2-5-10-15-14-13-12	24	8	192
713	7	13	7-9-14-13	81	3	243
713	7	13	7-8-11-12-13	81	4	324
713	7	13	7-6-5-10-15-14-13	81	6	486
713	7	13	7-1-2-5-10-15-14-13	81	7	567
714	7	14	7-9-14	37	2	74
714	7	14	7-8-11-12-13-14	37	5	185
714	7	14	7-6-5-10-15-14	37	5	185
714	7	14	7-1-2-5-10-15-14	37	6	222
715	7	15	7-9-14-15	73	3	219
715	7	15	7-6-5-10-15	73	4	292
715	7	15	7-1-2-5-10-15	73	5	365
715	7	15	7-8-11-12-13-14-15	73	6	438
716	7	16	7-8-11-12-16	37	4	148
716	7	16	7-9-14-13-12-16	37	5	185
716	7	16	7-6-5-10-15-14-13-12-16	37	8	296
716	7	16	7-9-14-15-17-19-20-18-16	37	8	296
717	7	17	7-9-14-15-17	85	4	340
717	7	17	7-6-5-10-15-17	85	5	425
717	7	17	7-1-2-5-10-15-17	85	6	510
717	7	17	7-8-11-12-13-14-15-17	85	7	595
718	7	18	7-8-11-12-16-18	12	5	60
718	7	18	7-9-14-13-12-16-18	12	6	72
718	7	18	7-9-14-15-17-19-20-18	12	7	84
718	7	18	7-6-5-10-15-17-19-20-18	12	8	96
719	7	19	7-9-14-15-17-19	66	5	330
719	7	19	7-6-5-10-15-17-19	66	6	396
719	7	19	7-1-2-5-10-15-17-19	66	7	462
719	7	19	7-8-11-12-16-18-20-19	66	7	462
720	7	20	7-8-11-12-16-18-20	22	6	132
720	7	20	7-9-14-15-17-19-20	22	6	132
720	7	20	7-9-14-13-12-16-18-20	22	7	154
720	7	20	7-6-5-10-15-17-19-20	22	7	154
80	8	0	8-7-1-0	68	3	204
80	8	0	8-7-1-2-0	68	4	272
80	8	0	8-7-6-5-2-0	68	5	340
80	8	0	8-7-6-5-2-1-0	68	6	408
81	8	1	8-7-1	64	2	128
81	8	1	8-7-6-5-2-1	64	5	320
81	8	1	8-7-6-5-2-0-1	64	6	384
81	8	1	8-7-6-5-4-3-1	64	6	384
82	8	2	8-7-1-2	29	3	87
82	8	2	8-7-1-0-2	29	4	116
82	8	2	8-7-6-5-2	29	4	116
82	8	2	8-7-1-3-4-5-2	29	6	174
83	8	3	8-7-1-3	47	3	141
83	8	3	8-7-6-5-4-3	47	5	235
83	8	3	8-7-6-5-2-1-3	47	6	282
83	8	3	8-7-1-2-5-4-3	47	6	282
84	8	4	8-7-1-3-4	56	4	224
84	8	4	8-7-6-5-4	56	4	224
84	8	4	8-7-1-2-5-4	56	5	280
84	8	4	8-7-1-0-2-5-4	56	6	336
85	8	5	8-7-6-5	86	3	258
85	8	5	8-7-1-2-5	86	4	344
85	8	5	8-7-1-0-2-5	86	5	430
85	8	5	8-7-1-3-4-5	86	5	430
86	8	6	8-7-6	86	2	172
86	8	6	8-7-1-2-5-6	86	5	430
86	8	6	8-7-1-0-2-5-6	86	6	516
86	8	6	8-7-1-3-4-5-6	86	6	516
87	8	7	8-7	49	1	49
87	8	7	8-11-12-13-14-9-7	49	6	294
87	8	7	8-11-12-13-14-15-10-5-6-7	49	9	441
87	8	7	8-11-12-13-14-15-10-5-2-1-7	49	10	490
89	8	9	8-7-9	93	2	186
89	8	9	8-11-12-13-14-9	93	5	465
89	8	9	8-7-6-5-10-15-14-9	93	7	651
89	8	9	8-7-1-2-5-10-15-14-9	93	8	744
810	8	10	8-7-6-5-10	66	4	264
810	8	10	8-7-9-14-15-10	66	5	330
810	8	10	8-7-1-2-5-10	66	5	330
810	8	10	8-11-12-13-14-15-10	66	6	396
811	8	11	8-11	46	1	46
811	8	11	8-7-9-14-13-12-11	46	6	276
811	8	11	8-7-6-5-10-15-14-13-12-11	46	9	414
811	8	11	8-7-1-2-5-10-15-14-13-12-11	46	10	460
812	8	12	8-11-12	20	2	40
812	8	12	8-7-9-14-13-12	20	5	100
812	8	12	8-7-6-5-10-15-14-13-12	20	8	160
812	8	12	8-7-1-2-5-10-15-14-13-12	20	9	180
813	8	13	8-11-12-13	47	3	141
813	8	13	8-7-9-14-13	47	4	188
813	8	13	8-7-6-5-10-15-14-13	47	7	329
813	8	13	8-7-1-2-5-10-15-14-13	47	8	376
814	8	14	8-7-9-14	45	3	135
814	8	14	8-11-12-13-14	45	4	180
814	8	14	8-7-6-5-10-15-14	45	6	270
814	8	14	8-7-1-2-5-10-15-14	45	7	315
815	8	15	8-7-9-14-15	74	4	296
815	8	15	8-11-12-13-14-15	74	5	370
815	8	15	8-7-6-5-10-15	74	5	370
815	8	15	8-7-1-2-5-10-15	74	6	444
816	8	16	8-11-12-16	9	3	27
816	8	16	8-7-9-14-13-12-16	9	6	54
816	8	16	8-7-6-5-10-15-14-13-12-16	9	9	81
816	8	16	8-7-9-14-15-17-19-20-18-16	9	9	81
817	8	17	8-7-9-14-15-17	68	5	340
817	8	17	8-11-12-13-14-15-17	68	6	408
817	8	17	8-7-6-5-10-15-17	68	6	408
817	8	17	8-7-1-2-5-10-15-17	68	7	476
818	8	18	8-11-12-16-18	18	4	72
818	8	18	8-7-9-14-13-12-16-18	18	7	126
818	8	18	8-7-9-14-15-17-19-20-18	18	8	144
818	8	18	8-11-12-13-14-15-17-19-20-18	18	9	162
819	8	19	8-7-9-14-15-17-19	81	6	486
819	8	19	8-11-12-16-18-20-19	81	6	486
819	8	19	8-11-12-13-14-15-17-19	81	7	567
819	8	19	8-7-6-5-10-15-17-19	81	7	567
820	8	20	8-11-12-16-18-20	4	5	20
820	8	20	8-7-9-14-15-17-19-20	4	7	28
820	8	20	8-7-9-14-13-12-16-18-20	4	8	32
820	8	20	8-7-6-5-10-15-17-19-20	4	8	32
90	9	0	9-7-1-0	88	3	264
90	9	0	9-7-1-2-0	88	4	352
90	9	0	9-7-6-5-2-0	88	5	440
90	9	0	9-7-6-5-2-1-0	88	6	528
91	9	1	9-7-1	67	2	134
91	9	1	9-7-6-5-2-1	67	5	335
91	9	1	9-7-6-5-2-0-1	67	6	402
91	9	1	9-7-6-5-4-3-1	67	6	402
92	9	2	9-7-1-2	34	3	102
92	9	2	9-7-1-0-2	34	4	136
92	9	2	9-7-6-5-2	34	4	136
92	9	2	9-14-15-10-5-2	34	5	170
93	9	3	9-7-1-3	6	3	18
93	9	3	9-7-6-5-4-3	6	5	30
93	9	3	9-7-6-5-2-1-3	6	6	36
93	9	3	9-14-15-10-5-4-3	6	6	36
94	9	4	9-7-1-3-4	11	4	44
94	9	4	9-7-6-5-4	11	4	44
94	9	4	9-7-1-2-5-4	11	5	55
94	9	4	9-14-15-10-5-4	11	5	55
95	9	5	9-7-6-5	85	3	255
95	9	5	9-7-1-2-5	85	4	340
95	9	5	9-14-15-10-5	85	4	340
95	9	5	9-7-1-0-2-5	85	5	425
96	9	6	9-7-6	33	2	66
96	9	6	9-7-1-2-5-6	33	5	165
96	9	6	9-14-15-10-5-6	33	5	165
96	9	6	9-7-1-0-2-5-6	33	6	198
97	9	7	9-7	3	1	3
97	9	7	9-14-15-10-5-6-7	3	6	18
97	9	7	9-14-13-12-11-8-7	3	6	18
97	9	7	9-14-15-10-5-2-1-7	3	7	21
98	9	8	9-7-8	91	2	182
98	9	8	9-14-13-12-11-8	91	5	455
98	9	8	9-14-15-10-5-6-7-8	91	7	637
98	9	8	9-14-15-10-5-2-1-7-8	91	8	728
910	9	10	9-14-15-10	73	3	219
910	9	10	9-7-6-5-10	73	4	292
910	9	10	9-7-1-2-5-10	73	5	365
910	9	10	9-7-1-0-2-5-10	73	6	438
911	9	11	9-7-8-11	71	3	213
911	9	11	9-14-13-12-11	71	4	284
911	9	11	9-14-15-10-5-6-7-8-11	71	8	568
911	9	11	9-7-6-5-10-15-14-13-12-11	71	9	639
912	9	12	9-14-13-12	67	3	201
912	9	12	9-7-8-11-12	67	4	268
912	9	12	9-7-6-5-10-15-14-13-12	67	8	536
912	9	12	9-14-15-17-19-20-18-16-12	67	8	536
913	9	13	9-14-13	57	2	114
913	9	13	9-7-8-11-12-13	57	5	285
913	9	13	9-7-6-5-10-15-14-13	57	7	399
913	9	13	9-7-1-2-5-10-15-14-13	57	8	456
914	9	14	9-14	28	1	28
914	9	14	9-7-8-11-12-13-14	28	6	168
914	9	14	9-7-6-5-10-15-14	28	6	168
914	9	14	9-7-1-2-5-10-15-14	28	7	196
915	9	15	9-14-15	96	2	192
915	9	15	9-7-6-5-10-15	96	5	480
915	9	15	9-7-1-2-5-10-15	96	6	576
915	9	15	9-7-8-11-12-13-14-15	96	7	672
916	9	16	9-14-13-12-16	91	4	364
916	9	16	9-7-8-11-12-16	91	5	455
916	9	16	9-14-15-17-19-20-18-16	91	7	637
916	9	16	9-7-6-5-10-15-14-13-12-16	91	9	819
917	9	17	9-14-15-17	7	3	21
917	9	17	9-7-6-5-10-15-17	7	6	42
917	9	17	9-7-1-2-5-10-15-17	7	7	49
917	9	17	9-7-8-11-12-13-14-15-17	7	8	56
918	9	18	9-14-13-12-16-18	65	5	325
918	9	18	9-7-8-11-12-16-18	65	6	390
918	9	18	9-14-15-17-19-20-18	65	6	390
918	9	18	9-7-6-5-10-15-17-19-20-18	65	9	585
919	9	19	9-14-15-17-19	42	4	168
919	9	19	9-7-6-5-10-15-17-19	42	7	294
919	9	19	9-14-13-12-16-18-20-19	42	7	294
919	9	19	9-7-1-2-5-10-15-17-19	42	8	336
920	9	20	9-14-15-17-19-20	37	5	185
920	9	20	9-14-13-12-16-18-20	37	6	222
920	9	20	9-7-8-11-12-16-18-20	37	7	259
920	9	20	9-7-6-5-10-15-17-19-20	37	8	296
100	10	0	10-5-2-0	34	3	102
100	10	0	10-5-2-1-0	34	4	136
100	10	0	10-5-4-3-1-0	34	5	170
100	10	0	10-5-6-7-1-0	34	5	170
101	10	1	10-5-2-1	47	3	141
101	10	1	10-5-2-0-1	47	4	188
101	10	1	10-5-6-7-1	47	4	188
101	10	1	10-5-4-3-1	47	4	188
102	10	2	10-5-2	65	2	130
102	10	2	10-5-4-3-1-2	65	5	325
102	10	2	10-5-6-7-1-2	65	5	325
102	10	2	10-5-4-3-1-0-2	65	6	390
103	10	3	10-5-4-3	13	3	39
103	10	3	10-5-2-1-3	13	4	52
103	10	3	10-5-2-0-1-3	13	5	65
103	10	3	10-5-6-7-1-3	13	5	65
104	10	4	10-5-4	65	2	130
104	10	4	10-5-2-1-3-4	65	5	325
104	10	4	10-5-2-0-1-3-4	65	6	390
104	10	4	10-5-6-7-1-3-4	65	6	390
105	10	5	10-5	3	1	3
105	10	5	10-15-14-9-7-6-5	3	6	18
105	10	5	10-15-14-9-7-1-2-5	3	7	21
105	10	5	10-15-14-9-7-1-0-2-5	3	8	24
106	10	6	10-5-6	97	2	194
106	10	6	10-5-2-1-7-6	97	5	485
106	10	6	10-15-14-9-7-6	97	5	485
106	10	6	10-5-2-0-1-7-6	97	6	582
107	10	7	10-5-6-7	86	3	258
107	10	7	10-5-2-1-7	86	4	344
107	10	7	10-15-14-9-7	86	4	344
107	10	7	10-5-2-0-1-7	86	5	430
108	10	8	10-5-6-7-8	37	4	148
108	10	8	10-5-2-1-7-8	37	5	185
108	10	8	10-15-14-9-7-8	37	5	185
108	10	8	10-15-14-13-12-11-8	37	6	222
109	10	9	10-15-14-9	89	3	267
109	10	9	10-5-6-7-9	89	4	356
109	10	9	10-5-2-1-7-9	89	5	445
109	10	9	10-5-2-0-1-7-9	89	6	534
1011	10	11	10-15-14-13-12-11	55	5	275
1011	10	11	10-5-6-7-8-11	55	5	275
1011	10	11	10-5-2-1-7-8-11	55	6	330
1011	10	11	10-15-14-9-7-8-11	55	6	330
1012	10	12	10-15-14-13-12	36	4	144
1012	10	12	10-5-6-7-8-11-12	36	6	216
1012	10	12	10-5-2-1-7-8-11-12	36	7	252
1012	10	12	10-15-17-19-20-18-16-12	36	7	252
1013	10	13	10-15-14-13	92	3	276
1013	10	13	10-5-6-7-9-14-13	92	6	552
1013	10	13	10-5-6-7-8-11-12-13	92	7	644
1013	10	13	10-5-2-1-7-9-14-13	92	7	644
1014	10	14	10-15-14	90	2	180
1014	10	14	10-5-6-7-9-14	90	5	450
1014	10	14	10-5-2-1-7-9-14	90	6	540
1014	10	14	10-5-2-0-1-7-9-14	90	7	630
1015	10	15	10-15	80	1	80
1015	10	15	10-5-6-7-9-14-15	80	6	480
1015	10	15	10-5-2-1-7-9-14-15	80	7	560
1015	10	15	10-5-2-0-1-7-9-14-15	80	8	640
1016	10	16	10-15-14-13-12-16	68	5	340
1016	10	16	10-15-17-19-20-18-16	68	6	408
1016	10	16	10-5-6-7-8-11-12-16	68	7	476
1016	10	16	10-5-2-1-7-8-11-12-16	68	8	544
1017	10	17	10-15-17	74	2	148
1017	10	17	10-5-6-7-9-14-15-17	74	7	518
1017	10	17	10-5-2-1-7-9-14-15-17	74	8	592
1017	10	17	10-5-2-0-1-7-9-14-15-17	74	9	666
1018	10	18	10-15-17-19-20-18	71	5	355
1018	10	18	10-15-14-13-12-16-18	71	6	426
1018	10	18	10-5-6-7-8-11-12-16-18	71	8	568
1018	10	18	10-5-2-1-7-8-11-12-16-18	71	9	639
1019	10	19	10-15-17-19	59	3	177
1019	10	19	10-5-6-7-9-14-15-17-19	59	8	472
1019	10	19	10-15-14-13-12-16-18-20-19	59	8	472
1019	10	19	10-5-2-1-7-9-14-15-17-19	59	9	531
1020	10	20	10-15-17-19-20	27	4	108
1020	10	20	10-15-14-13-12-16-18-20	27	7	189
1020	10	20	10-5-6-7-8-11-12-16-18-20	27	9	243
1020	10	20	10-5-6-7-9-14-15-17-19-20	27	9	243
110	11	0	11-8-7-1-0	5	4	20
110	11	0	11-8-7-1-2-0	5	5	25
110	11	0	11-8-7-6-5-2-0	5	6	30
110	11	0	11-8-7-6-5-2-1-0	5	7	35
111	11	1	11-8-7-1	61	3	183
111	11	1	11-8-7-6-5-2-1	61	6	366
111	11	1	11-12-13-14-9-7-1	61	6	366
111	11	1	11-8-7-6-5-2-0-1	61	7	427
112	11	2	11-8-7-1-2	13	4	52
112	11	2	11-8-7-1-0-2	13	5	65
112	11	2	11-8-7-6-5-2	13	5	65
112	11	2	11-12-13-14-9-7-1-2	13	7	91
113	11	3	11-8-7-1-3	21	4	84
113	11	3	11-8-7-6-5-4-3	21	6	126
113	11	3	11-8-7-6-5-2-1-3	21	7	147
113	11	3	11-8-7-1-2-5-4-3	21	7	147
114	11	4	11-8-7-1-3-4	89	5	445
114	11	4	11-8-7-6-5-4	89	5	445
114	11	4	11-8-7-1-2-5-4	89	6	534
114	11	4	11-8-7-1-0-2-5-4	89	7	623
115	11	5	11-8-7-6-5	69	4	276
115	11	5	11-8-7-1-2-5	69	5	345
115	11	5	11-8-7-1-0-2-5	69	6	414
115	11	5	11-12-13-14-15-10-5	69	6	414
116	11	6	11-8-7-6	89	3	267
116	11	6	11-8-7-1-2-5-6	89	6	534
116	11	6	11-12-13-14-9-7-6	89	6	534
116	11	6	11-8-7-1-0-2-5-6	89	7	623
117	11	7	11-8-7	73	2	146
117	11	7	11-12-13-14-9-7	73	5	365
117	11	7	11-12-13-14-15-10-5-6-7	73	8	584
117	11	7	11-12-13-14-15-10-5-2-1-7	73	9	657
118	11	8	11-8	90	1	90
118	11	8	11-12-13-14-9-7-8	90	6	540
118	11	8	11-12-13-14-15-10-5-6-7-8	90	9	810
118	11	8	11-12-13-14-15-10-5-2-1-7-8	90	10	900
119	11	9	11-8-7-9	50	3	150
119	11	9	11-12-13-14-9	50	4	200
119	11	9	11-8-7-6-5-10-15-14-9	50	8	400
119	11	9	11-12-16-18-20-19-17-15-14-9	50	9	450
1110	11	10	11-12-13-14-15-10	60	5	300
1110	11	10	11-8-7-6-5-10	60	5	300
1110	11	10	11-8-7-9-14-15-10	60	6	360
1110	11	10	11-8-7-1-2-5-10	60	6	360
1112	11	12	11-12	31	1	31
1112	11	12	11-8-7-9-14-13-12	31	6	186
1112	11	12	11-8-7-6-5-10-15-14-13-12	31	9	279
1112	11	12	11-8-7-1-2-5-10-15-14-13-12	31	10	310
1113	11	13	11-12-13	60	2	120
1113	11	13	11-8-7-9-14-13	60	5	300
1113	11	13	11-8-7-6-5-10-15-14-13	60	8	480
1113	11	13	11-12-16-18-20-19-17-15-14-13	60	9	540
1114	11	14	11-12-13-14	54	3	162
1114	11	14	11-8-7-9-14	54	4	216
1114	11	14	11-8-7-6-5-10-15-14	54	7	378
1114	11	14	11-12-16-18-20-19-17-15-14	54	8	432
1115	11	15	11-12-13-14-15	23	4	92
1115	11	15	11-8-7-9-14-15	23	5	115
1115	11	15	11-8-7-6-5-10-15	23	6	138
1115	11	15	11-12-16-18-20-19-17-15	23	7	161
1116	11	16	11-12-16	64	2	128
1116	11	16	11-8-7-9-14-13-12-16	64	7	448
1116	11	16	11-12-13-14-15-17-19-20-18-16	64	9	576
1116	11	16	11-8-7-6-5-10-15-14-13-12-16	64	10	640
1117	11	17	11-12-13-14-15-17	46	5	230
1117	11	17	11-8-7-9-14-15-17	46	6	276
1117	11	17	11-12-16-18-20-19-17	46	6	276
1117	11	17	11-8-7-6-5-10-15-17	46	7	322
1118	11	18	11-12-16-18	36	3	108
1118	11	18	11-8-7-9-14-13-12-16-18	36	8	288
1118	11	18	11-12-13-14-15-17-19-20-18	36	8	288
1118	11	18	11-8-7-9-14-15-17-19-20-18	36	9	324
1119	11	19	11-12-16-18-20-19	60	5	300
1119	11	19	11-12-13-14-15-17-19	60	6	360
1119	11	19	11-8-7-9-14-15-17-19	60	7	420
1119	11	19	11-8-7-6-5-10-15-17-19	60	8	480
1120	11	20	11-12-16-18-20	26	4	104
1120	11	20	11-12-13-14-15-17-19-20	26	7	182
1120	11	20	11-8-7-9-14-15-17-19-20	26	8	208
1120	11	20	11-8-7-9-14-13-12-16-18-20	26	9	234
120	12	0	12-11-8-7-1-0	59	5	295
120	12	0	12-13-14-9-7-1-0	59	6	354
120	12	0	12-11-8-7-1-2-0	59	6	354
120	12	0	12-13-14-9-7-1-2-0	59	7	413
121	12	1	12-11-8-7-1	71	4	284
121	12	1	12-13-14-9-7-1	71	5	355
121	12	1	12-11-8-7-6-5-2-1	71	7	497
121	12	1	12-13-14-15-10-5-2-1	71	7	497
122	12	2	12-11-8-7-1-2	56	5	280
122	12	2	12-11-8-7-1-0-2	56	6	336
122	12	2	12-13-14-15-10-5-2	56	6	336
122	12	2	12-11-8-7-6-5-2	56	6	336
123	12	3	12-11-8-7-1-3	46	5	230
123	12	3	12-13-14-9-7-1-3	46	6	276
123	12	3	12-11-8-7-6-5-4-3	46	7	322
123	12	3	12-13-14-15-10-5-4-3	46	7	322
124	12	4	12-11-8-7-1-3-4	65	6	390
124	12	4	12-13-14-15-10-5-4	65	6	390
124	12	4	12-11-8-7-6-5-4	65	6	390
124	12	4	12-13-14-9-7-1-3-4	65	7	455
125	12	5	12-11-8-7-6-5	15	5	75
125	12	5	12-13-14-15-10-5	15	5	75
125	12	5	12-11-8-7-1-2-5	15	6	90
125	12	5	12-13-14-9-7-6-5	15	6	90
126	12	6	12-11-8-7-6	75	4	300
126	12	6	12-13-14-9-7-6	75	5	375
126	12	6	12-13-14-15-10-5-6	75	6	450
126	12	6	12-11-8-7-1-2-5-6	75	7	525
127	12	7	12-11-8-7	46	3	138
127	12	7	12-13-14-9-7	46	4	184
127	12	7	12-13-14-15-10-5-6-7	46	7	322
127	12	7	12-13-14-15-10-5-2-1-7	46	8	368
128	12	8	12-11-8	6	2	12
128	12	8	12-13-14-9-7-8	6	5	30
128	12	8	12-13-14-15-10-5-6-7-8	6	8	48
128	12	8	12-13-14-15-10-5-2-1-7-8	6	9	54
129	12	9	12-13-14-9	94	3	282
129	12	9	12-11-8-7-9	94	4	376
129	12	9	12-16-18-20-19-17-15-14-9	94	8	752
129	12	9	12-13-14-15-10-5-6-7-9	94	8	752
1210	12	10	12-13-14-15-10	35	4	140
1210	12	10	12-11-8-7-6-5-10	35	6	210
1210	12	10	12-11-8-7-9-14-15-10	35	7	245
1210	12	10	12-13-14-9-7-6-5-10	35	7	245
1211	12	11	12-11	26	1	26
1211	12	11	12-13-14-9-7-8-11	26	6	156
1211	12	11	12-13-14-15-10-5-6-7-8-11	26	9	234
1211	12	11	12-13-14-15-10-5-2-1-7-8-11	26	10	260
1213	12	13	12-13	84	1	84
1213	12	13	12-11-8-7-9-14-13	84	6	504
1213	12	13	12-16-18-20-19-17-15-14-13	84	8	672
1213	12	13	12-11-8-7-6-5-10-15-14-13	84	9	756
1214	12	14	12-13-14	29	2	58
1214	12	14	12-11-8-7-9-14	29	5	145
1214	12	14	12-16-18-20-19-17-15-14	29	7	203
1214	12	14	12-11-8-7-6-5-10-15-14	29	8	232
1215	12	15	12-13-14-15	80	3	240
1215	12	15	12-11-8-7-9-14-15	80	6	480
1215	12	15	12-16-18-20-19-17-15	80	6	480
1215	12	15	12-11-8-7-6-5-10-15	80	7	560
1216	12	16	12-16	57	1	57
1216	12	16	12-13-14-15-17-19-20-18-16	57	8	456
1216	12	16	12-11-8-7-9-14-15-17-19-20-18-16	57	11	627
1216	12	16	12-11-8-7-6-5-10-15-17-19-20-18-16	57	12	684
1217	12	17	12-13-14-15-17	26	4	104
1217	12	17	12-16-18-20-19-17	26	5	130
1217	12	17	12-11-8-7-9-14-15-17	26	7	182
1217	12	17	12-11-8-7-6-5-10-15-17	26	8	208
1218	12	18	12-16-18	27	2	54
1218	12	18	12-13-14-15-17-19-20-18	27	7	189
1218	12	18	12-11-8-7-9-14-15-17-19-20-18	27	10	270
1218	12	18	12-11-8-7-6-5-10-15-17-19-20-18	27	11	297
1219	12	19	12-16-18-20-19	92	4	368
1219	12	19	12-13-14-15-17-19	92	5	460
1219	12	19	12-11-8-7-9-14-15-17-19	92	8	736
1219	12	19	12-11-8-7-6-5-10-15-17-19	92	9	828
1220	12	20	12-16-18-20	61	3	183
1220	12	20	12-13-14-15-17-19-20	61	6	366
1220	12	20	12-11-8-7-9-14-15-17-19-20	61	9	549
1220	12	20	12-11-8-7-6-5-10-15-17-19-20	61	10	610
130	13	0	13-14-9-7-1-0	79	5	395
130	13	0	13-12-11-8-7-1-0	79	6	474
130	13	0	13-14-15-10-5-2-0	79	6	474
130	13	0	13-14-9-7-1-2-0	79	6	474
131	13	1	13-14-9-7-1	60	4	240
131	13	1	13-12-11-8-7-1	60	5	300
131	13	1	13-14-15-10-5-2-1	60	6	360
131	13	1	13-14-15-10-5-2-0-1	60	7	420
132	13	2	13-14-9-7-1-2	65	5	325
132	13	2	13-14-15-10-5-2	65	5	325
132	13	2	13-14-9-7-1-0-2	65	6	390
132	13	2	13-14-9-7-6-5-2	65	6	390
133	13	3	13-14-9-7-1-3	76	5	380
133	13	3	13-12-11-8-7-1-3	76	6	456
133	13	3	13-14-15-10-5-4-3	76	6	456
133	13	3	13-14-15-10-5-2-1-3	76	7	532
134	13	4	13-14-15-10-5-4	36	5	180
134	13	4	13-14-9-7-1-3-4	36	6	216
134	13	4	13-14-9-7-6-5-4	36	6	216
134	13	4	13-12-11-8-7-1-3-4	36	7	252
135	13	5	13-14-15-10-5	42	4	168
135	13	5	13-14-9-7-6-5	42	5	210
135	13	5	13-14-9-7-1-2-5	42	6	252
135	13	5	13-12-11-8-7-6-5	42	6	252
136	13	6	13-14-9-7-6	62	4	248
136	13	6	13-14-15-10-5-6	62	5	310
136	13	6	13-12-11-8-7-6	62	5	310
136	13	6	13-14-9-7-1-2-5-6	62	7	434
137	13	7	13-14-9-7	85	3	255
137	13	7	13-12-11-8-7	85	4	340
137	13	7	13-14-15-10-5-6-7	85	6	510
137	13	7	13-14-15-10-5-2-1-7	85	7	595
138	13	8	13-12-11-8	54	3	162
138	13	8	13-14-9-7-8	54	4	216
138	13	8	13-14-15-10-5-6-7-8	54	7	378
138	13	8	13-14-15-10-5-2-1-7-8	54	8	432
139	13	9	13-14-9	38	2	76
139	13	9	13-12-11-8-7-9	38	5	190
139	13	9	13-14-15-10-5-6-7-9	38	7	266
139	13	9	13-14-15-10-5-2-1-7-9	38	8	304
1310	13	10	13-14-15-10	57	3	171
1310	13	10	13-14-9-7-6-5-10	57	6	342
1310	13	10	13-14-9-7-1-2-5-10	57	7	399
1310	13	10	13-12-11-8-7-6-5-10	57	7	399
1311	13	11	13-12-11	25	2	50
1311	13	11	13-14-9-7-8-11	25	5	125
1311	13	11	13-14-15-10-5-6-7-8-11	25	8	200
1311	13	11	13-14-15-17-19-20-18-16-12-11	25	9	225
1312	13	12	13-12	28	1	28
1312	13	12	13-14-9-7-8-11-12	28	6	168
1312	13	12	13-14-15-17-19-20-18-16-12	28	8	224
1312	13	12	13-14-15-10-5-6-7-8-11-12	28	9	252
1314	13	14	13-14	54	1	54
1314	13	14	13-12-11-8-7-9-14	54	6	324
1314	13	14	13-12-16-18-20-19-17-15-14	54	8	432
1314	13	14	13-12-11-8-7-6-5-10-15-14	54	9	486
1315	13	15	13-14-15	85	2	170
1315	13	15	13-12-11-8-7-9-14-15	85	7	595
1315	13	15	13-14-9-7-6-5-10-15	85	7	595
1315	13	15	13-12-16-18-20-19-17-15	85	7	595
1316	13	16	13-12-16	58	2	116
1316	13	16	13-14-9-7-8-11-12-16	58	7	406
1316	13	16	13-14-15-17-19-20-18-16	58	7	406
1316	13	16	13-14-15-10-5-6-7-8-11-12-16	58	10	580
1317	13	17	13-14-15-17	5	3	15
1317	13	17	13-12-16-18-20-19-17	5	6	30
1317	13	17	13-12-11-8-7-9-14-15-17	5	8	40
1317	13	17	13-14-9-7-6-5-10-15-17	5	8	40
1318	13	18	13-12-16-18	11	3	33
1318	13	18	13-14-15-17-19-20-18	11	6	66
1318	13	18	13-14-9-7-8-11-12-16-18	11	8	88
1318	13	18	13-14-15-10-5-6-7-8-11-12-16-18	11	11	121
1319	13	19	13-14-15-17-19	9	4	36
1319	13	19	13-12-16-18-20-19	9	5	45
1319	13	19	13-12-11-8-7-9-14-15-17-19	9	9	81
1319	13	19	13-14-9-7-6-5-10-15-17-19	9	9	81
1320	13	20	13-12-16-18-20	44	4	176
1320	13	20	13-14-15-17-19-20	44	5	220
1320	13	20	13-14-9-7-8-11-12-16-18-20	44	9	396
1320	13	20	13-12-11-8-7-9-14-15-17-19-20	44	10	440
140	14	0	14-9-7-1-0	67	4	268
140	14	0	14-9-7-1-2-0	67	5	335
140	14	0	14-15-10-5-2-0	67	5	335
140	14	0	14-15-10-5-2-1-0	67	6	402
141	14	1	14-9-7-1	89	3	267
141	14	1	14-15-10-5-2-1	89	5	445
141	14	1	14-15-10-5-2-0-1	89	6	534
141	14	1	14-13-12-11-8-7-1	89	6	534
142	14	2	14-9-7-1-2	39	4	156
142	14	2	14-15-10-5-2	39	4	156
142	14	2	14-9-7-1-0-2	39	5	195
142	14	2	14-9-7-6-5-2	39	5	195
143	14	3	14-9-7-1-3	91	4	364
143	14	3	14-15-10-5-4-3	91	5	455
143	14	3	14-15-10-5-2-1-3	91	6	546
143	14	3	14-9-7-6-5-4-3	91	6	546
144	14	4	14-15-10-5-4	10	4	40
144	14	4	14-9-7-1-3-4	10	5	50
144	14	4	14-9-7-6-5-4	10	5	50
144	14	4	14-9-7-1-2-5-4	10	6	60
145	14	5	14-15-10-5	53	3	159
145	14	5	14-9-7-6-5	53	4	212
145	14	5	14-9-7-1-2-5	53	5	265
145	14	5	14-9-7-1-0-2-5	53	6	318
146	14	6	14-9-7-6	9	3	27
146	14	6	14-15-10-5-6	9	4	36
146	14	6	14-9-7-1-2-5-6	9	6	54
146	14	6	14-13-12-11-8-7-6	9	6	54
147	14	7	14-9-7	4	2	8
147	14	7	14-15-10-5-6-7	4	5	20
147	14	7	14-13-12-11-8-7	4	5	20
147	14	7	14-15-10-5-2-1-7	4	6	24
148	14	8	14-9-7-8	65	3	195
148	14	8	14-13-12-11-8	65	4	260
148	14	8	14-15-10-5-6-7-8	65	6	390
148	14	8	14-15-10-5-2-1-7-8	65	7	455
149	14	9	14-9	8	1	8
149	14	9	14-15-10-5-6-7-9	8	6	48
149	14	9	14-13-12-11-8-7-9	8	6	48
149	14	9	14-15-10-5-2-1-7-9	8	7	56
1410	14	10	14-15-10	32	2	64
1410	14	10	14-9-7-6-5-10	32	5	160
1410	14	10	14-9-7-1-2-5-10	32	6	192
1410	14	10	14-9-7-1-0-2-5-10	32	7	224
1411	14	11	14-13-12-11	32	3	96
1411	14	11	14-9-7-8-11	32	4	128
1411	14	11	14-15-10-5-6-7-8-11	32	7	224
1411	14	11	14-15-17-19-20-18-16-12-11	32	8	256
1412	14	12	14-13-12	11	2	22
1412	14	12	14-9-7-8-11-12	11	5	55
1412	14	12	14-15-17-19-20-18-16-12	11	7	77
1412	14	12	14-15-10-5-6-7-8-11-12	11	8	88
1413	14	13	14-13	72	1	72
1413	14	13	14-9-7-8-11-12-13	72	6	432
1413	14	13	14-15-17-19-20-18-16-12-13	72	8	576
1413	14	13	14-15-10-5-6-7-8-11-12-13	72	9	648
1415	14	15	14-15	7	1	7
1415	14	15	14-9-7-6-5-10-15	7	6	42
1415	14	15	14-9-7-1-2-5-10-15	7	7	49
1415	14	15	14-13-12-16-18-20-19-17-15	7	8	56
1416	14	16	14-13-12-16	70	3	210
1416	14	16	14-9-7-8-11-12-16	70	6	420
1416	14	16	14-15-17-19-20-18-16	70	6	420
1416	14	16	14-15-10-5-6-7-8-11-12-16	70	9	630
1417	14	17	14-15-17	79	2	158
1417	14	17	14-9-7-6-5-10-15-17	79	7	553
1417	14	17	14-13-12-16-18-20-19-17	79	7	553
1417	14	17	14-9-7-1-2-5-10-15-17	79	8	632
1418	14	18	14-13-12-16-18	10	4	40
1418	14	18	14-15-17-19-20-18	10	5	50
1418	14	18	14-9-7-8-11-12-16-18	10	7	70
1418	14	18	14-15-10-5-6-7-8-11-12-16-18	10	10	100
1419	14	19	14-15-17-19	50	3	150
1419	14	19	14-13-12-16-18-20-19	50	6	300
1419	14	19	14-9-7-6-5-10-15-17-19	50	8	400
1419	14	19	14-9-7-1-2-5-10-15-17-19	50	9	450
1420	14	20	14-15-17-19-20	54	4	216
1420	14	20	14-13-12-16-18-20	54	5	270
1420	14	20	14-9-7-8-11-12-16-18-20	54	8	432
1420	14	20	14-9-7-6-5-10-15-17-19-20	54	9	486
150	15	0	15-10-5-2-0	70	4	280
150	15	0	15-10-5-2-1-0	70	5	350
150	15	0	15-14-9-7-1-0	70	5	350
150	15	0	15-10-5-4-3-1-0	70	6	420
151	15	1	15-10-5-2-1	35	4	140
151	15	1	15-14-9-7-1	35	4	140
151	15	1	15-10-5-2-0-1	35	5	175
151	15	1	15-10-5-6-7-1	35	5	175
152	15	2	15-10-5-2	99	3	297
152	15	2	15-14-9-7-1-2	99	5	495
152	15	2	15-14-9-7-1-0-2	99	6	594
152	15	2	15-14-9-7-6-5-2	99	6	594
153	15	3	15-10-5-4-3	34	4	136
153	15	3	15-10-5-2-1-3	34	5	170
153	15	3	15-14-9-7-1-3	34	5	170
153	15	3	15-10-5-2-0-1-3	34	6	204
154	15	4	15-10-5-4	2	3	6
154	15	4	15-10-5-2-1-3-4	2	6	12
154	15	4	15-14-9-7-6-5-4	2	6	12
154	15	4	15-14-9-7-1-3-4	2	6	12
155	15	5	15-10-5	90	2	180
155	15	5	15-14-9-7-6-5	90	5	450
155	15	5	15-14-9-7-1-2-5	90	6	540
155	15	5	15-14-9-7-1-0-2-5	90	7	630
156	15	6	15-10-5-6	58	3	174
156	15	6	15-14-9-7-6	58	4	232
156	15	6	15-10-5-2-1-7-6	58	6	348
156	15	6	15-14-9-7-1-2-5-6	58	7	406
157	15	7	15-14-9-7	59	3	177
157	15	7	15-10-5-6-7	59	4	236
157	15	7	15-10-5-2-1-7	59	5	295
157	15	7	15-10-5-2-0-1-7	59	6	354
158	15	8	15-14-9-7-8	97	4	388
158	15	8	15-14-13-12-11-8	97	5	485
158	15	8	15-10-5-6-7-8	97	5	485
158	15	8	15-10-5-2-1-7-8	97	6	582
159	15	9	15-14-9	78	2	156
159	15	9	15-10-5-6-7-9	78	5	390
159	15	9	15-10-5-2-1-7-9	78	6	468
159	15	9	15-10-5-2-0-1-7-9	78	7	546
1510	15	10	15-10	49	1	49
1510	15	10	15-14-9-7-6-5-10	49	6	294
1510	15	10	15-14-9-7-1-2-5-10	49	7	343
1510	15	10	15-14-9-7-1-0-2-5-10	49	8	392
1511	15	11	15-14-13-12-11	60	4	240
1511	15	11	15-14-9-7-8-11	60	5	300
1511	15	11	15-10-5-6-7-8-11	60	6	360
1511	15	11	15-17-19-20-18-16-12-11	60	7	420
1512	15	12	15-14-13-12	46	3	138
1512	15	12	15-14-9-7-8-11-12	46	6	276
1512	15	12	15-17-19-20-18-16-12	46	6	276
1512	15	12	15-10-5-6-7-8-11-12	46	7	322
1513	15	13	15-14-13	83	2	166
1513	15	13	15-14-9-7-8-11-12-13	83	7	581
1513	15	13	15-10-5-6-7-9-14-13	83	7	581
1513	15	13	15-17-19-20-18-16-12-13	83	7	581
1514	15	14	15-14	38	1	38
1514	15	14	15-10-5-6-7-9-14	38	6	228
1514	15	14	15-10-5-2-1-7-9-14	38	7	266
1514	15	14	15-17-19-20-18-16-12-13-14	38	8	304
1516	15	16	15-14-13-12-16	89	4	356
1516	15	16	15-17-19-20-18-16	89	5	445
1516	15	16	15-14-9-7-8-11-12-16	89	7	623
1516	15	16	15-10-5-6-7-8-11-12-16	89	8	712
1517	15	17	15-17	87	1	87
1517	15	17	15-14-13-12-16-18-20-19-17	87	8	696
1517	15	17	15-14-9-7-8-11-12-16-18-20-19-17	87	11	957
1517	15	17	15-10-5-6-7-8-11-12-16-18-20-19-17	87	12	1044
1518	15	18	15-17-19-20-18	18	4	72
1518	15	18	15-14-13-12-16-18	18	5	90
1518	15	18	15-14-9-7-8-11-12-16-18	18	8	144
1518	15	18	15-10-5-6-7-8-11-12-16-18	18	9	162
1519	15	19	15-17-19	12	2	24
1519	15	19	15-14-13-12-16-18-20-19	12	7	84
1519	15	19	15-14-9-7-8-11-12-16-18-20-19	12	10	120
1519	15	19	15-10-5-6-7-8-11-12-16-18-20-19	12	11	132
1520	15	20	15-17-19-20	67	3	201
1520	15	20	15-14-13-12-16-18-20	67	6	402
1520	15	20	15-14-9-7-8-11-12-16-18-20	67	9	603
1520	15	20	15-10-5-6-7-8-11-12-16-18-20	67	10	670
160	16	0	16-12-11-8-7-1-0	17	6	102
160	16	0	16-12-13-14-9-7-1-0	17	7	119
160	16	0	16-12-11-8-7-1-2-0	17	7	119
160	16	0	16-12-13-14-9-7-1-2-0	17	8	136
161	16	1	16-12-11-8-7-1	48	5	240
161	16	1	16-12-13-14-9-7-1	48	6	288
161	16	1	16-12-11-8-7-6-5-2-1	48	8	384
161	16	1	16-12-13-14-15-10-5-2-1	48	8	384
162	16	2	16-12-11-8-7-1-2	43	6	258
162	16	2	16-12-11-8-7-1-0-2	43	7	301
162	16	2	16-12-13-14-15-10-5-2	43	7	301
162	16	2	16-12-11-8-7-6-5-2	43	7	301
163	16	3	16-12-11-8-7-1-3	74	6	444
163	16	3	16-12-13-14-9-7-1-3	74	7	518
163	16	3	16-12-11-8-7-6-5-4-3	74	8	592
163	16	3	16-12-13-14-15-10-5-4-3	74	8	592
164	16	4	16-12-11-8-7-1-3-4	88	7	616
164	16	4	16-12-13-14-15-10-5-4	88	7	616
164	16	4	16-12-11-8-7-6-5-4	88	7	616
164	16	4	16-12-13-14-9-7-1-3-4	88	8	704
165	16	5	16-12-11-8-7-6-5	39	6	234
165	16	5	16-12-13-14-15-10-5	39	6	234
165	16	5	16-12-11-8-7-1-2-5	39	7	273
165	16	5	16-18-20-19-17-15-10-5	39	7	273
166	16	6	16-12-11-8-7-6	97	5	485
166	16	6	16-12-13-14-9-7-6	97	6	582
166	16	6	16-12-13-14-15-10-5-6	97	7	679
166	16	6	16-12-11-8-7-1-2-5-6	97	8	776
167	16	7	16-12-11-8-7	54	4	216
167	16	7	16-12-13-14-9-7	54	5	270
167	16	7	16-12-13-14-15-10-5-6-7	54	8	432
167	16	7	16-18-20-19-17-15-14-9-7	54	8	432
168	16	8	16-12-11-8	73	3	219
168	16	8	16-12-13-14-9-7-8	73	6	438
168	16	8	16-12-13-14-15-10-5-6-7-8	73	9	657
168	16	8	16-18-20-19-17-15-14-9-7-8	73	9	657
169	16	9	16-12-13-14-9	2	4	8
169	16	9	16-12-11-8-7-9	2	5	10
169	16	9	16-18-20-19-17-15-14-9	2	7	14
169	16	9	16-12-13-14-15-10-5-6-7-9	2	9	18
1610	16	10	16-12-13-14-15-10	28	5	140
1610	16	10	16-18-20-19-17-15-10	28	6	168
1610	16	10	16-12-11-8-7-6-5-10	28	7	196
1610	16	10	16-12-11-8-7-9-14-15-10	28	8	224
1611	16	11	16-12-11	98	2	196
1611	16	11	16-12-13-14-9-7-8-11	98	7	686
1611	16	11	16-18-20-19-17-15-14-13-12-11	98	9	882
1611	16	11	16-12-13-14-15-10-5-6-7-8-11	98	10	980
1612	16	12	16-12	38	1	38
1612	16	12	16-18-20-19-17-15-14-13-12	38	8	304
1612	16	12	16-18-20-19-17-15-14-9-7-8-11-12	38	11	418
1612	16	12	16-18-20-19-17-15-10-5-6-7-8-11-12	38	12	456
1613	16	13	16-12-13	18	2	36
1613	16	13	16-18-20-19-17-15-14-13	18	7	126
1613	16	13	16-12-11-8-7-9-14-13	18	7	126
1613	16	13	16-12-11-8-7-6-5-10-15-14-13	18	10	180
1614	16	14	16-12-13-14	46	3	138
1614	16	14	16-18-20-19-17-15-14	46	6	276
1614	16	14	16-12-11-8-7-9-14	46	6	276
1614	16	14	16-12-11-8-7-6-5-10-15-14	46	9	414
1615	16	15	16-12-13-14-15	88	4	352
1615	16	15	16-18-20-19-17-15	88	5	440
1615	16	15	16-12-11-8-7-9-14-15	88	7	616
1615	16	15	16-12-11-8-7-6-5-10-15	88	8	704
1617	16	17	16-18-20-19-17	22	4	88
1617	16	17	16-12-13-14-15-17	22	5	110
1617	16	17	16-12-11-8-7-9-14-15-17	22	8	176
1617	16	17	16-12-11-8-7-6-5-10-15-17	22	9	198
1618	16	18	16-18	81	1	81
1618	16	18	16-12-13-14-15-17-19-20-18	81	8	648
1618	16	18	16-12-11-8-7-9-14-15-17-19-20-18	81	11	891
1618	16	18	16-12-11-8-7-6-5-10-15-17-19-20-18	81	12	972
1619	16	19	16-18-20-19	35	3	105
1619	16	19	16-12-13-14-15-17-19	35	6	210
1619	16	19	16-12-11-8-7-9-14-15-17-19	35	9	315
1619	16	19	16-12-11-8-7-6-5-10-15-17-19	35	10	350
1620	16	20	16-18-20	49	2	98
1620	16	20	16-12-13-14-15-17-19-20	49	7	343
1620	16	20	16-12-11-8-7-9-14-15-17-19-20	49	10	490
1620	16	20	16-12-11-8-7-6-5-10-15-17-19-20	49	11	539
170	17	0	17-15-10-5-2-0	60	5	300
170	17	0	17-15-10-5-2-1-0	60	6	360
170	17	0	17-15-14-9-7-1-0	60	6	360
170	17	0	17-15-10-5-4-3-1-0	60	7	420
171	17	1	17-15-10-5-2-1	92	5	460
171	17	1	17-15-14-9-7-1	92	5	460
171	17	1	17-15-10-5-2-0-1	92	6	552
171	17	1	17-15-10-5-6-7-1	92	6	552
172	17	2	17-15-10-5-2	23	4	92
172	17	2	17-15-14-9-7-1-2	23	6	138
172	17	2	17-15-14-9-7-1-0-2	23	7	161
172	17	2	17-15-14-9-7-6-5-2	23	7	161
173	17	3	17-15-10-5-4-3	53	5	265
173	17	3	17-15-10-5-2-1-3	53	6	318
173	17	3	17-15-14-9-7-1-3	53	6	318
173	17	3	17-15-10-5-2-0-1-3	53	7	371
174	17	4	17-15-10-5-4	18	4	72
174	17	4	17-15-10-5-2-1-3-4	18	7	126
174	17	4	17-15-14-9-7-6-5-4	18	7	126
174	17	4	17-15-14-9-7-1-3-4	18	7	126
175	17	5	17-15-10-5	89	3	267
175	17	5	17-15-14-9-7-6-5	89	6	534
175	17	5	17-15-14-9-7-1-2-5	89	7	623
175	17	5	17-15-14-9-7-1-0-2-5	89	8	712
176	17	6	17-15-10-5-6	22	4	88
176	17	6	17-15-14-9-7-6	22	5	110
176	17	6	17-15-10-5-2-1-7-6	22	7	154
176	17	6	17-15-14-9-7-1-2-5-6	22	8	176
177	17	7	17-15-14-9-7	52	4	208
177	17	7	17-15-10-5-6-7	52	5	260
177	17	7	17-15-10-5-2-1-7	52	6	312
177	17	7	17-15-10-5-2-0-1-7	52	7	364
178	17	8	17-15-14-9-7-8	61	5	305
178	17	8	17-15-14-13-12-11-8	61	6	366
178	17	8	17-15-10-5-6-7-8	61	6	366
178	17	8	17-19-20-18-16-12-11-8	61	7	427
179	17	9	17-15-14-9	90	3	270
179	17	9	17-15-10-5-6-7-9	90	6	540
179	17	9	17-15-10-5-2-1-7-9	90	7	630
179	17	9	17-19-20-18-16-12-13-14-9	90	8	720
1710	17	10	17-15-10	66	2	132
1710	17	10	17-15-14-9-7-6-5-10	66	7	462
1710	17	10	17-15-14-9-7-1-2-5-10	66	8	528
1710	17	10	17-19-20-18-16-12-13-14-15-10	66	9	594
1711	17	11	17-15-14-13-12-11	19	5	95
1711	17	11	17-19-20-18-16-12-11	19	6	114
1711	17	11	17-15-14-9-7-8-11	19	6	114
1711	17	11	17-15-10-5-6-7-8-11	19	7	133
1712	17	12	17-15-14-13-12	79	4	316
1712	17	12	17-19-20-18-16-12	79	5	395
1712	17	12	17-15-14-9-7-8-11-12	79	7	553
1712	17	12	17-15-10-5-6-7-8-11-12	79	8	632
1713	17	13	17-15-14-13	59	3	177
1713	17	13	17-19-20-18-16-12-13	59	6	354
1713	17	13	17-15-14-9-7-8-11-12-13	59	8	472
1713	17	13	17-15-10-5-6-7-9-14-13	59	8	472
1714	17	14	17-15-14	6	2	12
1714	17	14	17-19-20-18-16-12-13-14	6	7	42
1714	17	14	17-15-10-5-6-7-9-14	6	7	42
1714	17	14	17-15-10-5-2-1-7-9-14	6	8	48
1715	17	15	17-15	21	1	21
1715	17	15	17-19-20-18-16-12-13-14-15	21	8	168
1715	17	15	17-19-20-18-16-12-11-8-7-9-14-15	21	11	231
1715	17	15	17-19-20-18-16-12-11-8-7-6-5-10-15	21	12	252
1716	17	16	17-19-20-18-16	9	4	36
1716	17	16	17-15-14-13-12-16	9	5	45
1716	17	16	17-15-14-9-7-8-11-12-16	9	8	72
1716	17	16	17-15-10-5-6-7-8-11-12-16	9	9	81
1718	17	18	17-19-20-18	80	3	240
1718	17	18	17-15-14-13-12-16-18	80	6	480
1718	17	18	17-15-14-9-7-8-11-12-16-18	80	9	720
1718	17	18	17-15-10-5-6-7-8-11-12-16-18	80	10	800
1719	17	19	17-19	22	1	22
1719	17	19	17-15-14-13-12-16-18-20-19	22	8	176
1719	17	19	17-15-14-9-7-8-11-12-16-18-20-19	22	11	242
1719	17	19	17-15-10-5-6-7-8-11-12-16-18-20-19	22	12	264
1720	17	20	17-19-20	1	2	2
1720	17	20	17-15-14-13-12-16-18-20	1	7	7
1720	17	20	17-15-14-9-7-8-11-12-16-18-20	1	10	10
1720	17	20	17-15-10-5-6-7-8-11-12-16-18-20	1	11	11
180	18	0	18-16-12-11-8-7-1-0	16	7	112
180	18	0	18-16-12-13-14-9-7-1-0	16	8	128
180	18	0	18-20-19-17-15-10-5-2-0	16	8	128
180	18	0	18-16-12-11-8-7-1-2-0	16	8	128
181	18	1	18-16-12-11-8-7-1	34	6	204
181	18	1	18-16-12-13-14-9-7-1	34	7	238
181	18	1	18-20-19-17-15-10-5-2-1	34	8	272
181	18	1	18-20-19-17-15-14-9-7-1	34	8	272
182	18	2	18-16-12-11-8-7-1-2	82	7	574
182	18	2	18-20-19-17-15-10-5-2	82	7	574
182	18	2	18-16-12-11-8-7-1-0-2	82	8	656
182	18	2	18-16-12-13-14-15-10-5-2	82	8	656
183	18	3	18-16-12-11-8-7-1-3	51	7	357
183	18	3	18-16-12-13-14-9-7-1-3	51	8	408
183	18	3	18-20-19-17-15-10-5-4-3	51	8	408
183	18	3	18-20-19-17-15-10-5-2-1-3	51	9	459
184	18	4	18-20-19-17-15-10-5-4	59	7	413
184	18	4	18-16-12-11-8-7-1-3-4	59	8	472
184	18	4	18-16-12-13-14-15-10-5-4	59	8	472
184	18	4	18-16-12-11-8-7-6-5-4	59	8	472
185	18	5	18-20-19-17-15-10-5	36	6	216
185	18	5	18-16-12-11-8-7-6-5	36	7	252
185	18	5	18-16-12-13-14-15-10-5	36	7	252
185	18	5	18-16-12-11-8-7-1-2-5	36	8	288
186	18	6	18-16-12-11-8-7-6	82	6	492
186	18	6	18-20-19-17-15-10-5-6	82	7	574
186	18	6	18-16-12-13-14-9-7-6	82	7	574
186	18	6	18-16-12-13-14-15-10-5-6	82	8	656
187	18	7	18-16-12-11-8-7	86	5	430
187	18	7	18-16-12-13-14-9-7	86	6	516
187	18	7	18-20-19-17-15-14-9-7	86	7	602
187	18	7	18-20-19-17-15-10-5-6-7	86	8	688
188	18	8	18-16-12-11-8	70	4	280
188	18	8	18-16-12-13-14-9-7-8	70	7	490
188	18	8	18-20-19-17-15-14-9-7-8	70	8	560
188	18	8	18-20-19-17-15-14-13-12-11-8	70	9	630
189	18	9	18-16-12-13-14-9	5	5	25
189	18	9	18-20-19-17-15-14-9	5	6	30
189	18	9	18-16-12-11-8-7-9	5	6	30
189	18	9	18-20-19-17-15-10-5-6-7-9	5	9	45
1810	18	10	18-20-19-17-15-10	5	5	25
1810	18	10	18-16-12-13-14-15-10	5	6	30
1810	18	10	18-16-12-11-8-7-6-5-10	5	8	40
1810	18	10	18-16-12-11-8-7-9-14-15-10	5	9	45
1811	18	11	18-16-12-11	99	3	297
1811	18	11	18-20-19-17-15-14-13-12-11	99	8	792
1811	18	11	18-16-12-13-14-9-7-8-11	99	8	792
1811	18	11	18-20-19-17-15-14-9-7-8-11	99	9	891
1812	18	12	18-16-12	53	2	106
1812	18	12	18-20-19-17-15-14-13-12	53	7	371
1812	18	12	18-20-19-17-15-14-9-7-8-11-12	53	10	530
1812	18	12	18-20-19-17-15-10-5-6-7-8-11-12	53	11	583
1813	18	13	18-16-12-13	37	3	111
1813	18	13	18-20-19-17-15-14-13	37	6	222
1813	18	13	18-16-12-11-8-7-9-14-13	37	8	296
1813	18	13	18-20-19-17-15-14-9-7-8-11-12-13	37	11	407
1814	18	14	18-16-12-13-14	14	4	56
1814	18	14	18-20-19-17-15-14	14	5	70
1814	18	14	18-16-12-11-8-7-9-14	14	7	98
1814	18	14	18-16-12-11-8-7-6-5-10-15-14	14	10	140
1815	18	15	18-20-19-17-15	83	4	332
1815	18	15	18-16-12-13-14-15	83	5	415
1815	18	15	18-16-12-11-8-7-9-14-15	83	8	664
1815	18	15	18-16-12-11-8-7-6-5-10-15	83	9	747
1816	18	16	18-16	1	1	1
1816	18	16	18-20-19-17-15-14-13-12-16	1	8	8
1816	18	16	18-20-19-17-15-14-9-7-8-11-12-16	1	11	11
1816	18	16	18-20-19-17-15-10-5-6-7-8-11-12-16	1	12	12
1817	18	17	18-20-19-17	71	3	213
1817	18	17	18-16-12-13-14-15-17	71	6	426
1817	18	17	18-16-12-11-8-7-9-14-15-17	71	9	639
1817	18	17	18-16-12-11-8-7-6-5-10-15-17	71	10	710
1819	18	19	18-20-19	1	2	2
1819	18	19	18-16-12-13-14-15-17-19	1	7	7
1819	18	19	18-16-12-11-8-7-9-14-15-17-19	1	10	10
1819	18	19	18-16-12-11-8-7-6-5-10-15-17-19	1	11	11
1820	18	20	18-20	26	1	26
1820	18	20	18-16-12-13-14-15-17-19-20	26	8	208
1820	18	20	18-16-12-11-8-7-9-14-15-17-19-20	26	11	286
1820	18	20	18-16-12-11-8-7-6-5-10-15-17-19-20	26	12	312
190	19	0	19-17-15-10-5-2-0	97	6	582
190	19	0	19-17-15-10-5-2-1-0	97	7	679
190	19	0	19-17-15-14-9-7-1-0	97	7	679
190	19	0	19-17-15-10-5-4-3-1-0	97	8	776
191	19	1	19-17-15-10-5-2-1	53	6	318
191	19	1	19-17-15-14-9-7-1	53	6	318
191	19	1	19-17-15-10-5-2-0-1	53	7	371
191	19	1	19-17-15-10-5-6-7-1	53	7	371
192	19	2	19-17-15-10-5-2	83	5	415
192	19	2	19-17-15-14-9-7-1-2	83	7	581
192	19	2	19-17-15-14-9-7-1-0-2	83	8	664
192	19	2	19-17-15-14-9-7-6-5-2	83	8	664
193	19	3	19-17-15-10-5-4-3	56	6	336
193	19	3	19-17-15-10-5-2-1-3	56	7	392
193	19	3	19-17-15-14-9-7-1-3	56	7	392
193	19	3	19-17-15-10-5-2-0-1-3	56	8	448
194	19	4	19-17-15-10-5-4	13	5	65
194	19	4	19-17-15-10-5-2-1-3-4	13	8	104
194	19	4	19-17-15-14-9-7-6-5-4	13	8	104
194	19	4	19-17-15-14-9-7-1-3-4	13	8	104
195	19	5	19-17-15-10-5	65	4	260
195	19	5	19-17-15-14-9-7-6-5	65	7	455
195	19	5	19-17-15-14-9-7-1-2-5	65	8	520
195	19	5	19-17-15-14-9-7-1-0-2-5	65	9	585
196	19	6	19-17-15-10-5-6	87	5	435
196	19	6	19-17-15-14-9-7-6	87	6	522
196	19	6	19-17-15-10-5-2-1-7-6	87	8	696
196	19	6	19-20-18-16-12-11-8-7-6	87	8	696
197	19	7	19-17-15-14-9-7	42	5	210
197	19	7	19-17-15-10-5-6-7	42	6	252
197	19	7	19-17-15-10-5-2-1-7	42	7	294
197	19	7	19-20-18-16-12-11-8-7	42	7	294
198	19	8	19-20-18-16-12-11-8	74	6	444
198	19	8	19-17-15-14-9-7-8	74	6	444
198	19	8	19-17-15-14-13-12-11-8	74	7	518
198	19	8	19-17-15-10-5-6-7-8	74	7	518
199	19	9	19-17-15-14-9	98	4	392
199	19	9	19-20-18-16-12-13-14-9	98	7	686
199	19	9	19-17-15-10-5-6-7-9	98	7	686
199	19	9	19-17-15-10-5-2-1-7-9	98	8	784
1910	19	10	19-17-15-10	72	3	216
1910	19	10	19-20-18-16-12-13-14-15-10	72	8	576
1910	19	10	19-17-15-14-9-7-6-5-10	72	8	576
1910	19	10	19-17-15-14-9-7-1-2-5-10	72	9	648
1911	19	11	19-20-18-16-12-11	1	5	5
1911	19	11	19-17-15-14-13-12-11	1	6	6
1911	19	11	19-17-15-14-9-7-8-11	1	7	7
1911	19	11	19-17-15-10-5-6-7-8-11	1	8	8
1912	19	12	19-20-18-16-12	76	4	304
1912	19	12	19-17-15-14-13-12	76	5	380
1912	19	12	19-17-15-14-9-7-8-11-12	76	8	608
1912	19	12	19-17-15-10-5-6-7-8-11-12	76	9	684
1913	19	13	19-17-15-14-13	17	4	68
1913	19	13	19-20-18-16-12-13	17	5	85
1913	19	13	19-17-15-14-9-7-8-11-12-13	17	9	153
1913	19	13	19-17-15-10-5-6-7-9-14-13	17	9	153
1914	19	14	19-17-15-14	88	3	264
1914	19	14	19-20-18-16-12-13-14	88	6	528
1914	19	14	19-17-15-10-5-6-7-9-14	88	8	704
1914	19	14	19-17-15-10-5-2-1-7-9-14	88	9	792
1915	19	15	19-17-15	76	2	152
1915	19	15	19-20-18-16-12-13-14-15	76	7	532
1915	19	15	19-20-18-16-12-11-8-7-9-14-15	76	10	760
1915	19	15	19-20-18-16-12-11-8-7-6-5-10-15	76	11	836
1916	19	16	19-20-18-16	99	3	297
1916	19	16	19-17-15-14-13-12-16	99	6	594
1916	19	16	19-17-15-14-9-7-8-11-12-16	99	9	891
1916	19	16	19-17-15-10-5-6-7-8-11-12-16	99	10	990
1917	19	17	19-17	63	1	63
1917	19	17	19-20-18-16-12-13-14-15-17	63	8	504
1917	19	17	19-20-18-16-12-11-8-7-9-14-15-17	63	11	693
1917	19	17	19-20-18-16-12-11-8-7-6-5-10-15-17	63	12	756
1918	19	18	19-20-18	99	2	198
1918	19	18	19-17-15-14-13-12-16-18	99	7	693
1918	19	18	19-17-15-14-9-7-8-11-12-16-18	99	10	990
1918	19	18	19-17-15-10-5-6-7-8-11-12-16-18	99	11	1089
1920	19	20	19-20	78	1	78
1920	19	20	19-17-15-14-13-12-16-18-20	78	8	624
1920	19	20	19-17-15-14-9-7-8-11-12-16-18-20	78	11	858
1920	19	20	19-17-15-10-5-6-7-8-11-12-16-18-20	78	12	936
200	20	0	20-19-17-15-10-5-2-0	95	7	665
200	20	0	20-19-17-15-10-5-2-1-0	95	8	760
200	20	0	20-18-16-12-11-8-7-1-0	95	8	760
200	20	0	20-19-17-15-14-9-7-1-0	95	8	760
201	20	1	20-19-17-15-10-5-2-1	68	7	476
201	20	1	20-19-17-15-14-9-7-1	68	7	476
201	20	1	20-18-16-12-11-8-7-1	68	7	476
201	20	1	20-19-17-15-10-5-2-0-1	68	8	544
202	20	2	20-19-17-15-10-5-2	85	6	510
202	20	2	20-18-16-12-11-8-7-1-2	85	8	680
202	20	2	20-19-17-15-14-9-7-1-2	85	8	680
202	20	2	20-18-16-12-11-8-7-1-0-2	85	9	765
203	20	3	20-19-17-15-10-5-4-3	92	7	644
203	20	3	20-19-17-15-10-5-2-1-3	92	8	736
203	20	3	20-18-16-12-11-8-7-1-3	92	8	736
203	20	3	20-19-17-15-14-9-7-1-3	92	8	736
204	20	4	20-19-17-15-10-5-4	52	6	312
204	20	4	20-19-17-15-10-5-2-1-3-4	52	9	468
204	20	4	20-19-17-15-14-9-7-6-5-4	52	9	468
204	20	4	20-18-16-12-13-14-15-10-5-4	52	9	468
205	20	5	20-19-17-15-10-5	48	5	240
205	20	5	20-18-16-12-11-8-7-6-5	48	8	384
205	20	5	20-18-16-12-13-14-15-10-5	48	8	384
205	20	5	20-19-17-15-14-9-7-6-5	48	8	384
206	20	6	20-19-17-15-10-5-6	16	6	96
206	20	6	20-18-16-12-11-8-7-6	16	7	112
206	20	6	20-19-17-15-14-9-7-6	16	7	112
206	20	6	20-18-16-12-13-14-9-7-6	16	8	128
207	20	7	20-18-16-12-11-8-7	79	6	474
207	20	7	20-19-17-15-14-9-7	79	6	474
207	20	7	20-19-17-15-10-5-6-7	79	7	553
207	20	7	20-18-16-12-13-14-9-7	79	7	553
208	20	8	20-18-16-12-11-8	59	5	295
208	20	8	20-19-17-15-14-9-7-8	59	7	413
208	20	8	20-19-17-15-14-13-12-11-8	59	8	472
208	20	8	20-18-16-12-13-14-9-7-8	59	8	472
209	20	9	20-19-17-15-14-9	69	5	345
209	20	9	20-18-16-12-13-14-9	69	6	414
209	20	9	20-18-16-12-11-8-7-9	69	7	483
209	20	9	20-19-17-15-10-5-6-7-9	69	8	552
2010	20	10	20-19-17-15-10	60	4	240
2010	20	10	20-18-16-12-13-14-15-10	60	7	420
2010	20	10	20-18-16-12-11-8-7-6-5-10	60	9	540
2010	20	10	20-19-17-15-14-9-7-6-5-10	60	9	540
2011	20	11	20-18-16-12-11	96	4	384
2011	20	11	20-19-17-15-14-13-12-11	96	7	672
2011	20	11	20-19-17-15-14-9-7-8-11	96	8	768
2011	20	11	20-19-17-15-10-5-6-7-8-11	96	9	864
2012	20	12	20-18-16-12	69	3	207
2012	20	12	20-19-17-15-14-13-12	69	6	414
2012	20	12	20-19-17-15-14-9-7-8-11-12	69	9	621
2012	20	12	20-19-17-15-10-5-6-7-8-11-12	69	10	690
2013	20	13	20-18-16-12-13	50	4	200
2013	20	13	20-19-17-15-14-13	50	5	250
2013	20	13	20-18-16-12-11-8-7-9-14-13	50	9	450
2013	20	13	20-19-17-15-14-9-7-8-11-12-13	50	10	500
2014	20	14	20-19-17-15-14	28	4	112
2014	20	14	20-18-16-12-13-14	28	5	140
2014	20	14	20-18-16-12-11-8-7-9-14	28	8	224
2014	20	14	20-19-17-15-10-5-6-7-9-14	28	9	252
2015	20	15	20-19-17-15	68	3	204
2015	20	15	20-18-16-12-13-14-15	68	6	408
2015	20	15	20-18-16-12-11-8-7-9-14-15	68	9	612
2015	20	15	20-18-16-12-11-8-7-6-5-10-15	68	10	680
2016	20	16	20-18-16	26	2	52
2016	20	16	20-19-17-15-14-13-12-16	26	7	182
2016	20	16	20-19-17-15-14-9-7-8-11-12-16	26	10	260
2016	20	16	20-19-17-15-10-5-6-7-8-11-12-16	26	11	286
2017	20	17	20-19-17	9	2	18
2017	20	17	20-18-16-12-13-14-15-17	9	7	63
2017	20	17	20-18-16-12-11-8-7-9-14-15-17	9	10	90
2017	20	17	20-18-16-12-11-8-7-6-5-10-15-17	9	11	99
2018	20	18	20-18	45	1	45
2018	20	18	20-19-17-15-14-13-12-16-18	45	8	360
2018	20	18	20-19-17-15-14-9-7-8-11-12-16-18	45	11	495
2018	20	18	20-19-17-15-10-5-6-7-8-11-12-16-18	45	12	540
2019	20	19	20-19	71	1	71
2019	20	19	20-18-16-12-13-14-15-17-19	71	8	568
2019	20	19	20-18-16-12-11-8-7-9-14-15-17-19	71	11	781
2019	20	19	20-18-16-12-11-8-7-6-5-10-15-17-19	71	12	852
