1346
2794
7177
2024
2116
7549
3414
5109
6557
4261
4262
5709
4397
4489
5176
3456
4904
5067
2578
4026
5945
3897
5345
5676
3355
4803
6218
4641
4654
5999
4346
4949
5704
4600
5450
5717
4089
5206
5537
1346
2794
7177
770
3370
6203
3763
4760
5652
2915
4804
5491
3143
3830
4576
2110
5609
6296
1232
5741
6487
2551
4422
5855
2009
4964
6397
3295
3308
4653
3000
3603
4358
3254
4104
4371
2743
3860
4615
2024
2116
7549
770
3370
6203
4533
4882
5438
3685
4034
6261
2373
4600
5346
2880
4839
5480
2002
4602
4971
3321
3652
5921
2779
4194
5379
4065
4078
5423
3770
4373
5128
4024
4658
4874
3513
4630
4928
3414
5109
6557
3763
4760
5652
4533
4882
5438
848
6362
6375
2509
5129
5723
1653
5557
5570
2531
4679
4692
3788
3850
4444
3308
3902
3915
2616
4594
4607
2911
4299
4796
3692
4015
4553
3181
4042
4526
4261
4262
5709
2915
4804
5491
3685
4034
6261
848
6362
6375
1661
4281
5990
805
5137
6405
1683
4259
5527
2940
3002
5292
2460
3482
4750
3464
3746
3759
3451
3759
4054
3705
3946
4540
3194
4029
4216
4397
4489
5176
3143
3830
4576
2373
4600
5346
2509
5129
5723
1661
4281
5990
2466
3476
5185
2598
3344
4307
1279
4072
4663
1821
3530
4121
3107
3120
3361
2812
3389
3415
2285
3066
3916
2555
2796
3672
3456
4904
5067
2110
5609
6296
2880
4839
5480
1653
5557
5570
805
5137
6405
2466
3476
5185
878
5064
6332
2197
3745
6097
1655
4287
5555
2941
2954
4269
2646
3249
4004
2900
3750
4017
2389
3506
4261
2578
4026
5945
1232
5741
6487
2002
4602
4971
2531
4679
4692
1683
4259
5527
2598
3344
4307
878
5064
6332
1319
4623
5586
777
5165
6196
2063
2076
3421
1768
2371
3126
2022
2872
3139
1511
2628
3383
3897
5345
5676
2551
4422
5855
3321
3652
5921
3788
3850
4444
2940
3002
5292
1279
4072
4663
2197
3745
6097
1319
4623
5586
542
4809
5400
1828
1841
3186
1533
2136
2891
1787
2637
2904
1276
2393
3148
3355
4803
6218
2009
4964
6397
2779
4194
5379
3308
3902
3915
2460
3482
4750
1821
3530
4121
1655
4287
5555
777
5165
6196
542
4809
5400
1286
1299
2644
991
1594
2349
1245
2095
2362
734
1851
2606
4641
4654
5999
3295
3308
4653
4065
4078
5423
2616
4594
4607
3464
3746
3759
3107
3120
3361
2941
2954
4269
2063
2076
3421
1828
1841
3186
1286
1299
2644
295
2180
2290
1076
1399
2531
565
1910
2020
4346
4949
5704
3000
3603
4358
3770
4373
5128
2911
4299
4796
3451
3759
4054
2812
3389
3415
2646
3249
4004
1768
2371
3126
1533
2136
2891
991
1594
2349
295
2180
2290
1104
1371
2236
860
1615
1725
4600
5450
5717
3254
4104
4371
4024
4658
4874
3692
4015
4553
3705
3946
4540
2285
3066
3916
2900
3750
4017
2022
2872
3139
1787
2637
2904
1245
2095
2362
1076
1399
2531
1104
1371
2236
511
1964
2829
4089
5206
5537
2743
3860
4615
3513
4630
4928
3181
4042
4526
3194
4029
4216
2555
2796
3672
2389
3506
4261
1511
2628
3383
1276
2393
3148
734
1851
2606
565
1910
2020
860
1615
1725
511
1964
2829
