01	0	1	0-1	17	1	17
02	0	2	0-2	21	1	21
03	0	3	0-1-3	22	2	44
04	0	4	0-1-3-4	23	3	69
05	0	5	0-2-5	14	2	28
06	0	6	0-2-5-6	34	3	102
07	0	7	0-1-7	18	2	36
08	0	8	0-1-7-8	37	3	111
09	0	9	0-1-7-9	37	3	111
010	0	10	0-2-5-10	27	3	81
011	0	11	0-1-7-8-11	22	4	88
012	0	12	0-1-7-8-11-12	40	5	200
013	0	13	0-1-7-9-14-13	27	5	135
014	0	14	0-1-7-9-14	42	4	168
015	0	15	0-2-5-10-15	1	4	4
016	0	16	0-1-7-8-11-12-16	4	6	24
017	0	17	0-2-5-10-15-17	9	5	45
018	0	18	0-1-7-8-11-12-16-18	32	7	224
019	0	19	0-2-5-10-15-17-19	36	6	216
020	0	20	0-2-5-10-15-17-19-20	37	7	259
10	1	0	1-0	10	1	10
12	1	2	1-2	13	1	13
13	1	3	1-3	4	1	4
14	1	4	1-3-4	3	2	6
15	1	5	1-2-5	21	2	42
16	1	6	1-7-6	6	2	12
17	1	7	1-7	2	1	2
18	1	8	1-7-8	14	2	28
19	1	9	1-7-9	20	2	40
110	1	10	1-2-5-10	42	3	126
111	1	11	1-7-8-11	49	3	147
112	1	12	1-7-8-11-12	41	4	164
113	1	13	1-7-9-14-13	28	4	112
114	1	14	1-7-9-14	20	3	60
115	1	15	1-7-9-14-15	14	4	56
116	1	16	1-7-8-11-12-16	15	5	75
117	1	17	1-7-9-14-15-17	17	5	85
118	1	18	1-7-8-11-12-16-18	42	6	252
119	1	19	1-7-9-14-15-17-19	2	6	12
120	1	20	1-7-8-11-12-16-18-20	21	7	147
20	2	0	2-0	8	1	8
21	2	1	2-1	45	1	45
23	2	3	2-1-3	38	2	76
24	2	4	2-5-4	33	2	66
25	2	5	2-5	32	1	32
26	2	6	2-5-6	49	2	98
27	2	7	2-1-7	47	2	94
28	2	8	2-1-7-8	37	3	111
29	2	9	2-1-7-9	28	3	84
210	2	10	2-5-10	11	2	22
211	2	11	2-1-7-8-11	25	4	100
212	2	12	2-1-7-8-11-12	42	5	210
213	2	13	2-5-10-15-14-13	9	5	45
214	2	14	2-5-10-15-14	27	4	108
215	2	15	2-5-10-15	34	3	102
216	2	16	2-1-7-8-11-12-16	37	6	222
217	2	17	2-5-10-15-17	13	4	52
218	2	18	2-1-7-8-11-12-16-18	13	7	91
219	2	19	2-5-10-15-17-19	11	5	55
220	2	20	2-5-10-15-17-19-20	26	6	156
30	3	0	3-1-0	9	2	18
31	3	1	3-1	32	1	32
32	3	2	3-1-2	31	2	62
34	3	4	3-4	45	1	45
35	3	5	3-4-5	40	2	80
36	3	6	3-4-5-6	42	3	126
37	3	7	3-1-7	36	2	72
38	3	8	3-1-7-8	24	3	72
39	3	9	3-1-7-9	39	3	117
310	3	10	3-4-5-10	38	3	114
311	3	11	3-1-7-8-11	45	4	180
312	3	12	3-1-7-8-11-12	31	5	155
313	3	13	3-1-7-9-14-13	3	5	15
314	3	14	3-1-7-9-14	3	4	12
315	3	15	3-4-5-10-15	25	4	100
316	3	16	3-1-7-8-11-12-16	7	6	42
317	3	17	3-4-5-10-15-17	17	5	85
318	3	18	3-1-7-8-11-12-16-18	31	7	217
319	3	19	3-4-5-10-15-17-19	3	6	18
320	3	20	3-4-5-10-15-17-19-20	24	7	168
40	4	0	4-3-1-0	49	3	147
41	4	1	4-3-1	4	2	8
42	4	2	4-5-2	19	2	38
43	4	3	4-3	11	1	11
45	4	5	4-5	24	1	24
46	4	6	4-5-6	5	2	10
47	4	7	4-3-1-7	20	3	60
48	4	8	4-3-1-7-8	6	4	24
49	4	9	4-3-1-7-9	19	4	76
410	4	10	4-5-10	45	2	90
411	4	11	4-3-1-7-8-11	47	5	235
412	4	12	4-3-1-7-8-11-12	34	6	204
413	4	13	4-5-10-15-14-13	7	5	35
414	4	14	4-5-10-15-14	9	4	36
415	4	15	4-5-10-15	39	3	117
416	4	16	4-3-1-7-8-11-12-16	38	7	266
417	4	17	4-5-10-15-17	42	4	168
418	4	18	4-5-10-15-17-19-20-18	22	7	154
419	4	19	4-5-10-15-17-19	10	5	50
420	4	20	4-5-10-15-17-19-20	36	6	216
50	5	0	5-2-0	48	2	96
51	5	1	5-2-1	6	2	12
52	5	2	5-2	27	1	27
53	5	3	5-4-3	37	2	74
54	5	4	5-4	21	1	21
56	5	6	5-6	18	1	18
57	5	7	5-6-7	46	2	92
58	5	8	5-6-7-8	2	3	6
59	5	9	5-6-7-9	14	3	42
510	5	10	5-10	35	1	35
511	5	11	5-6-7-8-11	15	4	60
512	5	12	5-6-7-8-11-12	19	5	95
513	5	13	5-10-15-14-13	13	4	52
514	5	14	5-10-15-14	11	3	33
515	5	15	5-10-15	29	2	58
516	5	16	5-6-7-8-11-12-16	12	6	72
517	5	17	5-10-15-17	40	3	120
518	5	18	5-10-15-17-19-20-18	39	6	234
519	5	19	5-10-15-17-19	22	4	88
520	5	20	5-10-15-17-19-20	22	5	110
60	6	0	6-7-1-0	35	3	105
61	6	1	6-7-1	24	2	48
62	6	2	6-5-2	15	2	30
63	6	3	6-7-1-3	45	3	135
64	6	4	6-5-4	48	2	96
65	6	5	6-5	5	1	5
67	6	7	6-7	31	1	31
68	6	8	6-7-8	14	2	28
69	6	9	6-7-9	34	2	68
610	6	10	6-5-10	1	2	2
611	6	11	6-7-8-11	28	3	84
612	6	12	6-7-8-11-12	14	4	56
613	6	13	6-7-9-14-13	34	4	136
614	6	14	6-7-9-14	48	3	144
615	6	15	6-5-10-15	23	3	69
616	6	16	6-7-8-11-12-16	28	5	140
617	6	17	6-5-10-15-17	8	4	32
618	6	18	6-7-8-11-12-16-18	8	6	48
619	6	19	6-5-10-15-17-19	4	5	20
620	6	20	6-5-10-15-17-19-20	40	6	240
70	7	0	7-1-0	35	2	70
71	7	1	7-1	33	1	33
72	7	2	7-1-2	33	2	66
73	7	3	7-1-3	22	2	44
74	7	4	7-1-3-4	22	3	66
75	7	5	7-6-5	14	2	28
76	7	6	7-6	20	1	20
78	7	8	7-8	23	1	23
79	7	9	7-9	35	1	35
710	7	10	7-6-5-10	8	3	24
711	7	11	7-8-11	25	2	50
712	7	12	7-8-11-12	38	3	114
713	7	13	7-9-14-13	26	3	78
714	7	14	7-9-14	18	2	36
715	7	15	7-9-14-15	41	3	123
716	7	16	7-8-11-12-16	41	4	164
717	7	17	7-9-14-15-17	24	4	96
718	7	18	7-8-11-12-16-18	1	5	5
719	7	19	7-9-14-15-17-19	1	5	5
720	7	20	7-8-11-12-16-18-20	30	6	180
80	8	0	8-7-1-0	6	3	18
81	8	1	8-7-1	8	2	16
82	8	2	8-7-1-2	26	3	78
83	8	3	8-7-1-3	31	3	93
84	8	4	8-7-1-3-4	15	4	60
85	8	5	8-7-6-5	29	3	87
86	8	6	8-7-6	30	2	60
87	8	7	8-7	23	1	23
89	8	9	8-7-9	35	2	70
810	8	10	8-7-6-5-10	46	4	184
811	8	11	8-11	12	1	12
812	8	12	8-11-12	23	2	46
813	8	13	8-11-12-13	28	3	84
814	8	14	8-7-9-14	21	3	63
815	8	15	8-7-9-14-15	38	4	152
816	8	16	8-11-12-16	33	3	99
817	8	17	8-7-9-14-15-17	13	5	65
818	8	18	8-11-12-16-18	25	4	100
819	8	19	8-7-9-14-15-17-19	16	6	96
820	8	20	8-11-12-16-18-20	10	5	50
90	9	0	9-7-1-0	37	3	111
91	9	1	9-7-1	3	2	6
92	9	2	9-7-1-2	19	3	57
93	9	3	9-7-1-3	16	3	48
94	9	4	9-7-1-3-4	6	4	24
95	9	5	9-7-6-5	21	3	63
96	9	6	9-7-6	12	2	24
97	9	7	9-7	15	1	15
98	9	8	9-7-8	6	2	12
910	9	10	9-14-15-10	15	3	45
911	9	11	9-7-8-11	32	3	96
912	9	12	9-14-13-12	11	3	33
913	9	13	9-14-13	8	2	16
914	9	14	9-14	38	1	38
915	9	15	9-14-15	12	2	24
916	9	16	9-14-13-12-16	24	4	96
917	9	17	9-14-15-17	29	3	87
918	9	18	9-14-13-12-16-18	14	5	70
919	9	19	9-14-15-17-19	29	4	116
920	9	20	9-14-15-17-19-20	28	5	140
100	10	0	10-5-2-0	44	3	132
101	10	1	10-5-2-1	34	3	102
102	10	2	10-5-2	44	2	88
103	10	3	10-5-4-3	46	3	138
104	10	4	10-5-4	5	2	10
105	10	5	10-5	43	1	43
106	10	6	10-5-6	39	2	78
107	10	7	10-5-6-7	19	3	57
108	10	8	10-5-6-7-8	8	4	32
109	10	9	10-15-14-9	38	3	114
1011	10	11	10-15-14-13-12-11	26	5	130
1012	10	12	10-15-14-13-12	19	4	76
1013	10	13	10-15-14-13	7	3	21
1014	10	14	10-15-14	15	2	30
1015	10	15	10-15	28	1	28
1016	10	16	10-15-14-13-12-16	17	5	85
1017	10	17	10-15-17	43	2	86
1018	10	18	10-15-17-19-20-18	23	5	115
1019	10	19	10-15-17-19	36	3	108
1020	10	20	10-15-17-19-20	1	4	4
110	11	0	11-8-7-1-0	44	4	176
111	11	1	11-8-7-1	8	3	24
112	11	2	11-8-7-1-2	14	4	56
113	11	3	11-8-7-1-3	13	4	52
114	11	4	11-8-7-1-3-4	4	5	20
115	11	5	11-8-7-6-5	47	4	188
116	11	6	11-8-7-6	23	3	69
117	11	7	11-8-7	7	2	14
118	11	8	11-8	31	1	31
119	11	9	11-8-7-9	4	3	12
1110	11	10	11-12-13-14-15-10	25	5	125
1112	11	12	11-12	36	1	36
1113	11	13	11-12-13	5	2	10
1114	11	14	11-12-13-14	21	3	63
1115	11	15	11-12-13-14-15	1	4	4
1116	11	16	11-12-16	24	2	48
1117	11	17	11-12-13-14-15-17	42	5	210
1118	11	18	11-12-16-18	20	3	60
1119	11	19	11-12-16-18-20-19	45	5	225
1120	11	20	11-12-16-18-20	37	4	148
120	12	0	12-11-8-7-1-0	15	5	75
121	12	1	12-11-8-7-1	3	4	12
122	12	2	12-11-8-7-1-2	8	5	40
123	12	3	12-11-8-7-1-3	17	5	85
124	12	4	12-11-8-7-1-3-4	25	6	150
125	12	5	12-11-8-7-6-5	38	5	190
126	12	6	12-11-8-7-6	35	4	140
127	12	7	12-11-8-7	38	3	114
128	12	8	12-11-8	45	2	90
129	12	9	12-13-14-9	14	3	42
1210	12	10	12-13-14-15-10	48	4	192
1211	12	11	12-11	41	1	41
1213	12	13	12-13	10	1	10
1214	12	14	12-13-14	6	2	12
1215	12	15	12-13-14-15	38	3	114
1216	12	16	12-16	22	1	22
1217	12	17	12-13-14-15-17	9	4	36
1218	12	18	12-16-18	13	2	26
1219	12	19	12-16-18-20-19	39	4	156
1220	12	20	12-16-18-20	13	3	39
130	13	0	13-14-9-7-1-0	16	5	80
131	13	1	13-14-9-7-1	11	4	44
132	13	2	13-14-9-7-1-2	6	5	30
133	13	3	13-14-9-7-1-3	46	5	230
134	13	4	13-14-15-10-5-4	27	5	135
135	13	5	13-14-15-10-5	26	4	104
136	13	6	13-14-9-7-6	20	4	80
137	13	7	13-14-9-7	17	3	51
138	13	8	13-12-11-8	34	3	102
139	13	9	13-14-9	33	2	66
1310	13	10	13-14-15-10	15	3	45
1311	13	11	13-12-11	41	2	82
1312	13	12	13-12	34	1	34
1314	13	14	13-14	37	1	37
1315	13	15	13-14-15	23	2	46
1316	13	16	13-12-16	37	2	74
1317	13	17	13-14-15-17	27	3	81
1318	13	18	13-12-16-18	32	3	96
1319	13	19	13-14-15-17-19	18	4	72
1320	13	20	13-12-16-18-20	30	4	120
140	14	0	14-9-7-1-0	16	4	64
141	14	1	14-9-7-1	1	3	3
142	14	2	14-9-7-1-2	23	4	92
143	14	3	14-9-7-1-3	19	4	76
144	14	4	14-15-10-5-4	7	4	28
145	14	5	14-15-10-5	13	3	39
146	14	6	14-9-7-6	20	3	60
147	14	7	14-9-7	39	2	78
148	14	8	14-9-7-8	38	3	114
149	14	9	14-9	16	1	16
1410	14	10	14-15-10	43	2	86
1411	14	11	14-13-12-11	14	3	42
1412	14	12	14-13-12	22	2	44
1413	14	13	14-13	18	1	18
1415	14	15	14-15	13	1	13
1416	14	16	14-13-12-16	9	3	27
1417	14	17	14-15-17	19	2	38
1418	14	18	14-13-12-16-18	44	4	176
1419	14	19	14-15-17-19	27	3	81
1420	14	20	14-15-17-19-20	12	4	48
150	15	0	15-10-5-2-0	48	4	192
151	15	1	15-10-5-2-1	15	4	60
152	15	2	15-10-5-2	47	3	141
153	15	3	15-10-5-4-3	39	4	156
154	15	4	15-10-5-4	20	3	60
155	15	5	15-10-5	48	2	96
156	15	6	15-10-5-6	20	3	60
157	15	7	15-14-9-7	2	3	6
158	15	8	15-14-9-7-8	16	4	64
159	15	9	15-14-9	36	2	72
1510	15	10	15-10	1	1	1
1511	15	11	15-14-13-12-11	25	4	100
1512	15	12	15-14-13-12	40	3	120
1513	15	13	15-14-13	27	2	54
1514	15	14	15-14	12	1	12
1516	15	16	15-14-13-12-16	35	4	140
1517	15	17	15-17	33	1	33
1518	15	18	15-17-19-20-18	8	4	32
1519	15	19	15-17-19	11	2	22
1520	15	20	15-17-19-20	33	3	99
160	16	0	16-12-11-8-7-1-0	1	6	6
161	16	1	16-12-11-8-7-1	35	5	175
162	16	2	16-12-11-8-7-1-2	8	6	48
163	16	3	16-12-11-8-7-1-3	27	6	162
164	16	4	16-12-11-8-7-1-3-4	2	7	14
165	16	5	16-12-11-8-7-6-5	4	6	24
166	16	6	16-12-11-8-7-6	44	5	220
167	16	7	16-12-11-8-7	33	4	132
168	16	8	16-12-11-8	7	3	21
169	16	9	16-12-13-14-9	38	4	152
1610	16	10	16-12-13-14-15-10	16	5	80
1611	16	11	16-12-11	6	2	12
1612	16	12	16-12	34	1	34
1613	16	13	16-12-13	30	2	60
1614	16	14	16-12-13-14	45	3	135
1615	16	15	16-12-13-14-15	17	4	68
1617	16	17	16-18-20-19-17	47	4	188
1618	16	18	16-18	43	1	43
1619	16	19	16-18-20-19	1	3	3
1620	16	20	16-18-20	45	2	90
170	17	0	17-15-10-5-2-0	11	5	55
171	17	1	17-15-10-5-2-1	11	5	55
172	17	2	17-15-10-5-2	13	4	52
173	17	3	17-15-10-5-4-3	13	5	65
174	17	4	17-15-10-5-4	10	4	40
175	17	5	17-15-10-5	34	3	102
176	17	6	17-15-10-5-6	44	4	176
177	17	7	17-15-14-9-7	18	4	72
178	17	8	17-15-14-9-7-8	29	5	145
179	17	9	17-15-14-9	3	3	9
1710	17	10	17-15-10	44	2	88
1711	17	11	17-15-14-13-12-11	15	5	75
1712	17	12	17-15-14-13-12	29	4	116
1713	17	13	17-15-14-13	29	3	87
1714	17	14	17-15-14	24	2	48
1715	17	15	17-15	45	1	45
1716	17	16	17-19-20-18-16	37	4	148
1718	17	18	17-19-20-18	46	3	138
1719	17	19	17-19	7	1	7
1720	17	20	17-19-20	19	2	38
180	18	0	18-16-12-11-8-7-1-0	15	7	105
181	18	1	18-16-12-11-8-7-1	40	6	240
182	18	2	18-16-12-11-8-7-1-2	34	7	238
183	18	3	18-16-12-11-8-7-1-3	39	7	273
184	18	4	18-20-19-17-15-10-5-4	31	7	217
185	18	5	18-20-19-17-15-10-5	29	6	174
186	18	6	18-16-12-11-8-7-6	3	6	18
187	18	7	18-16-12-11-8-7	29	5	145
188	18	8	18-16-12-11-8	41	4	164
189	18	9	18-16-12-13-14-9	34	5	170
1810	18	10	18-20-19-17-15-10	44	5	220
1811	18	11	18-16-12-11	5	3	15
1812	18	12	18-16-12	15	2	30
1813	18	13	18-16-12-13	14	3	42
1814	18	14	18-16-12-13-14	14	4	56
1815	18	15	18-20-19-17-15	3	4	12
1816	18	16	18-16	24	1	24
1817	18	17	18-20-19-17	10	3	30
1819	18	19	18-20-19	41	2	82
1820	18	20	18-20	31	1	31
190	19	0	19-17-15-10-5-2-0	1	6	6
191	19	1	19-17-15-10-5-2-1	2	6	12
192	19	2	19-17-15-10-5-2	46	5	230
193	19	3	19-17-15-10-5-4-3	15	6	90
194	19	4	19-17-15-10-5-4	13	5	65
195	19	5	19-17-15-10-5	9	4	36
196	19	6	19-17-15-10-5-6	9	5	45
197	19	7	19-17-15-14-9-7	40	5	200
198	19	8	19-20-18-16-12-11-8	30	6	180
199	19	9	19-17-15-14-9	38	4	152
1910	19	10	19-17-15-10	7	3	21
1911	19	11	19-20-18-16-12-11	46	5	230
1912	19	12	19-20-18-16-12	24	4	96
1913	19	13	19-17-15-14-13	32	4	128
1914	19	14	19-17-15-14	25	3	75
1915	19	15	19-17-15	39	2	78
1916	19	16	19-20-18-16	44	3	132
1917	19	17	19-17	41	1	41
1918	19	18	19-20-18	11	2	22
1920	19	20	19-20	3	1	3
200	20	0	20-19-17-15-10-5-2-0	37	7	259
201	20	1	20-19-17-15-10-5-2-1	39	7	273
202	20	2	20-19-17-15-10-5-2	23	6	138
203	20	3	20-19-17-15-10-5-4-3	44	7	308
204	20	4	20-19-17-15-10-5-4	43	6	258
205	20	5	20-19-17-15-10-5	3	5	15
206	20	6	20-19-17-15-10-5-6	49	6	294
207	20	7	20-18-16-12-11-8-7	39	6	234
208	20	8	20-18-16-12-11-8	33	5	165
209	20	9	20-19-17-15-14-9	4	5	20
2010	20	10	20-19-17-15-10	42	4	168
2011	20	11	20-18-16-12-11	25	4	100
2012	20	12	20-18-16-12	36	3	108
2013	20	13	20-18-16-12-13	32	4	128
2014	20	14	20-19-17-15-14	3	4	12
2015	20	15	20-19-17-15	17	3	51
2016	20	16	20-18-16	1	2	2
2017	20	17	20-19-17	46	2	92
2018	20	18	20-18	8	1	8
2019	20	19	20-19	28	1	28
