01	0	1	0-1	99	1346	133254
01	0	1	0-2-1	99	2794	276606
01	0	1	0-3-4-6-7-1	99	7177	710523
01	0	1	0-2-5-8-9-7-1	99	8227	814473
01	0	1	0-2-5-4-6-7-1	99	8973	888327
01	0	1	0-3-4-5-2-1	99	9066	897534
02	0	2	0-2	74	2024	149776
02	0	2	0-1-2	74	2116	156584
02	0	2	0-1-7-9-8-5-2	74	7549	558626
02	0	2	0-3-4-6-7-1-2	74	7947	588078
02	0	2	0-1-7-6-4-5-2	74	8295	613830
02	0	2	0-3-4-5-2	74	8296	613904
03	0	3	0-3	18	3414	61452
03	0	3	0-1-7-6-4-3	18	5109	91962
03	0	3	0-2-1-7-6-4-3	18	6557	118026
03	0	3	0-2-5-4-3	18	6906	124308
03	0	3	0-1-2-5-4-3	18	6998	125964
03	0	3	0-1-7-9-11-10-3	18	7257	130626
04	0	4	0-1-7-6-4	64	4261	272704
04	0	4	0-3-4	64	4262	272768
04	0	4	0-2-1-7-6-4	64	5709	365376
04	0	4	0-2-5-4	64	6058	387712
04	0	4	0-1-2-5-4	64	6150	393600
04	0	4	0-1-7-9-8-5-4	64	6837	437568
05	0	5	0-2-5	72	4397	316584
05	0	5	0-1-2-5	72	4489	323208
05	0	5	0-1-7-9-8-5	72	5176	372672
05	0	5	0-1-7-6-4-5	72	5922	426384
05	0	5	0-3-4-5	72	5923	426456
05	0	5	0-2-1-7-9-8-5	72	6624	476928
06	0	6	0-1-7-6	98	3456	338688
06	0	6	0-2-1-7-6	98	4904	480592
06	0	6	0-3-4-6	98	5067	496566
06	0	6	0-2-5-4-6	98	6863	672574
06	0	6	0-1-2-5-4-6	98	6955	681590
06	0	6	0-1-7-9-8-5-4-6	98	7642	748916
07	0	7	0-1-7	76	2578	195928
07	0	7	0-2-1-7	76	4026	305976
07	0	7	0-3-4-6-7	76	5945	451820
07	0	7	0-2-5-8-9-7	76	6995	531620
07	0	7	0-1-2-5-8-9-7	76	7087	538612
07	0	7	0-2-5-4-6-7	76	7741	588316
08	0	8	0-1-7-9-8	43	3897	167571
08	0	8	0-2-1-7-9-8	43	5345	229835
08	0	8	0-2-5-8	43	5676	244068
08	0	8	0-1-2-5-8	43	5768	248024
08	0	8	0-1-7-6-4-5-8	43	7201	309643
08	0	8	0-3-4-5-8	43	7202	309686
09	0	9	0-1-7-9	26	3355	87230
09	0	9	0-2-1-7-9	26	4803	124878
09	0	9	0-2-5-8-9	26	6218	161668
09	0	9	0-1-2-5-8-9	26	6310	164060
09	0	9	0-3-4-6-7-9	26	6722	174772
09	0	9	0-3-10-11-9	26	7316	190216
010	0	10	0-1-7-9-11-10	98	4641	454818
010	0	10	0-1-7-9-13-10	98	4654	456092
010	0	10	0-1-7-9-13-12-11-10	98	5999	587902
010	0	10	0-3-10	98	6030	590940
010	0	10	0-2-1-7-9-11-10	98	6089	596722
010	0	10	0-2-1-7-9-13-10	98	6102	597996
011	0	11	0-1-7-9-11	22	4346	95612
011	0	11	0-1-7-9-13-10-11	22	4949	108878
011	0	11	0-1-7-9-13-12-11	22	5704	125488
011	0	11	0-2-1-7-9-11	22	5794	127468
011	0	11	0-3-10-11	22	6325	139150
011	0	11	0-2-1-7-9-13-10-11	22	6397	140734
012	0	12	0-1-7-9-13-12	41	4600	188600
012	0	12	0-1-7-9-11-12	41	5450	223450
012	0	12	0-1-7-9-11-10-13-12	41	5717	234397
012	0	12	0-2-1-7-9-13-12	41	6048	247968
012	0	12	0-1-7-9-13-10-11-12	41	6053	248173
012	0	12	0-2-5-12	41	6682	273962
013	0	13	0-1-7-9-13	30	4089	122670
013	0	13	0-1-7-9-11-10-13	30	5206	156180
013	0	13	0-2-1-7-9-13	30	5537	166110
013	0	13	0-1-7-9-11-12-13	30	5961	178830
013	0	13	0-3-10-13	30	6595	197850
013	0	13	0-2-1-7-9-11-10-13	30	6654	199620
10	1	0	1-0	50	1346	67300
10	1	0	1-2-0	50	2794	139700
10	1	0	1-7-6-4-3-0	50	7177	358850
10	1	0	1-7-9-8-5-2-0	50	8227	411350
10	1	0	1-7-6-4-5-2-0	50	8973	448650
10	1	0	1-2-5-4-3-0	50	9066	453300
12	1	2	1-2	46	770	35420
12	1	2	1-0-2	46	3370	155020
12	1	2	1-7-9-8-5-2	46	6203	285338
12	1	2	1-7-6-4-5-2	46	6949	319654
12	1	2	1-7-9-13-12-5-2	46	7912	363952
12	1	2	1-7-9-11-12-5-2	46	8762	403052
13	1	3	1-7-6-4-3	49	3763	184387
13	1	3	1-0-3	49	4760	233240
13	1	3	1-2-5-4-3	49	5652	276948
13	1	3	1-7-9-11-10-3	49	5911	289639
13	1	3	1-7-9-13-10-3	49	5924	290276
13	1	3	1-2-0-3	49	6208	304192
14	1	4	1-7-6-4	34	2915	99110
14	1	4	1-2-5-4	34	4804	163336
14	1	4	1-7-9-8-5-4	34	5491	186694
14	1	4	1-0-3-4	34	5608	190672
14	1	4	1-7-9-11-10-3-4	34	6759	229806
14	1	4	1-7-9-13-10-3-4	34	6772	230248
15	1	5	1-2-5	10	3143	31430
15	1	5	1-7-9-8-5	10	3830	38300
15	1	5	1-7-6-4-5	10	4576	45760
15	1	5	1-7-9-13-12-5	10	5539	55390
15	1	5	1-0-2-5	10	5743	57430
15	1	5	1-7-9-11-12-5	10	6389	63890
16	1	6	1-7-6	81	2110	170910
16	1	6	1-2-5-4-6	81	5609	454329
16	1	6	1-7-9-8-5-4-6	81	6296	509976
16	1	6	1-0-3-4-6	81	6413	519453
16	1	6	1-2-5-8-9-7-6	81	6619	536139
16	1	6	1-7-9-11-10-3-4-6	81	7564	612684
17	1	7	1-7	53	1232	65296
17	1	7	1-2-5-8-9-7	53	5741	304273
17	1	7	1-2-5-4-6-7	53	6487	343811
17	1	7	1-0-3-4-6-7	53	7291	386423
17	1	7	1-2-5-12-13-9-7	53	7450	394850
17	1	7	1-2-5-12-11-9-7	53	8300	439900
18	1	8	1-7-9-8	72	2551	183672
18	1	8	1-2-5-8	72	4422	318384
18	1	8	1-7-6-4-5-8	72	5855	421560
18	1	8	1-7-9-13-12-5-8	72	6818	490896
18	1	8	1-0-2-5-8	72	7022	505584
18	1	8	1-2-5-12-13-9-8	72	7215	519480
19	1	9	1-7-9	76	2009	152684
19	1	9	1-2-5-8-9	76	4964	377264
19	1	9	1-7-6-4-5-8-9	76	6397	486172
19	1	9	1-2-5-12-13-9	76	6673	507148
19	1	9	1-2-5-4-6-7-9	76	7264	552064
19	1	9	1-2-5-12-11-9	76	7523	571748
110	1	10	1-7-9-11-10	68	3295	224060
110	1	10	1-7-9-13-10	68	3308	224944
110	1	10	1-7-9-13-12-11-10	68	4653	316404
110	1	10	1-7-9-11-12-13-10	68	5180	352240
110	1	10	1-2-5-8-9-11-10	68	6250	425000
110	1	10	1-2-5-8-9-13-10	68	6263	425884
111	1	11	1-7-9-11	89	3000	267000
111	1	11	1-7-9-13-10-11	89	3603	320667
111	1	11	1-7-9-13-12-11	89	4358	387862
111	1	11	1-2-5-8-9-11	89	5955	529995
111	1	11	1-2-5-12-11	89	6532	581348
111	1	11	1-2-5-8-9-13-10-11	89	6558	583662
112	1	12	1-7-9-13-12	61	3254	198494
112	1	12	1-7-9-11-12	61	4104	250344
112	1	12	1-7-9-11-10-13-12	61	4371	266631
112	1	12	1-7-9-13-10-11-12	61	4707	287127
112	1	12	1-2-5-12	61	5428	331108
112	1	12	1-7-9-8-5-12	61	6115	373015
113	1	13	1-7-9-13	75	2743	205725
113	1	13	1-7-9-11-10-13	75	3860	289500
113	1	13	1-7-9-11-12-13	75	4615	346125
113	1	13	1-2-5-8-9-13	75	5698	427350
113	1	13	1-2-5-12-13	75	5939	445425
113	1	13	1-7-9-8-5-12-13	75	6626	496950
20	2	0	2-0	23	2024	46552
20	2	0	2-1-0	23	2116	48668
20	2	0	2-5-8-9-7-1-0	23	7549	173627
20	2	0	2-1-7-6-4-3-0	23	7947	182781
20	2	0	2-5-4-6-7-1-0	23	8295	190785
20	2	0	2-5-4-3-0	23	8296	190808
21	2	1	2-1	54	770	41580
21	2	1	2-0-1	54	3370	181980
21	2	1	2-5-8-9-7-1	54	6203	334962
21	2	1	2-5-4-6-7-1	54	6949	375246
21	2	1	2-5-12-13-9-7-1	54	7912	427248
21	2	1	2-5-12-11-9-7-1	54	8762	473148
23	2	3	2-1-7-6-4-3	94	4533	426102
23	2	3	2-5-4-3	94	4882	458908
23	2	3	2-0-3	94	5438	511172
23	2	3	2-1-0-3	94	5530	519820
23	2	3	2-1-7-9-11-10-3	94	6681	628014
23	2	3	2-1-7-9-13-10-3	94	6694	629236
24	2	4	2-1-7-6-4	55	3685	202675
24	2	4	2-5-4	55	4034	221870
24	2	4	2-1-7-9-8-5-4	55	6261	344355
24	2	4	2-0-1-7-6-4	55	6285	345675
24	2	4	2-0-3-4	55	6286	345730
24	2	4	2-1-0-3-4	55	6378	350790
25	2	5	2-5	84	2373	199332
25	2	5	2-1-7-9-8-5	84	4600	386400
25	2	5	2-1-7-6-4-5	84	5346	449064
25	2	5	2-1-7-9-13-12-5	84	6309	529956
25	2	5	2-1-7-9-11-12-5	84	7159	601356
25	2	5	2-0-1-7-9-8-5	84	7200	604800
26	2	6	2-1-7-6	64	2880	184320
26	2	6	2-5-4-6	64	4839	309696
26	2	6	2-0-1-7-6	64	5480	350720
26	2	6	2-5-8-9-7-6	64	5849	374336
26	2	6	2-1-7-9-8-5-4-6	64	7066	452224
26	2	6	2-0-3-4-6	64	7091	453824
27	2	7	2-1-7	31	2002	62062
27	2	7	2-0-1-7	31	4602	142662
27	2	7	2-5-8-9-7	31	4971	154101
27	2	7	2-5-4-6-7	31	5717	177227
27	2	7	2-5-12-13-9-7	31	6680	207080
27	2	7	2-5-12-11-9-7	31	7530	233430
28	2	8	2-1-7-9-8	97	3321	322137
28	2	8	2-5-8	97	3652	354244
28	2	8	2-0-1-7-9-8	97	5921	574337
28	2	8	2-5-12-13-9-8	97	6445	625165
28	2	8	2-1-7-6-4-5-8	97	6625	642625
28	2	8	2-5-4-6-7-9-8	97	7036	682492
29	2	9	2-1-7-9	29	2779	80591
29	2	9	2-5-8-9	29	4194	121626
29	2	9	2-0-1-7-9	29	5379	155991
29	2	9	2-5-12-13-9	29	5903	171187
29	2	9	2-5-4-6-7-9	29	6494	188326
29	2	9	2-5-12-11-9	29	6753	195837
210	2	10	2-1-7-9-11-10	46	4065	186990
210	2	10	2-1-7-9-13-10	46	4078	187588
210	2	10	2-1-7-9-13-12-11-10	46	5423	249458
210	2	10	2-5-8-9-11-10	46	5480	252080
210	2	10	2-5-8-9-13-10	46	5493	252678
210	2	10	2-5-12-13-10	46	5734	263764
211	2	11	2-1-7-9-11	40	3770	150800
211	2	11	2-1-7-9-13-10-11	40	4373	174920
211	2	11	2-1-7-9-13-12-11	40	5128	205120
211	2	11	2-5-8-9-11	40	5185	207400
211	2	11	2-5-12-11	40	5762	230480
211	2	11	2-5-8-9-13-10-11	40	5788	231520
212	2	12	2-1-7-9-13-12	58	4024	233392
212	2	12	2-5-12	58	4658	270164
212	2	12	2-1-7-9-11-12	58	4874	282692
212	2	12	2-1-7-9-11-10-13-12	58	5141	298178
212	2	12	2-5-8-9-13-12	58	5439	315462
212	2	12	2-1-7-9-13-10-11-12	58	5477	317666
213	2	13	2-1-7-9-13	97	3513	340761
213	2	13	2-1-7-9-11-10-13	97	4630	449110
213	2	13	2-5-8-9-13	97	4928	478016
213	2	13	2-5-12-13	97	5169	501393
213	2	13	2-1-7-9-11-12-13	97	5385	522345
213	2	13	2-5-8-9-11-10-13	97	6045	586365
30	3	0	3-0	5	3414	17070
30	3	0	3-4-6-7-1-0	5	5109	25545
30	3	0	3-4-6-7-1-2-0	5	6557	32785
30	3	0	3-4-5-2-0	5	6906	34530
30	3	0	3-4-5-2-1-0	5	6998	34990
30	3	0	3-10-11-9-7-1-0	5	7257	36285
31	3	1	3-4-6-7-1	26	3763	97838
31	3	1	3-0-1	26	4760	123760
31	3	1	3-4-5-2-1	26	5652	146952
31	3	1	3-10-11-9-7-1	26	5911	153686
31	3	1	3-10-13-9-7-1	26	5924	154024
31	3	1	3-0-2-1	26	6208	161408
32	3	2	3-4-6-7-1-2	88	4533	398904
32	3	2	3-4-5-2	88	4882	429616
32	3	2	3-0-2	88	5438	478544
32	3	2	3-0-1-2	88	5530	486640
32	3	2	3-10-11-9-7-1-2	88	6681	587928
32	3	2	3-10-13-9-7-1-2	88	6694	589072
34	3	4	3-4	35	848	29680
34	3	4	3-10-11-9-7-6-4	35	6362	222670
34	3	4	3-10-13-9-7-6-4	35	6375	223125
34	3	4	3-10-11-9-8-5-4	35	7384	258440
34	3	4	3-10-13-9-8-5-4	35	7397	258895
34	3	4	3-10-13-12-5-4	35	7638	267330
35	3	5	3-4-5	93	2509	233337
35	3	5	3-4-6-7-9-8-5	93	5129	476997
35	3	5	3-10-11-9-8-5	93	5723	532239
35	3	5	3-10-13-9-8-5	93	5736	533448
35	3	5	3-10-13-12-5	93	5977	555861
35	3	5	3-10-11-12-5	93	6300	585900
36	3	6	3-4-6	97	1653	160341
36	3	6	3-10-11-9-7-6	97	5557	539029
36	3	6	3-10-13-9-7-6	97	5570	540290
36	3	6	3-4-5-8-9-7-6	97	5985	580545
36	3	6	3-0-1-7-6	97	6870	666390
36	3	6	3-10-11-12-13-9-7-6	97	6915	670755
37	3	7	3-4-6-7	77	2531	194887
37	3	7	3-10-11-9-7	77	4679	360283
37	3	7	3-10-13-9-7	77	4692	361284
37	3	7	3-4-5-8-9-7	77	5107	393239
37	3	7	3-0-1-7	77	5992	461384
37	3	7	3-10-11-12-13-9-7	77	6037	464849
38	3	8	3-4-5-8	43	3788	162884
38	3	8	3-4-6-7-9-8	43	3850	165550
38	3	8	3-10-11-9-8	43	4444	191092
38	3	8	3-10-13-9-8	43	4457	191651
38	3	8	3-10-11-12-13-9-8	43	5802	249486
38	3	8	3-10-13-12-11-9-8	43	6329	272147
39	3	9	3-4-6-7-9	26	3308	86008
39	3	9	3-10-11-9	26	3902	101452
39	3	9	3-10-13-9	26	3915	101790
39	3	9	3-4-5-8-9	26	4330	112580
39	3	9	3-10-11-12-13-9	26	5260	136760
39	3	9	3-10-13-12-11-9	26	5787	150462
310	3	10	3-10	92	2616	240672
310	3	10	3-4-6-7-9-11-10	92	4594	422648
310	3	10	3-4-6-7-9-13-10	92	4607	423844
310	3	10	3-4-5-8-9-11-10	92	5616	516672
310	3	10	3-4-5-8-9-13-10	92	5629	517868
310	3	10	3-4-5-12-13-10	92	5870	540040
311	3	11	3-10-11	7	2911	20377
311	3	11	3-4-6-7-9-11	7	4299	30093
311	3	11	3-10-13-12-11	7	4796	33572
311	3	11	3-4-6-7-9-13-10-11	7	4902	34314
311	3	11	3-10-13-9-11	7	4906	34342
311	3	11	3-4-5-8-9-11	7	5321	37247
312	3	12	3-10-13-12	80	3692	295360
312	3	12	3-10-11-12	80	4015	321200
312	3	12	3-4-6-7-9-13-12	80	4553	364240
312	3	12	3-4-5-12	80	4794	383520
312	3	12	3-10-11-9-13-12	80	5147	411760
312	3	12	3-4-6-7-9-11-12	80	5403	432240
313	3	13	3-10-13	56	3181	178136
313	3	13	3-4-6-7-9-13	56	4042	226352
313	3	13	3-10-11-12-13	56	4526	253456
313	3	13	3-10-11-9-13	56	4636	259616
313	3	13	3-4-5-8-9-13	56	5064	283584
313	3	13	3-4-6-7-9-11-10-13	56	5159	288904
40	4	0	4-6-7-1-0	67	4261	285487
40	4	0	4-3-0	67	4262	285554
40	4	0	4-6-7-1-2-0	67	5709	382503
40	4	0	4-5-2-0	67	6058	405886
40	4	0	4-5-2-1-0	67	6150	412050
40	4	0	4-5-8-9-7-1-0	67	6837	458079
41	4	1	4-6-7-1	14	2915	40810
41	4	1	4-5-2-1	14	4804	67256
41	4	1	4-5-8-9-7-1	14	5491	76874
41	4	1	4-3-0-1	14	5608	78512
41	4	1	4-3-10-11-9-7-1	14	6759	94626
41	4	1	4-3-10-13-9-7-1	14	6772	94808
42	4	2	4-6-7-1-2	77	3685	283745
42	4	2	4-5-2	77	4034	310618
42	4	2	4-5-8-9-7-1-2	77	6261	482097
42	4	2	4-6-7-1-0-2	77	6285	483945
42	4	2	4-3-0-2	77	6286	484022
42	4	2	4-3-0-1-2	77	6378	491106
43	4	3	4-3	82	848	69536
43	4	3	4-6-7-9-11-10-3	82	6362	521684
43	4	3	4-6-7-9-13-10-3	82	6375	522750
43	4	3	4-5-8-9-11-10-3	82	7384	605488
43	4	3	4-5-8-9-13-10-3	82	7397	606554
43	4	3	4-5-12-13-10-3	82	7638	626316
45	4	5	4-5	59	1661	97999
45	4	5	4-6-7-9-8-5	59	4281	252579
45	4	5	4-6-7-9-13-12-5	59	5990	353410
45	4	5	4-6-7-1-2-5	59	6058	357422
45	4	5	4-3-10-11-9-8-5	59	6571	387689
45	4	5	4-3-10-13-9-8-5	59	6584	388456
46	4	6	4-6	79	805	63595
46	4	6	4-5-8-9-7-6	79	5137	405823
46	4	6	4-3-10-11-9-7-6	79	6405	505995
46	4	6	4-3-10-13-9-7-6	79	6418	507022
46	4	6	4-5-12-13-9-7-6	79	6846	540834
46	4	6	4-5-2-1-7-6	79	6914	546206
47	4	7	4-6-7	58	1683	97614
47	4	7	4-5-8-9-7	58	4259	247022
47	4	7	4-3-10-11-9-7	58	5527	320566
47	4	7	4-3-10-13-9-7	58	5540	321320
47	4	7	4-5-12-13-9-7	58	5968	346144
47	4	7	4-5-2-1-7	58	6036	350088
48	4	8	4-5-8	4	2940	11760
48	4	8	4-6-7-9-8	4	3002	12008
48	4	8	4-3-10-11-9-8	4	5292	21168
48	4	8	4-3-10-13-9-8	4	5305	21220
48	4	8	4-5-12-13-9-8	4	5733	22932
48	4	8	4-5-12-11-9-8	4	6583	26332
49	4	9	4-6-7-9	60	2460	147600
49	4	9	4-5-8-9	60	3482	208920
49	4	9	4-3-10-11-9	60	4750	285000
49	4	9	4-3-10-13-9	60	4763	285780
49	4	9	4-5-12-13-9	60	5191	311460
49	4	9	4-5-12-11-9	60	6041	362460
410	4	10	4-3-10	47	3464	162808
410	4	10	4-6-7-9-11-10	47	3746	176062
410	4	10	4-6-7-9-13-10	47	3759	176673
410	4	10	4-5-8-9-11-10	47	4768	224096
410	4	10	4-5-8-9-13-10	47	4781	224707
410	4	10	4-5-12-13-10	47	5022	236034
411	4	11	4-6-7-9-11	53	3451	182903
411	4	11	4-3-10-11	53	3759	199227
411	4	11	4-6-7-9-13-10-11	53	4054	214862
411	4	11	4-5-8-9-11	53	4473	237069
411	4	11	4-6-7-9-13-12-11	53	4809	254877
411	4	11	4-5-12-11	53	5050	267650
412	4	12	4-6-7-9-13-12	3	3705	11115
412	4	12	4-5-12	3	3946	11838
412	4	12	4-3-10-13-12	3	4540	13620
412	4	12	4-6-7-9-11-12	3	4555	13665
412	4	12	4-5-8-9-13-12	3	4727	14181
412	4	12	4-6-7-9-11-10-13-12	3	4822	14466
413	4	13	4-6-7-9-13	34	3194	108596
413	4	13	4-3-10-13	34	4029	136986
413	4	13	4-5-8-9-13	34	4216	143344
413	4	13	4-6-7-9-11-10-13	34	4311	146574
413	4	13	4-5-12-13	34	4457	151538
413	4	13	4-6-7-9-11-12-13	34	5066	172244
50	5	0	5-2-0	57	4397	250629
50	5	0	5-2-1-0	57	4489	255873
50	5	0	5-8-9-7-1-0	57	5176	295032
50	5	0	5-4-6-7-1-0	57	5922	337554
50	5	0	5-4-3-0	57	5923	337611
50	5	0	5-8-9-7-1-2-0	57	6624	377568
51	5	1	5-2-1	82	3143	257726
51	5	1	5-8-9-7-1	82	3830	314060
51	5	1	5-4-6-7-1	82	4576	375232
51	5	1	5-12-13-9-7-1	82	5539	454198
51	5	1	5-2-0-1	82	5743	470926
51	5	1	5-12-11-9-7-1	82	6389	523898
52	5	2	5-2	23	2373	54579
52	5	2	5-8-9-7-1-2	23	4600	105800
52	5	2	5-4-6-7-1-2	23	5346	122958
52	5	2	5-12-13-9-7-1-2	23	6309	145107
52	5	2	5-12-11-9-7-1-2	23	7159	164657
52	5	2	5-8-9-7-1-0-2	23	7200	165600
53	5	3	5-4-3	61	2509	153049
53	5	3	5-8-9-7-6-4-3	61	5129	312869
53	5	3	5-8-9-11-10-3	61	5723	349103
53	5	3	5-8-9-13-10-3	61	5736	349896
53	5	3	5-12-13-10-3	61	5977	364597
53	5	3	5-12-11-10-3	61	6300	384300
54	5	4	5-4	33	1661	54813
54	5	4	5-8-9-7-6-4	33	4281	141273
54	5	4	5-12-13-9-7-6-4	33	5990	197670
54	5	4	5-2-1-7-6-4	33	6058	199914
54	5	4	5-8-9-11-10-3-4	33	6571	216843
54	5	4	5-8-9-13-10-3-4	33	6584	217272
56	5	6	5-4-6	40	2466	98640
56	5	6	5-8-9-7-6	40	3476	139040
56	5	6	5-12-13-9-7-6	40	5185	207400
56	5	6	5-2-1-7-6	40	5253	210120
56	5	6	5-12-11-9-7-6	40	6035	241400
56	5	6	5-12-13-10-11-9-7-6	40	6302	252080
57	5	7	5-8-9-7	27	2598	70146
57	5	7	5-4-6-7	27	3344	90288
57	5	7	5-12-13-9-7	27	4307	116289
57	5	7	5-2-1-7	27	4375	118125
57	5	7	5-12-11-9-7	27	5157	139239
57	5	7	5-12-13-10-11-9-7	27	5424	146448
58	5	8	5-8	81	1279	103599
58	5	8	5-12-13-9-8	81	4072	329832
58	5	8	5-4-6-7-9-8	81	4663	377703
58	5	8	5-12-11-9-8	81	4922	398682
58	5	8	5-12-13-10-11-9-8	81	5189	420309
58	5	8	5-12-11-10-13-9-8	81	5525	447525
59	5	9	5-8-9	47	1821	85587
59	5	9	5-12-13-9	47	3530	165910
59	5	9	5-4-6-7-9	47	4121	193687
59	5	9	5-12-11-9	47	4380	205860
59	5	9	5-12-13-10-11-9	47	4647	218409
59	5	9	5-12-11-10-13-9	47	4983	234201
510	5	10	5-8-9-11-10	78	3107	242346
510	5	10	5-8-9-13-10	78	3120	243360
510	5	10	5-12-13-10	78	3361	262158
510	5	10	5-12-11-10	78	3684	287352
510	5	10	5-8-9-13-12-11-10	78	4465	348270
510	5	10	5-12-13-9-11-10	78	4816	375648
511	5	11	5-8-9-11	60	2812	168720
511	5	11	5-12-11	60	3389	203340
511	5	11	5-8-9-13-10-11	60	3415	204900
511	5	11	5-12-13-10-11	60	3656	219360
511	5	11	5-8-9-13-12-11	60	4170	250200
511	5	11	5-12-13-9-11	60	4521	271260
512	5	12	5-12	55	2285	125675
512	5	12	5-8-9-13-12	55	3066	168630
512	5	12	5-8-9-11-12	55	3916	215380
512	5	12	5-8-9-11-10-13-12	55	4183	230065
512	5	12	5-8-9-13-10-11-12	55	4519	248545
512	5	12	5-4-6-7-9-13-12	55	5366	295130
513	5	13	5-8-9-13	26	2555	66430
513	5	13	5-12-13	26	2796	72696
513	5	13	5-8-9-11-10-13	26	3672	95472
513	5	13	5-12-11-10-13	26	4249	110474
513	5	13	5-8-9-11-12-13	26	4427	115102
513	5	13	5-4-6-7-9-13	26	4855	126230
60	6	0	6-7-1-0	87	3456	300672
60	6	0	6-7-1-2-0	87	4904	426648
60	6	0	6-4-3-0	87	5067	440829
60	6	0	6-4-5-2-0	87	6863	597081
60	6	0	6-4-5-2-1-0	87	6955	605085
60	6	0	6-4-5-8-9-7-1-0	87	7642	664854
61	6	1	6-7-1	38	2110	80180
61	6	1	6-4-5-2-1	38	5609	213142
61	6	1	6-4-5-8-9-7-1	38	6296	239248
61	6	1	6-4-3-0-1	38	6413	243694
61	6	1	6-7-9-8-5-2-1	38	6619	251522
61	6	1	6-4-3-10-11-9-7-1	38	7564	287432
62	6	2	6-7-1-2	92	2880	264960
62	6	2	6-4-5-2	92	4839	445188
62	6	2	6-7-1-0-2	92	5480	504160
62	6	2	6-7-9-8-5-2	92	5849	538108
62	6	2	6-4-5-8-9-7-1-2	92	7066	650072
62	6	2	6-4-3-0-2	92	7091	652372
63	6	3	6-4-3	31	1653	51243
63	6	3	6-7-9-11-10-3	31	5557	172267
63	6	3	6-7-9-13-10-3	31	5570	172670
63	6	3	6-7-9-8-5-4-3	31	5985	185535
63	6	3	6-7-1-0-3	31	6870	212970
63	6	3	6-7-9-13-12-11-10-3	31	6915	214365
64	6	4	6-4	22	805	17710
64	6	4	6-7-9-8-5-4	22	5137	113014
64	6	4	6-7-9-11-10-3-4	22	6405	140910
64	6	4	6-7-9-13-10-3-4	22	6418	141196
64	6	4	6-7-9-13-12-5-4	22	6846	150612
64	6	4	6-7-1-2-5-4	22	6914	152108
65	6	5	6-4-5	81	2466	199746
65	6	5	6-7-9-8-5	81	3476	281556
65	6	5	6-7-9-13-12-5	81	5185	419985
65	6	5	6-7-1-2-5	81	5253	425493
65	6	5	6-7-9-11-12-5	81	6035	488835
65	6	5	6-7-9-11-10-13-12-5	81	6302	510462
67	6	7	6-7	3	878	2634
67	6	7	6-4-5-8-9-7	3	5064	15192
67	6	7	6-4-3-10-11-9-7	3	6332	18996
67	6	7	6-4-3-10-13-9-7	3	6345	19035
67	6	7	6-4-5-12-13-9-7	3	6773	20319
67	6	7	6-4-5-2-1-7	3	6841	20523
68	6	8	6-7-9-8	37	2197	81289
68	6	8	6-4-5-8	37	3745	138565
68	6	8	6-4-3-10-11-9-8	37	6097	225589
68	6	8	6-4-3-10-13-9-8	37	6110	226070
68	6	8	6-7-9-13-12-5-8	37	6464	239168
68	6	8	6-7-1-2-5-8	37	6532	241684
69	6	9	6-7-9	2	1655	3310
69	6	9	6-4-5-8-9	2	4287	8574
69	6	9	6-4-3-10-11-9	2	5555	11110
69	6	9	6-4-3-10-13-9	2	5568	11136
69	6	9	6-4-5-12-13-9	2	5996	11992
69	6	9	6-4-5-12-11-9	2	6846	13692
610	6	10	6-7-9-11-10	38	2941	111758
610	6	10	6-7-9-13-10	38	2954	112252
610	6	10	6-4-3-10	38	4269	162222
610	6	10	6-7-9-13-12-11-10	38	4299	163362
610	6	10	6-7-9-11-12-13-10	38	4826	183388
610	6	10	6-4-5-8-9-11-10	38	5573	211774
611	6	11	6-7-9-11	27	2646	71442
611	6	11	6-7-9-13-10-11	27	3249	87723
611	6	11	6-7-9-13-12-11	27	4004	108108
611	6	11	6-4-3-10-11	27	4564	123228
611	6	11	6-4-5-8-9-11	27	5278	142506
611	6	11	6-4-5-12-11	27	5855	158085
612	6	12	6-7-9-13-12	33	2900	95700
612	6	12	6-7-9-11-12	33	3750	123750
612	6	12	6-7-9-11-10-13-12	33	4017	132561
612	6	12	6-7-9-13-10-11-12	33	4353	143649
612	6	12	6-4-5-12	33	4751	156783
612	6	12	6-4-3-10-13-12	33	5345	176385
613	6	13	6-7-9-13	16	2389	38224
613	6	13	6-7-9-11-10-13	16	3506	56096
613	6	13	6-7-9-11-12-13	16	4261	68176
613	6	13	6-4-3-10-13	16	4834	77344
613	6	13	6-4-5-8-9-13	16	5021	80336
613	6	13	6-4-5-12-13	16	5262	84192
70	7	0	7-1-0	26	2578	67028
70	7	0	7-1-2-0	26	4026	104676
70	7	0	7-6-4-3-0	26	5945	154570
70	7	0	7-9-8-5-2-0	26	6995	181870
70	7	0	7-9-8-5-2-1-0	26	7087	184262
70	7	0	7-6-4-5-2-0	26	7741	201266
71	7	1	7-1	29	1232	35728
71	7	1	7-9-8-5-2-1	29	5741	166489
71	7	1	7-6-4-5-2-1	29	6487	188123
71	7	1	7-6-4-3-0-1	29	7291	211439
71	7	1	7-9-13-12-5-2-1	29	7450	216050
71	7	1	7-9-11-12-5-2-1	29	8300	240700
72	7	2	7-1-2	4	2002	8008
72	7	2	7-1-0-2	4	4602	18408
72	7	2	7-9-8-5-2	4	4971	19884
72	7	2	7-6-4-5-2	4	5717	22868
72	7	2	7-9-13-12-5-2	4	6680	26720
72	7	2	7-9-11-12-5-2	4	7530	30120
73	7	3	7-6-4-3	40	2531	101240
73	7	3	7-9-11-10-3	40	4679	187160
73	7	3	7-9-13-10-3	40	4692	187680
73	7	3	7-9-8-5-4-3	40	5107	204280
73	7	3	7-1-0-3	40	5992	239680
73	7	3	7-9-13-12-11-10-3	40	6037	241480
74	7	4	7-6-4	78	1683	131274
74	7	4	7-9-8-5-4	78	4259	332202
74	7	4	7-9-11-10-3-4	78	5527	431106
74	7	4	7-9-13-10-3-4	78	5540	432120
74	7	4	7-9-13-12-5-4	78	5968	465504
74	7	4	7-1-2-5-4	78	6036	470808
75	7	5	7-9-8-5	85	2598	220830
75	7	5	7-6-4-5	85	3344	284240
75	7	5	7-9-13-12-5	85	4307	366095
75	7	5	7-1-2-5	85	4375	371875
75	7	5	7-9-11-12-5	85	5157	438345
75	7	5	7-9-11-10-13-12-5	85	5424	461040
76	7	6	7-6	17	878	14926
76	7	6	7-9-8-5-4-6	17	5064	86088
76	7	6	7-9-11-10-3-4-6	17	6332	107644
76	7	6	7-9-13-10-3-4-6	17	6345	107865
76	7	6	7-9-13-12-5-4-6	17	6773	115141
76	7	6	7-1-2-5-4-6	17	6841	116297
78	7	8	7-9-8	56	1319	73864
78	7	8	7-6-4-5-8	56	4623	258888
78	7	8	7-9-13-12-5-8	56	5586	312816
78	7	8	7-1-2-5-8	56	5654	316624
78	7	8	7-9-11-12-5-8	56	6436	360416
78	7	8	7-9-11-10-13-12-5-8	56	6703	375368
79	7	9	7-9	72	777	55944
79	7	9	7-6-4-5-8-9	72	5165	371880
79	7	9	7-1-2-5-8-9	72	6196	446112
79	7	9	7-6-4-3-10-11-9	72	6433	463176
79	7	9	7-6-4-3-10-13-9	72	6446	464112
79	7	9	7-6-4-5-12-13-9	72	6874	494928
710	7	10	7-9-11-10	8	2063	16504
710	7	10	7-9-13-10	8	2076	16608
710	7	10	7-9-13-12-11-10	8	3421	27368
710	7	10	7-9-11-12-13-10	8	3948	31584
710	7	10	7-6-4-3-10	8	5147	41176
710	7	10	7-9-8-5-12-13-10	8	5959	47672
711	7	11	7-9-11	51	1768	90168
711	7	11	7-9-13-10-11	51	2371	120921
711	7	11	7-9-13-12-11	51	3126	159426
711	7	11	7-6-4-3-10-11	51	5442	277542
711	7	11	7-9-8-5-12-11	51	5987	305337
711	7	11	7-6-4-5-8-9-11	51	6156	313956
712	7	12	7-9-13-12	52	2022	105144
712	7	12	7-9-11-12	52	2872	149344
712	7	12	7-9-11-10-13-12	52	3139	163228
712	7	12	7-9-13-10-11-12	52	3475	180700
712	7	12	7-9-8-5-12	52	4883	253916
712	7	12	7-6-4-5-12	52	5629	292708
713	7	13	7-9-13	96	1511	145056
713	7	13	7-9-11-10-13	96	2628	252288
713	7	13	7-9-11-12-13	96	3383	324768
713	7	13	7-9-8-5-12-13	96	5394	517824
713	7	13	7-6-4-3-10-13	96	5712	548352
713	7	13	7-6-4-5-8-9-13	96	5899	566304
80	8	0	8-9-7-1-0	25	3897	97425
80	8	0	8-9-7-1-2-0	25	5345	133625
80	8	0	8-5-2-0	25	5676	141900
80	8	0	8-5-2-1-0	25	5768	144200
80	8	0	8-5-4-6-7-1-0	25	7201	180025
80	8	0	8-5-4-3-0	25	7202	180050
81	8	1	8-9-7-1	49	2551	124999
81	8	1	8-5-2-1	49	4422	216678
81	8	1	8-5-4-6-7-1	49	5855	286895
81	8	1	8-5-12-13-9-7-1	49	6818	334082
81	8	1	8-5-2-0-1	49	7022	344078
81	8	1	8-9-13-12-5-2-1	49	7215	353535
82	8	2	8-9-7-1-2	2	3321	6642
82	8	2	8-5-2	2	3652	7304
82	8	2	8-9-7-1-0-2	2	5921	11842
82	8	2	8-9-13-12-5-2	2	6445	12890
82	8	2	8-5-4-6-7-1-2	2	6625	13250
82	8	2	8-9-7-6-4-5-2	2	7036	14072
83	8	3	8-5-4-3	63	3788	238644
83	8	3	8-9-7-6-4-3	63	3850	242550
83	8	3	8-9-11-10-3	63	4444	279972
83	8	3	8-9-13-10-3	63	4457	280791
83	8	3	8-9-13-12-11-10-3	63	5802	365526
83	8	3	8-9-11-12-13-10-3	63	6329	398727
84	8	4	8-5-4	77	2940	226380
84	8	4	8-9-7-6-4	77	3002	231154
84	8	4	8-9-11-10-3-4	77	5292	407484
84	8	4	8-9-13-10-3-4	77	5305	408485
84	8	4	8-9-13-12-5-4	77	5733	441441
84	8	4	8-9-11-12-5-4	77	6583	506891
85	8	5	8-5	83	1279	106157
85	8	5	8-9-13-12-5	83	4072	337976
85	8	5	8-9-7-6-4-5	83	4663	387029
85	8	5	8-9-11-12-5	83	4922	408526
85	8	5	8-9-11-10-13-12-5	83	5189	430687
85	8	5	8-9-13-10-11-12-5	83	5525	458575
86	8	6	8-9-7-6	35	2197	76895
86	8	6	8-5-4-6	35	3745	131075
86	8	6	8-9-11-10-3-4-6	35	6097	213395
86	8	6	8-9-13-10-3-4-6	35	6110	213850
86	8	6	8-5-12-13-9-7-6	35	6464	226240
86	8	6	8-5-2-1-7-6	35	6532	228620
87	8	7	8-9-7	62	1319	81778
87	8	7	8-5-4-6-7	62	4623	286626
87	8	7	8-5-12-13-9-7	62	5586	346332
87	8	7	8-5-2-1-7	62	5654	350548
87	8	7	8-5-12-11-9-7	62	6436	399032
87	8	7	8-5-12-13-10-11-9-7	62	6703	415586
89	8	9	8-9	19	542	10298
89	8	9	8-5-12-13-9	19	4809	91371
89	8	9	8-5-4-6-7-9	19	5400	102600
89	8	9	8-5-12-11-9	19	5659	107521
89	8	9	8-5-12-13-10-11-9	19	5926	112594
89	8	9	8-5-12-11-10-13-9	19	6262	118978
810	8	10	8-9-11-10	90	1828	164520
810	8	10	8-9-13-10	90	1841	165690
810	8	10	8-9-13-12-11-10	90	3186	286740
810	8	10	8-9-11-12-13-10	90	3713	334170
810	8	10	8-5-12-13-10	90	4640	417600
810	8	10	8-5-12-11-10	90	4963	446670
811	8	11	8-9-11	59	1533	90447
811	8	11	8-9-13-10-11	59	2136	126024
811	8	11	8-9-13-12-11	59	2891	170569
811	8	11	8-5-12-11	59	4668	275412
811	8	11	8-5-12-13-10-11	59	4935	291165
811	8	11	8-5-12-13-9-11	59	5800	342200
812	8	12	8-9-13-12	27	1787	48249
812	8	12	8-9-11-12	27	2637	71199
812	8	12	8-9-11-10-13-12	27	2904	78408
812	8	12	8-9-13-10-11-12	27	3240	87480
812	8	12	8-5-12	27	3564	96228
812	8	12	8-5-4-6-7-9-13-12	27	6645	179415
813	8	13	8-9-13	97	1276	123772
813	8	13	8-9-11-10-13	97	2393	232121
813	8	13	8-9-11-12-13	97	3148	305356
813	8	13	8-5-12-13	97	4075	395275
813	8	13	8-5-12-11-10-13	97	5528	536216
813	8	13	8-5-4-6-7-9-13	97	6134	594998
90	9	0	9-7-1-0	11	3355	36905
90	9	0	9-7-1-2-0	11	4803	52833
90	9	0	9-8-5-2-0	11	6218	68398
90	9	0	9-8-5-2-1-0	11	6310	69410
90	9	0	9-7-6-4-3-0	11	6722	73942
90	9	0	9-11-10-3-0	11	7316	80476
91	9	1	9-7-1	53	2009	106477
91	9	1	9-8-5-2-1	53	4964	263092
91	9	1	9-8-5-4-6-7-1	53	6397	339041
91	9	1	9-13-12-5-2-1	53	6673	353669
91	9	1	9-7-6-4-5-2-1	53	7264	384992
91	9	1	9-11-12-5-2-1	53	7523	398719
92	9	2	9-7-1-2	50	2779	138950
92	9	2	9-8-5-2	50	4194	209700
92	9	2	9-7-1-0-2	50	5379	268950
92	9	2	9-13-12-5-2	50	5903	295150
92	9	2	9-7-6-4-5-2	50	6494	324700
92	9	2	9-11-12-5-2	50	6753	337650
93	9	3	9-7-6-4-3	44	3308	145552
93	9	3	9-11-10-3	44	3902	171688
93	9	3	9-13-10-3	44	3915	172260
93	9	3	9-8-5-4-3	44	4330	190520
93	9	3	9-13-12-11-10-3	44	5260	231440
93	9	3	9-11-12-13-10-3	44	5787	254628
94	9	4	9-7-6-4	32	2460	78720
94	9	4	9-8-5-4	32	3482	111424
94	9	4	9-11-10-3-4	32	4750	152000
94	9	4	9-13-10-3-4	32	4763	152416
94	9	4	9-13-12-5-4	32	5191	166112
94	9	4	9-11-12-5-4	32	6041	193312
95	9	5	9-8-5	19	1821	34599
95	9	5	9-13-12-5	19	3530	67070
95	9	5	9-7-6-4-5	19	4121	78299
95	9	5	9-11-12-5	19	4380	83220
95	9	5	9-11-10-13-12-5	19	4647	88293
95	9	5	9-13-10-11-12-5	19	4983	94677
96	9	6	9-7-6	38	1655	62890
96	9	6	9-8-5-4-6	38	4287	162906
96	9	6	9-11-10-3-4-6	38	5555	211090
96	9	6	9-13-10-3-4-6	38	5568	211584
96	9	6	9-13-12-5-4-6	38	5996	227848
96	9	6	9-11-12-5-4-6	38	6846	260148
97	9	7	9-7	97	777	75369
97	9	7	9-8-5-4-6-7	97	5165	501005
97	9	7	9-8-5-2-1-7	97	6196	601012
97	9	7	9-11-10-3-4-6-7	97	6433	624001
97	9	7	9-13-10-3-4-6-7	97	6446	625262
97	9	7	9-13-12-5-4-6-7	97	6874	666778
98	9	8	9-8	43	542	23306
98	9	8	9-13-12-5-8	43	4809	206787
98	9	8	9-7-6-4-5-8	43	5400	232200
98	9	8	9-11-12-5-8	43	5659	243337
98	9	8	9-11-10-13-12-5-8	43	5926	254818
98	9	8	9-13-10-11-12-5-8	43	6262	269266
910	9	10	9-11-10	91	1286	117026
910	9	10	9-13-10	91	1299	118209
910	9	10	9-13-12-11-10	91	2644	240604
910	9	10	9-11-12-13-10	91	3171	288561
910	9	10	9-8-5-12-13-10	91	5182	471562
910	9	10	9-8-5-12-11-10	91	5505	500955
911	9	11	9-11	40	991	39640
911	9	11	9-13-10-11	40	1594	63760
911	9	11	9-13-12-11	40	2349	93960
911	9	11	9-8-5-12-11	40	5210	208400
911	9	11	9-8-5-12-13-10-11	40	5477	219080
911	9	11	9-7-6-4-3-10-11	40	6219	248760
912	9	12	9-13-12	92	1245	114540
912	9	12	9-11-12	92	2095	192740
912	9	12	9-11-10-13-12	92	2362	217304
912	9	12	9-13-10-11-12	92	2698	248216
912	9	12	9-8-5-12	92	4106	377752
912	9	12	9-7-6-4-5-12	92	6406	589352
913	9	13	9-13	4	734	2936
913	9	13	9-11-10-13	4	1851	7404
913	9	13	9-11-12-13	4	2606	10424
913	9	13	9-8-5-12-13	4	4617	18468
913	9	13	9-8-5-12-11-10-13	4	6070	24280
913	9	13	9-7-6-4-3-10-13	4	6489	25956
100	10	0	10-11-9-7-1-0	25	4641	116025
100	10	0	10-13-9-7-1-0	25	4654	116350
100	10	0	10-11-12-13-9-7-1-0	25	5999	149975
100	10	0	10-3-0	25	6030	150750
100	10	0	10-11-9-7-1-2-0	25	6089	152225
100	10	0	10-13-9-7-1-2-0	25	6102	152550
101	10	1	10-11-9-7-1	85	3295	280075
101	10	1	10-13-9-7-1	85	3308	281180
101	10	1	10-11-12-13-9-7-1	85	4653	395505
101	10	1	10-13-12-11-9-7-1	85	5180	440300
101	10	1	10-11-9-8-5-2-1	85	6250	531250
101	10	1	10-13-9-8-5-2-1	85	6263	532355
102	10	2	10-11-9-7-1-2	41	4065	166665
102	10	2	10-13-9-7-1-2	41	4078	167198
102	10	2	10-11-12-13-9-7-1-2	41	5423	222343
102	10	2	10-11-9-8-5-2	41	5480	224680
102	10	2	10-13-9-8-5-2	41	5493	225213
102	10	2	10-13-12-5-2	41	5734	235094
103	10	3	10-3	22	2616	57552
103	10	3	10-11-9-7-6-4-3	22	4594	101068
103	10	3	10-13-9-7-6-4-3	22	4607	101354
103	10	3	10-11-9-8-5-4-3	22	5616	123552
103	10	3	10-13-9-8-5-4-3	22	5629	123838
103	10	3	10-13-12-5-4-3	22	5870	129140
104	10	4	10-3-4	13	3464	45032
104	10	4	10-11-9-7-6-4	13	3746	48698
104	10	4	10-13-9-7-6-4	13	3759	48867
104	10	4	10-11-9-8-5-4	13	4768	61984
104	10	4	10-13-9-8-5-4	13	4781	62153
104	10	4	10-13-12-5-4	13	5022	65286
105	10	5	10-11-9-8-5	32	3107	99424
105	10	5	10-13-9-8-5	32	3120	99840
105	10	5	10-13-12-5	32	3361	107552
105	10	5	10-11-12-5	32	3684	117888
105	10	5	10-11-12-13-9-8-5	32	4465	142880
105	10	5	10-11-9-13-12-5	32	4816	154112
106	10	6	10-11-9-7-6	3	2941	8823
106	10	6	10-13-9-7-6	3	2954	8862
106	10	6	10-3-4-6	3	4269	12807
106	10	6	10-11-12-13-9-7-6	3	4299	12897
106	10	6	10-13-12-11-9-7-6	3	4826	14478
106	10	6	10-11-9-8-5-4-6	3	5573	16719
107	10	7	10-11-9-7	5	2063	10315
107	10	7	10-13-9-7	5	2076	10380
107	10	7	10-11-12-13-9-7	5	3421	17105
107	10	7	10-13-12-11-9-7	5	3948	19740
107	10	7	10-3-4-6-7	5	5147	25735
107	10	7	10-13-12-5-8-9-7	5	5959	29795
108	10	8	10-11-9-8	37	1828	67636
108	10	8	10-13-9-8	37	1841	68117
108	10	8	10-11-12-13-9-8	37	3186	117882
108	10	8	10-13-12-11-9-8	37	3713	137381
108	10	8	10-13-12-5-8	37	4640	171680
108	10	8	10-11-12-5-8	37	4963	183631
109	10	9	10-11-9	23	1286	29578
109	10	9	10-13-9	23	1299	29877
109	10	9	10-11-12-13-9	23	2644	60812
109	10	9	10-13-12-11-9	23	3171	72933
109	10	9	10-13-12-5-8-9	23	5182	119186
109	10	9	10-11-12-5-8-9	23	5505	126615
1011	10	11	10-11	27	295	7965
1011	10	11	10-13-12-11	27	2180	58860
1011	10	11	10-13-9-11	27	2290	61830
1011	10	11	10-13-12-5-8-9-11	27	6173	166671
1011	10	11	10-13-9-8-5-12-11	27	6509	175743
1011	10	11	10-3-4-6-7-9-11	27	6915	186705
1012	10	12	10-13-12	67	1076	72092
1012	10	12	10-11-12	67	1399	93733
1012	10	12	10-11-9-13-12	67	2531	169577
1012	10	12	10-13-9-11-12	67	3394	227398
1012	10	12	10-11-9-8-5-12	67	5392	361264
1012	10	12	10-13-9-8-5-12	67	5405	362135
1013	10	13	10-13	38	565	21470
1013	10	13	10-11-12-13	38	1910	72580
1013	10	13	10-11-9-13	38	2020	76760
1013	10	13	10-11-9-8-5-12-13	38	5903	224314
1013	10	13	10-11-12-5-8-9-13	38	6239	237082
1013	10	13	10-3-4-6-7-9-13	38	6658	253004
110	11	0	11-9-7-1-0	54	4346	234684
110	11	0	11-10-13-9-7-1-0	54	4949	267246
110	11	0	11-12-13-9-7-1-0	54	5704	308016
110	11	0	11-9-7-1-2-0	54	5794	312876
110	11	0	11-10-3-0	54	6325	341550
110	11	0	11-10-13-9-7-1-2-0	54	6397	345438
111	11	1	11-9-7-1	28	3000	84000
111	11	1	11-10-13-9-7-1	28	3603	100884
111	11	1	11-12-13-9-7-1	28	4358	122024
111	11	1	11-9-8-5-2-1	28	5955	166740
111	11	1	11-12-5-2-1	28	6532	182896
111	11	1	11-10-13-9-8-5-2-1	28	6558	183624
112	11	2	11-9-7-1-2	85	3770	320450
112	11	2	11-10-13-9-7-1-2	85	4373	371705
112	11	2	11-12-13-9-7-1-2	85	5128	435880
112	11	2	11-9-8-5-2	85	5185	440725
112	11	2	11-12-5-2	85	5762	489770
112	11	2	11-10-13-9-8-5-2	85	5788	491980
113	11	3	11-10-3	95	2911	276545
113	11	3	11-9-7-6-4-3	95	4299	408405
113	11	3	11-12-13-10-3	95	4796	455620
113	11	3	11-10-13-9-7-6-4-3	95	4902	465690
113	11	3	11-9-13-10-3	95	4906	466070
113	11	3	11-9-8-5-4-3	95	5321	505495
114	11	4	11-9-7-6-4	79	3451	272629
114	11	4	11-10-3-4	79	3759	296961
114	11	4	11-10-13-9-7-6-4	79	4054	320266
114	11	4	11-9-8-5-4	79	4473	353367
114	11	4	11-12-13-9-7-6-4	79	4809	379911
114	11	4	11-12-5-4	79	5050	398950
115	11	5	11-9-8-5	94	2812	264328
115	11	5	11-12-5	94	3389	318566
115	11	5	11-10-13-9-8-5	94	3415	321010
115	11	5	11-10-13-12-5	94	3656	343664
115	11	5	11-12-13-9-8-5	94	4170	391980
115	11	5	11-9-13-12-5	94	4521	424974
116	11	6	11-9-7-6	70	2646	185220
116	11	6	11-10-13-9-7-6	70	3249	227430
116	11	6	11-12-13-9-7-6	70	4004	280280
116	11	6	11-10-3-4-6	70	4564	319480
116	11	6	11-9-8-5-4-6	70	5278	369460
116	11	6	11-12-5-4-6	70	5855	409850
117	11	7	11-9-7	23	1768	40664
117	11	7	11-10-13-9-7	23	2371	54533
117	11	7	11-12-13-9-7	23	3126	71898
117	11	7	11-10-3-4-6-7	23	5442	125166
117	11	7	11-12-5-8-9-7	23	5987	137701
117	11	7	11-9-8-5-4-6-7	23	6156	141588
118	11	8	11-9-8	99	1533	151767
118	11	8	11-10-13-9-8	99	2136	211464
118	11	8	11-12-13-9-8	99	2891	286209
118	11	8	11-12-5-8	99	4668	462132
118	11	8	11-10-13-12-5-8	99	4935	488565
118	11	8	11-9-13-12-5-8	99	5800	574200
119	11	9	11-9	35	991	34685
119	11	9	11-10-13-9	35	1594	55790
119	11	9	11-12-13-9	35	2349	82215
119	11	9	11-12-5-8-9	35	5210	182350
119	11	9	11-10-13-12-5-8-9	35	5477	191695
119	11	9	11-10-3-4-6-7-9	35	6219	217665
1110	11	10	11-10	88	295	25960
1110	11	10	11-12-13-10	88	2180	191840
1110	11	10	11-9-13-10	88	2290	201520
1110	11	10	11-9-8-5-12-13-10	88	6173	543224
1110	11	10	11-12-5-8-9-13-10	88	6509	572792
1110	11	10	11-9-7-6-4-3-10	88	6915	608520
1112	11	12	11-12	90	1104	99360
1112	11	12	11-10-13-12	90	1371	123390
1112	11	12	11-9-13-12	90	2236	201240
1112	11	12	11-9-8-5-12	90	5097	458730
1112	11	12	11-10-13-9-8-5-12	90	5700	513000
1112	11	12	11-9-7-6-4-5-12	90	7397	665730
1113	11	13	11-10-13	32	860	27520
1113	11	13	11-12-13	32	1615	51680
1113	11	13	11-9-13	32	1725	55200
1113	11	13	11-9-8-5-12-13	32	5608	179456
1113	11	13	11-12-5-8-9-13	32	5944	190208
1113	11	13	11-10-3-4-6-7-9-13	32	6953	222496
120	12	0	12-13-9-7-1-0	7	4600	32200
120	12	0	12-11-9-7-1-0	7	5450	38150
120	12	0	12-13-10-11-9-7-1-0	7	5717	40019
120	12	0	12-13-9-7-1-2-0	7	6048	42336
120	12	0	12-11-10-13-9-7-1-0	7	6053	42371
120	12	0	12-5-2-0	7	6682	46774
121	12	1	12-13-9-7-1	94	3254	305876
121	12	1	12-11-9-7-1	94	4104	385776
121	12	1	12-13-10-11-9-7-1	94	4371	410874
121	12	1	12-11-10-13-9-7-1	94	4707	442458
121	12	1	12-5-2-1	94	5428	510232
121	12	1	12-5-8-9-7-1	94	6115	574810
122	12	2	12-13-9-7-1-2	75	4024	301800
122	12	2	12-5-2	75	4658	349350
122	12	2	12-11-9-7-1-2	75	4874	365550
122	12	2	12-13-10-11-9-7-1-2	75	5141	385575
122	12	2	12-13-9-8-5-2	75	5439	407925
122	12	2	12-11-10-13-9-7-1-2	75	5477	410775
123	12	3	12-13-10-3	6	3692	22152
123	12	3	12-11-10-3	6	4015	24090
123	12	3	12-13-9-7-6-4-3	6	4553	27318
123	12	3	12-5-4-3	6	4794	28764
123	12	3	12-13-9-11-10-3	6	5147	30882
123	12	3	12-11-9-7-6-4-3	6	5403	32418
124	12	4	12-13-9-7-6-4	55	3705	203775
124	12	4	12-5-4	55	3946	217030
124	12	4	12-13-10-3-4	55	4540	249700
124	12	4	12-11-9-7-6-4	55	4555	250525
124	12	4	12-13-9-8-5-4	55	4727	259985
124	12	4	12-13-10-11-9-7-6-4	55	4822	265210
125	12	5	12-5	57	2285	130245
125	12	5	12-13-9-8-5	57	3066	174762
125	12	5	12-11-9-8-5	57	3916	223212
125	12	5	12-13-10-11-9-8-5	57	4183	238431
125	12	5	12-11-10-13-9-8-5	57	4519	257583
125	12	5	12-13-9-7-6-4-5	57	5366	305862
126	12	6	12-13-9-7-6	64	2900	185600
126	12	6	12-11-9-7-6	64	3750	240000
126	12	6	12-13-10-11-9-7-6	64	4017	257088
126	12	6	12-11-10-13-9-7-6	64	4353	278592
126	12	6	12-5-4-6	64	4751	304064
126	12	6	12-13-10-3-4-6	64	5345	342080
127	12	7	12-13-9-7	38	2022	76836
127	12	7	12-11-9-7	38	2872	109136
127	12	7	12-13-10-11-9-7	38	3139	119282
127	12	7	12-11-10-13-9-7	38	3475	132050
127	12	7	12-5-8-9-7	38	4883	185554
127	12	7	12-5-4-6-7	38	5629	213902
128	12	8	12-13-9-8	4	1787	7148
128	12	8	12-11-9-8	4	2637	10548
128	12	8	12-13-10-11-9-8	4	2904	11616
128	12	8	12-11-10-13-9-8	4	3240	12960
128	12	8	12-5-8	4	3564	14256
128	12	8	12-13-9-7-6-4-5-8	4	6645	26580
129	12	9	12-13-9	6	1245	7470
129	12	9	12-11-9	6	2095	12570
129	12	9	12-13-10-11-9	6	2362	14172
129	12	9	12-11-10-13-9	6	2698	16188
129	12	9	12-5-8-9	6	4106	24636
129	12	9	12-5-4-6-7-9	6	6406	38436
1210	12	10	12-13-10	16	1076	17216
1210	12	10	12-11-10	16	1399	22384
1210	12	10	12-13-9-11-10	16	2531	40496
1210	12	10	12-11-9-13-10	16	3394	54304
1210	12	10	12-5-8-9-11-10	16	5392	86272
1210	12	10	12-5-8-9-13-10	16	5405	86480
1211	12	11	12-11	27	1104	29808
1211	12	11	12-13-10-11	27	1371	37017
1211	12	11	12-13-9-11	27	2236	60372
1211	12	11	12-5-8-9-11	27	5097	137619
1211	12	11	12-5-8-9-13-10-11	27	5700	153900
1211	12	11	12-5-4-6-7-9-11	27	7397	199719
1213	12	13	12-13	56	511	28616
1213	12	13	12-11-10-13	56	1964	109984
1213	12	13	12-11-9-13	56	2829	158424
1213	12	13	12-5-8-9-13	56	4840	271040
1213	12	13	12-5-8-9-11-10-13	56	5957	333592
1213	12	13	12-5-4-6-7-9-13	56	7140	399840
130	13	0	13-9-7-1-0	53	4089	216717
130	13	0	13-10-11-9-7-1-0	53	5206	275918
130	13	0	13-9-7-1-2-0	53	5537	293461
130	13	0	13-12-11-9-7-1-0	53	5961	315933
130	13	0	13-10-3-0	53	6595	349535
130	13	0	13-10-11-9-7-1-2-0	53	6654	352662
131	13	1	13-9-7-1	35	2743	96005
131	13	1	13-10-11-9-7-1	35	3860	135100
131	13	1	13-12-11-9-7-1	35	4615	161525
131	13	1	13-9-8-5-2-1	35	5698	199430
131	13	1	13-12-5-2-1	35	5939	207865
131	13	1	13-12-5-8-9-7-1	35	6626	231910
132	13	2	13-9-7-1-2	12	3513	42156
132	13	2	13-10-11-9-7-1-2	12	4630	55560
132	13	2	13-9-8-5-2	12	4928	59136
132	13	2	13-12-5-2	12	5169	62028
132	13	2	13-12-11-9-7-1-2	12	5385	64620
132	13	2	13-10-11-9-8-5-2	12	6045	72540
133	13	3	13-10-3	50	3181	159050
133	13	3	13-9-7-6-4-3	50	4042	202100
133	13	3	13-12-11-10-3	50	4526	226300
133	13	3	13-9-11-10-3	50	4636	231800
133	13	3	13-9-8-5-4-3	50	5064	253200
133	13	3	13-10-11-9-7-6-4-3	50	5159	257950
134	13	4	13-9-7-6-4	2	3194	6388
134	13	4	13-10-3-4	2	4029	8058
134	13	4	13-9-8-5-4	2	4216	8432
134	13	4	13-10-11-9-7-6-4	2	4311	8622
134	13	4	13-12-5-4	2	4457	8914
134	13	4	13-12-11-9-7-6-4	2	5066	10132
135	13	5	13-9-8-5	95	2555	242725
135	13	5	13-12-5	95	2796	265620
135	13	5	13-10-11-9-8-5	95	3672	348840
135	13	5	13-10-11-12-5	95	4249	403655
135	13	5	13-12-11-9-8-5	95	4427	420565
135	13	5	13-9-7-6-4-5	95	4855	461225
136	13	6	13-9-7-6	48	2389	114672
136	13	6	13-10-11-9-7-6	48	3506	168288
136	13	6	13-12-11-9-7-6	48	4261	204528
136	13	6	13-10-3-4-6	48	4834	232032
136	13	6	13-9-8-5-4-6	48	5021	241008
136	13	6	13-12-5-4-6	48	5262	252576
137	13	7	13-9-7	81	1511	122391
137	13	7	13-10-11-9-7	81	2628	212868
137	13	7	13-12-11-9-7	81	3383	274023
137	13	7	13-12-5-8-9-7	81	5394	436914
137	13	7	13-10-3-4-6-7	81	5712	462672
137	13	7	13-9-8-5-4-6-7	81	5899	477819
138	13	8	13-9-8	15	1276	19140
138	13	8	13-10-11-9-8	15	2393	35895
138	13	8	13-12-11-9-8	15	3148	47220
138	13	8	13-12-5-8	15	4075	61125
138	13	8	13-10-11-12-5-8	15	5528	82920
138	13	8	13-9-7-6-4-5-8	15	6134	92010
139	13	9	13-9	67	734	49178
139	13	9	13-10-11-9	67	1851	124017
139	13	9	13-12-11-9	67	2606	174602
139	13	9	13-12-5-8-9	67	4617	309339
139	13	9	13-10-11-12-5-8-9	67	6070	406690
139	13	9	13-10-3-4-6-7-9	67	6489	434763
1310	13	10	13-10	64	565	36160
1310	13	10	13-12-11-10	64	1910	122240
1310	13	10	13-9-11-10	64	2020	129280
1310	13	10	13-12-5-8-9-11-10	64	5903	377792
1310	13	10	13-9-8-5-12-11-10	64	6239	399296
1310	13	10	13-9-7-6-4-3-10	64	6658	426112
1311	13	11	13-10-11	96	860	82560
1311	13	11	13-12-11	96	1615	155040
1311	13	11	13-9-11	96	1725	165600
1311	13	11	13-12-5-8-9-11	96	5608	538368
1311	13	11	13-9-8-5-12-11	96	5944	570624
1311	13	11	13-9-7-6-4-3-10-11	96	6953	667488
1312	13	12	13-12	45	511	22995
1312	13	12	13-10-11-12	45	1964	88380
1312	13	12	13-9-11-12	45	2829	127305
1312	13	12	13-9-8-5-12	45	4840	217800
1312	13	12	13-10-11-9-8-5-12	45	5957	268065
1312	13	12	13-9-7-6-4-5-12	45	7140	321300
