01	0	1	0-1	200	1346	269200
01	0	1	0-2-1	200	2794	558800
01	0	1	0-3-4-6-7-1	200	7177	1435400
01	0	1	0-2-5-8-9-7-1	200	8227	1645400
01	0	1	0-2-5-4-6-7-1	200	8973	1794600
01	0	1	0-3-4-5-2-1	200	9066	1813200
02	0	2	0-2	200	2024	404800
02	0	2	0-1-2	200	2116	423200
02	0	2	0-1-7-9-8-5-2	200	7549	1509800
02	0	2	0-3-4-6-7-1-2	200	7947	1589400
02	0	2	0-1-7-6-4-5-2	200	8295	1659000
02	0	2	0-3-4-5-2	200	8296	1659200
03	0	3	0-3	200	3414	682800
03	0	3	0-1-7-6-4-3	200	5109	1021800
03	0	3	0-2-1-7-6-4-3	200	6557	1311400
03	0	3	0-2-5-4-3	200	6906	1381200
03	0	3	0-1-2-5-4-3	200	6998	1399600
03	0	3	0-1-7-9-11-10-3	200	7257	1451400
04	0	4	0-1-7-6-4	200	4261	852200
04	0	4	0-3-4	200	4262	852400
04	0	4	0-2-1-7-6-4	200	5709	1141800
04	0	4	0-2-5-4	200	6058	1211600
04	0	4	0-1-2-5-4	200	6150	1230000
04	0	4	0-1-7-9-8-5-4	200	6837	1367400
05	0	5	0-2-5	200	4397	879400
05	0	5	0-1-2-5	200	4489	897800
05	0	5	0-1-7-9-8-5	200	5176	1035200
05	0	5	0-1-7-6-4-5	200	5922	1184400
05	0	5	0-3-4-5	200	5923	1184600
05	0	5	0-2-1-7-9-8-5	200	6624	1324800
06	0	6	0-1-7-6	200	3456	691200
06	0	6	0-2-1-7-6	200	4904	980800
06	0	6	0-3-4-6	200	5067	1013400
06	0	6	0-2-5-4-6	200	6863	1372600
06	0	6	0-1-2-5-4-6	200	6955	1391000
06	0	6	0-1-7-9-8-5-4-6	200	7642	1528400
07	0	7	0-1-7	200	2578	515600
07	0	7	0-2-1-7	200	4026	805200
07	0	7	0-3-4-6-7	200	5945	1189000
07	0	7	0-2-5-8-9-7	200	6995	1399000
07	0	7	0-1-2-5-8-9-7	200	7087	1417400
07	0	7	0-2-5-4-6-7	200	7741	1548200
08	0	8	0-1-7-9-8	200	3897	779400
08	0	8	0-2-1-7-9-8	200	5345	1069000
08	0	8	0-2-5-8	200	5676	1135200
08	0	8	0-1-2-5-8	200	5768	1153600
08	0	8	0-1-7-6-4-5-8	200	7201	1440200
08	0	8	0-3-4-5-8	200	7202	1440400
09	0	9	0-1-7-9	200	3355	671000
09	0	9	0-2-1-7-9	200	4803	960600
09	0	9	0-2-5-8-9	200	6218	1243600
09	0	9	0-1-2-5-8-9	200	6310	1262000
09	0	9	0-3-4-6-7-9	200	6722	1344400
09	0	9	0-3-10-11-9	200	7316	1463200
010	0	10	0-1-7-9-11-10	200	4641	928200
010	0	10	0-1-7-9-13-10	200	4654	930800
010	0	10	0-1-7-9-13-12-11-10	200	5999	1199800
010	0	10	0-3-10	200	6030	1206000
010	0	10	0-2-1-7-9-11-10	200	6089	1217800
010	0	10	0-2-1-7-9-13-10	200	6102	1220400
011	0	11	0-1-7-9-11	200	4346	869200
011	0	11	0-1-7-9-13-10-11	200	4949	989800
011	0	11	0-1-7-9-13-12-11	200	5704	1140800
011	0	11	0-2-1-7-9-11	200	5794	1158800
011	0	11	0-3-10-11	200	6325	1265000
011	0	11	0-2-1-7-9-13-10-11	200	6397	1279400
012	0	12	0-1-7-9-13-12	200	4600	920000
012	0	12	0-1-7-9-11-12	200	5450	1090000
012	0	12	0-1-7-9-11-10-13-12	200	5717	1143400
012	0	12	0-2-1-7-9-13-12	200	6048	1209600
012	0	12	0-1-7-9-13-10-11-12	200	6053	1210600
012	0	12	0-2-5-12	200	6682	1336400
013	0	13	0-1-7-9-13	200	4089	817800
013	0	13	0-1-7-9-11-10-13	200	5206	1041200
013	0	13	0-2-1-7-9-13	200	5537	1107400
013	0	13	0-1-7-9-11-12-13	200	5961	1192200
013	0	13	0-3-10-13	200	6595	1319000
013	0	13	0-2-1-7-9-11-10-13	200	6654	1330800
10	1	0	1-0	200	1346	269200
10	1	0	1-2-0	200	2794	558800
10	1	0	1-7-6-4-3-0	200	7177	1435400
10	1	0	1-7-9-8-5-2-0	200	8227	1645400
10	1	0	1-7-6-4-5-2-0	200	8973	1794600
10	1	0	1-2-5-4-3-0	200	9066	1813200
12	1	2	1-2	200	770	154000
12	1	2	1-0-2	200	3370	674000
12	1	2	1-7-9-8-5-2	200	6203	1240600
12	1	2	1-7-6-4-5-2	200	6949	1389800
12	1	2	1-7-9-13-12-5-2	200	7912	1582400
12	1	2	1-7-9-11-12-5-2	200	8762	1752400
13	1	3	1-7-6-4-3	200	3763	752600
13	1	3	1-0-3	200	4760	952000
13	1	3	1-2-5-4-3	200	5652	1130400
13	1	3	1-7-9-11-10-3	200	5911	1182200
13	1	3	1-7-9-13-10-3	200	5924	1184800
13	1	3	1-2-0-3	200	6208	1241600
14	1	4	1-7-6-4	200	2915	583000
14	1	4	1-2-5-4	200	4804	960800
14	1	4	1-7-9-8-5-4	200	5491	1098200
14	1	4	1-0-3-4	200	5608	1121600
14	1	4	1-7-9-11-10-3-4	200	6759	1351800
14	1	4	1-7-9-13-10-3-4	200	6772	1354400
15	1	5	1-2-5	200	3143	628600
15	1	5	1-7-9-8-5	200	3830	766000
15	1	5	1-7-6-4-5	200	4576	915200
15	1	5	1-7-9-13-12-5	200	5539	1107800
15	1	5	1-0-2-5	200	5743	1148600
15	1	5	1-7-9-11-12-5	200	6389	1277800
16	1	6	1-7-6	200	2110	422000
16	1	6	1-2-5-4-6	200	5609	1121800
16	1	6	1-7-9-8-5-4-6	200	6296	1259200
16	1	6	1-0-3-4-6	200	6413	1282600
16	1	6	1-2-5-8-9-7-6	200	6619	1323800
16	1	6	1-7-9-11-10-3-4-6	200	7564	1512800
17	1	7	1-7	200	1232	246400
17	1	7	1-2-5-8-9-7	200	5741	1148200
17	1	7	1-2-5-4-6-7	200	6487	1297400
17	1	7	1-0-3-4-6-7	200	7291	1458200
17	1	7	1-2-5-12-13-9-7	200	7450	1490000
17	1	7	1-2-5-12-11-9-7	200	8300	1660000
18	1	8	1-7-9-8	200	2551	510200
18	1	8	1-2-5-8	200	4422	884400
18	1	8	1-7-6-4-5-8	200	5855	1171000
18	1	8	1-7-9-13-12-5-8	200	6818	1363600
18	1	8	1-0-2-5-8	200	7022	1404400
18	1	8	1-2-5-12-13-9-8	200	7215	1443000
19	1	9	1-7-9	200	2009	401800
19	1	9	1-2-5-8-9	200	4964	992800
19	1	9	1-7-6-4-5-8-9	200	6397	1279400
19	1	9	1-2-5-12-13-9	200	6673	1334600
19	1	9	1-2-5-4-6-7-9	200	7264	1452800
19	1	9	1-2-5-12-11-9	200	7523	1504600
110	1	10	1-7-9-11-10	200	3295	659000
110	1	10	1-7-9-13-10	200	3308	661600
110	1	10	1-7-9-13-12-11-10	200	4653	930600
110	1	10	1-7-9-11-12-13-10	200	5180	1036000
110	1	10	1-2-5-8-9-11-10	200	6250	1250000
110	1	10	1-2-5-8-9-13-10	200	6263	1252600
111	1	11	1-7-9-11	200	3000	600000
111	1	11	1-7-9-13-10-11	200	3603	720600
111	1	11	1-7-9-13-12-11	200	4358	871600
111	1	11	1-2-5-8-9-11	200	5955	1191000
111	1	11	1-2-5-12-11	200	6532	1306400
111	1	11	1-2-5-8-9-13-10-11	200	6558	1311600
112	1	12	1-7-9-13-12	200	3254	650800
112	1	12	1-7-9-11-12	200	4104	820800
112	1	12	1-7-9-11-10-13-12	200	4371	874200
112	1	12	1-7-9-13-10-11-12	200	4707	941400
112	1	12	1-2-5-12	200	5428	1085600
112	1	12	1-7-9-8-5-12	200	6115	1223000
113	1	13	1-7-9-13	200	2743	548600
113	1	13	1-7-9-11-10-13	200	3860	772000
113	1	13	1-7-9-11-12-13	200	4615	923000
113	1	13	1-2-5-8-9-13	200	5698	1139600
113	1	13	1-2-5-12-13	200	5939	1187800
113	1	13	1-7-9-8-5-12-13	200	6626	1325200
20	2	0	2-0	200	2024	404800
20	2	0	2-1-0	200	2116	423200
20	2	0	2-5-8-9-7-1-0	200	7549	1509800
20	2	0	2-1-7-6-4-3-0	200	7947	1589400
20	2	0	2-5-4-6-7-1-0	200	8295	1659000
20	2	0	2-5-4-3-0	200	8296	1659200
21	2	1	2-1	200	770	154000
21	2	1	2-0-1	200	3370	674000
21	2	1	2-5-8-9-7-1	200	6203	1240600
21	2	1	2-5-4-6-7-1	200	6949	1389800
21	2	1	2-5-12-13-9-7-1	200	7912	1582400
21	2	1	2-5-12-11-9-7-1	200	8762	1752400
23	2	3	2-1-7-6-4-3	200	4533	906600
23	2	3	2-5-4-3	200	4882	976400
23	2	3	2-0-3	200	5438	1087600
23	2	3	2-1-0-3	200	5530	1106000
23	2	3	2-1-7-9-11-10-3	200	6681	1336200
23	2	3	2-1-7-9-13-10-3	200	6694	1338800
24	2	4	2-1-7-6-4	200	3685	737000
24	2	4	2-5-4	200	4034	806800
24	2	4	2-1-7-9-8-5-4	200	6261	1252200
24	2	4	2-0-1-7-6-4	200	6285	1257000
24	2	4	2-0-3-4	200	6286	1257200
24	2	4	2-1-0-3-4	200	6378	1275600
25	2	5	2-5	200	2373	474600
25	2	5	2-1-7-9-8-5	200	4600	920000
25	2	5	2-1-7-6-4-5	200	5346	1069200
25	2	5	2-1-7-9-13-12-5	200	6309	1261800
25	2	5	2-1-7-9-11-12-5	200	7159	1431800
25	2	5	2-0-1-7-9-8-5	200	7200	1440000
26	2	6	2-1-7-6	200	2880	576000
26	2	6	2-5-4-6	200	4839	967800
26	2	6	2-0-1-7-6	200	5480	1096000
26	2	6	2-5-8-9-7-6	200	5849	1169800
26	2	6	2-1-7-9-8-5-4-6	200	7066	1413200
26	2	6	2-0-3-4-6	200	7091	1418200
27	2	7	2-1-7	200	2002	400400
27	2	7	2-0-1-7	200	4602	920400
27	2	7	2-5-8-9-7	200	4971	994200
27	2	7	2-5-4-6-7	200	5717	1143400
27	2	7	2-5-12-13-9-7	200	6680	1336000
27	2	7	2-5-12-11-9-7	200	7530	1506000
28	2	8	2-1-7-9-8	200	3321	664200
28	2	8	2-5-8	200	3652	730400
28	2	8	2-0-1-7-9-8	200	5921	1184200
28	2	8	2-5-12-13-9-8	200	6445	1289000
28	2	8	2-1-7-6-4-5-8	200	6625	1325000
28	2	8	2-5-4-6-7-9-8	200	7036	1407200
29	2	9	2-1-7-9	200	2779	555800
29	2	9	2-5-8-9	200	4194	838800
29	2	9	2-0-1-7-9	200	5379	1075800
29	2	9	2-5-12-13-9	200	5903	1180600
29	2	9	2-5-4-6-7-9	200	6494	1298800
29	2	9	2-5-12-11-9	200	6753	1350600
210	2	10	2-1-7-9-11-10	200	4065	813000
210	2	10	2-1-7-9-13-10	200	4078	815600
210	2	10	2-1-7-9-13-12-11-10	200	5423	1084600
210	2	10	2-5-8-9-11-10	200	5480	1096000
210	2	10	2-5-8-9-13-10	200	5493	1098600
210	2	10	2-5-12-13-10	200	5734	1146800
211	2	11	2-1-7-9-11	200	3770	754000
211	2	11	2-1-7-9-13-10-11	200	4373	874600
211	2	11	2-1-7-9-13-12-11	200	5128	1025600
211	2	11	2-5-8-9-11	200	5185	1037000
211	2	11	2-5-12-11	200	5762	1152400
211	2	11	2-5-8-9-13-10-11	200	5788	1157600
212	2	12	2-1-7-9-13-12	200	4024	804800
212	2	12	2-5-12	200	4658	931600
212	2	12	2-1-7-9-11-12	200	4874	974800
212	2	12	2-1-7-9-11-10-13-12	200	5141	1028200
212	2	12	2-5-8-9-13-12	200	5439	1087800
212	2	12	2-1-7-9-13-10-11-12	200	5477	1095400
213	2	13	2-1-7-9-13	200	3513	702600
213	2	13	2-1-7-9-11-10-13	200	4630	926000
213	2	13	2-5-8-9-13	200	4928	985600
213	2	13	2-5-12-13	200	5169	1033800
213	2	13	2-1-7-9-11-12-13	200	5385	1077000
213	2	13	2-5-8-9-11-10-13	200	6045	1209000
30	3	0	3-0	200	3414	682800
30	3	0	3-4-6-7-1-0	200	5109	1021800
30	3	0	3-4-6-7-1-2-0	200	6557	1311400
30	3	0	3-4-5-2-0	200	6906	1381200
30	3	0	3-4-5-2-1-0	200	6998	1399600
30	3	0	3-10-11-9-7-1-0	200	7257	1451400
31	3	1	3-4-6-7-1	200	3763	752600
31	3	1	3-0-1	200	4760	952000
31	3	1	3-4-5-2-1	200	5652	1130400
31	3	1	3-10-11-9-7-1	200	5911	1182200
31	3	1	3-10-13-9-7-1	200	5924	1184800
31	3	1	3-0-2-1	200	6208	1241600
32	3	2	3-4-6-7-1-2	200	4533	906600
32	3	2	3-4-5-2	200	4882	976400
32	3	2	3-0-2	200	5438	1087600
32	3	2	3-0-1-2	200	5530	1106000
32	3	2	3-10-11-9-7-1-2	200	6681	1336200
32	3	2	3-10-13-9-7-1-2	200	6694	1338800
34	3	4	3-4	200	848	169600
34	3	4	3-10-11-9-7-6-4	200	6362	1272400
34	3	4	3-10-13-9-7-6-4	200	6375	1275000
34	3	4	3-10-11-9-8-5-4	200	7384	1476800
34	3	4	3-10-13-9-8-5-4	200	7397	1479400
34	3	4	3-10-13-12-5-4	200	7638	1527600
35	3	5	3-4-5	200	2509	501800
35	3	5	3-4-6-7-9-8-5	200	5129	1025800
35	3	5	3-10-11-9-8-5	200	5723	1144600
35	3	5	3-10-13-9-8-5	200	5736	1147200
35	3	5	3-10-13-12-5	200	5977	1195400
35	3	5	3-10-11-12-5	200	6300	1260000
36	3	6	3-4-6	200	1653	330600
36	3	6	3-10-11-9-7-6	200	5557	1111400
36	3	6	3-10-13-9-7-6	200	5570	1114000
36	3	6	3-4-5-8-9-7-6	200	5985	1197000
36	3	6	3-0-1-7-6	200	6870	1374000
36	3	6	3-10-11-12-13-9-7-6	200	6915	1383000
37	3	7	3-4-6-7	200	2531	506200
37	3	7	3-10-11-9-7	200	4679	935800
37	3	7	3-10-13-9-7	200	4692	938400
37	3	7	3-4-5-8-9-7	200	5107	1021400
37	3	7	3-0-1-7	200	5992	1198400
37	3	7	3-10-11-12-13-9-7	200	6037	1207400
38	3	8	3-4-5-8	200	3788	757600
38	3	8	3-4-6-7-9-8	200	3850	770000
38	3	8	3-10-11-9-8	200	4444	888800
38	3	8	3-10-13-9-8	200	4457	891400
38	3	8	3-10-11-12-13-9-8	200	5802	1160400
38	3	8	3-10-13-12-11-9-8	200	6329	1265800
39	3	9	3-4-6-7-9	200	3308	661600
39	3	9	3-10-11-9	200	3902	780400
39	3	9	3-10-13-9	200	3915	783000
39	3	9	3-4-5-8-9	200	4330	866000
39	3	9	3-10-11-12-13-9	200	5260	1052000
39	3	9	3-10-13-12-11-9	200	5787	1157400
310	3	10	3-10	200	2616	523200
310	3	10	3-4-6-7-9-11-10	200	4594	918800
310	3	10	3-4-6-7-9-13-10	200	4607	921400
310	3	10	3-4-5-8-9-11-10	200	5616	1123200
310	3	10	3-4-5-8-9-13-10	200	5629	1125800
310	3	10	3-4-5-12-13-10	200	5870	1174000
311	3	11	3-10-11	200	2911	582200
311	3	11	3-4-6-7-9-11	200	4299	859800
311	3	11	3-10-13-12-11	200	4796	959200
311	3	11	3-4-6-7-9-13-10-11	200	4902	980400
311	3	11	3-10-13-9-11	200	4906	981200
311	3	11	3-4-5-8-9-11	200	5321	1064200
312	3	12	3-10-13-12	200	3692	738400
312	3	12	3-10-11-12	200	4015	803000
312	3	12	3-4-6-7-9-13-12	200	4553	910600
312	3	12	3-4-5-12	200	4794	958800
312	3	12	3-10-11-9-13-12	200	5147	1029400
312	3	12	3-4-6-7-9-11-12	200	5403	1080600
313	3	13	3-10-13	200	3181	636200
313	3	13	3-4-6-7-9-13	200	4042	808400
313	3	13	3-10-11-12-13	200	4526	905200
313	3	13	3-10-11-9-13	200	4636	927200
313	3	13	3-4-5-8-9-13	200	5064	1012800
313	3	13	3-4-6-7-9-11-10-13	200	5159	1031800
40	4	0	4-6-7-1-0	200	4261	852200
40	4	0	4-3-0	200	4262	852400
40	4	0	4-6-7-1-2-0	200	5709	1141800
40	4	0	4-5-2-0	200	6058	1211600
40	4	0	4-5-2-1-0	200	6150	1230000
40	4	0	4-5-8-9-7-1-0	200	6837	1367400
41	4	1	4-6-7-1	200	2915	583000
41	4	1	4-5-2-1	200	4804	960800
41	4	1	4-5-8-9-7-1	200	5491	1098200
41	4	1	4-3-0-1	200	5608	1121600
41	4	1	4-3-10-11-9-7-1	200	6759	1351800
41	4	1	4-3-10-13-9-7-1	200	6772	1354400
42	4	2	4-6-7-1-2	200	3685	737000
42	4	2	4-5-2	200	4034	806800
42	4	2	4-5-8-9-7-1-2	200	6261	1252200
42	4	2	4-6-7-1-0-2	200	6285	1257000
42	4	2	4-3-0-2	200	6286	1257200
42	4	2	4-3-0-1-2	200	6378	1275600
43	4	3	4-3	200	848	169600
43	4	3	4-6-7-9-11-10-3	200	6362	1272400
43	4	3	4-6-7-9-13-10-3	200	6375	1275000
43	4	3	4-5-8-9-11-10-3	200	7384	1476800
43	4	3	4-5-8-9-13-10-3	200	7397	1479400
43	4	3	4-5-12-13-10-3	200	7638	1527600
45	4	5	4-5	200	1661	332200
45	4	5	4-6-7-9-8-5	200	4281	856200
45	4	5	4-6-7-9-13-12-5	200	5990	1198000
45	4	5	4-6-7-1-2-5	200	6058	1211600
45	4	5	4-3-10-11-9-8-5	200	6571	1314200
45	4	5	4-3-10-13-9-8-5	200	6584	1316800
46	4	6	4-6	200	805	161000
46	4	6	4-5-8-9-7-6	200	5137	1027400
46	4	6	4-3-10-11-9-7-6	200	6405	1281000
46	4	6	4-3-10-13-9-7-6	200	6418	1283600
46	4	6	4-5-12-13-9-7-6	200	6846	1369200
46	4	6	4-5-2-1-7-6	200	6914	1382800
47	4	7	4-6-7	200	1683	336600
47	4	7	4-5-8-9-7	200	4259	851800
47	4	7	4-3-10-11-9-7	200	5527	1105400
47	4	7	4-3-10-13-9-7	200	5540	1108000
47	4	7	4-5-12-13-9-7	200	5968	1193600
47	4	7	4-5-2-1-7	200	6036	1207200
48	4	8	4-5-8	200	2940	588000
48	4	8	4-6-7-9-8	200	3002	600400
48	4	8	4-3-10-11-9-8	200	5292	1058400
48	4	8	4-3-10-13-9-8	200	5305	1061000
48	4	8	4-5-12-13-9-8	200	5733	1146600
48	4	8	4-5-12-11-9-8	200	6583	1316600
49	4	9	4-6-7-9	200	2460	492000
49	4	9	4-5-8-9	200	3482	696400
49	4	9	4-3-10-11-9	200	4750	950000
49	4	9	4-3-10-13-9	200	4763	952600
49	4	9	4-5-12-13-9	200	5191	1038200
49	4	9	4-5-12-11-9	200	6041	1208200
410	4	10	4-3-10	200	3464	692800
410	4	10	4-6-7-9-11-10	200	3746	749200
410	4	10	4-6-7-9-13-10	200	3759	751800
410	4	10	4-5-8-9-11-10	200	4768	953600
410	4	10	4-5-8-9-13-10	200	4781	956200
410	4	10	4-5-12-13-10	200	5022	1004400
411	4	11	4-6-7-9-11	200	3451	690200
411	4	11	4-3-10-11	200	3759	751800
411	4	11	4-6-7-9-13-10-11	200	4054	810800
411	4	11	4-5-8-9-11	200	4473	894600
411	4	11	4-6-7-9-13-12-11	200	4809	961800
411	4	11	4-5-12-11	200	5050	1010000
412	4	12	4-6-7-9-13-12	200	3705	741000
412	4	12	4-5-12	200	3946	789200
412	4	12	4-3-10-13-12	200	4540	908000
412	4	12	4-6-7-9-11-12	200	4555	911000
412	4	12	4-5-8-9-13-12	200	4727	945400
412	4	12	4-6-7-9-11-10-13-12	200	4822	964400
413	4	13	4-6-7-9-13	200	3194	638800
413	4	13	4-3-10-13	200	4029	805800
413	4	13	4-5-8-9-13	200	4216	843200
413	4	13	4-6-7-9-11-10-13	200	4311	862200
413	4	13	4-5-12-13	200	4457	891400
413	4	13	4-6-7-9-11-12-13	200	5066	1013200
50	5	0	5-2-0	200	4397	879400
50	5	0	5-2-1-0	200	4489	897800
50	5	0	5-8-9-7-1-0	200	5176	1035200
50	5	0	5-4-6-7-1-0	200	5922	1184400
50	5	0	5-4-3-0	200	5923	1184600
50	5	0	5-8-9-7-1-2-0	200	6624	1324800
51	5	1	5-2-1	200	3143	628600
51	5	1	5-8-9-7-1	200	3830	766000
51	5	1	5-4-6-7-1	200	4576	915200
51	5	1	5-12-13-9-7-1	200	5539	1107800
51	5	1	5-2-0-1	200	5743	1148600
51	5	1	5-12-11-9-7-1	200	6389	1277800
52	5	2	5-2	200	2373	474600
52	5	2	5-8-9-7-1-2	200	4600	920000
52	5	2	5-4-6-7-1-2	200	5346	1069200
52	5	2	5-12-13-9-7-1-2	200	6309	1261800
52	5	2	5-12-11-9-7-1-2	200	7159	1431800
52	5	2	5-8-9-7-1-0-2	200	7200	1440000
53	5	3	5-4-3	200	2509	501800
53	5	3	5-8-9-7-6-4-3	200	5129	1025800
53	5	3	5-8-9-11-10-3	200	5723	1144600
53	5	3	5-8-9-13-10-3	200	5736	1147200
53	5	3	5-12-13-10-3	200	5977	1195400
53	5	3	5-12-11-10-3	200	6300	1260000
54	5	4	5-4	200	1661	332200
54	5	4	5-8-9-7-6-4	200	4281	856200
54	5	4	5-12-13-9-7-6-4	200	5990	1198000
54	5	4	5-2-1-7-6-4	200	6058	1211600
54	5	4	5-8-9-11-10-3-4	200	6571	1314200
54	5	4	5-8-9-13-10-3-4	200	6584	1316800
56	5	6	5-4-6	200	2466	493200
56	5	6	5-8-9-7-6	200	3476	695200
56	5	6	5-12-13-9-7-6	200	5185	1037000
56	5	6	5-2-1-7-6	200	5253	1050600
56	5	6	5-12-11-9-7-6	200	6035	1207000
56	5	6	5-12-13-10-11-9-7-6	200	6302	1260400
57	5	7	5-8-9-7	200	2598	519600
57	5	7	5-4-6-7	200	3344	668800
57	5	7	5-12-13-9-7	200	4307	861400
57	5	7	5-2-1-7	200	4375	875000
57	5	7	5-12-11-9-7	200	5157	1031400
57	5	7	5-12-13-10-11-9-7	200	5424	1084800
58	5	8	5-8	200	1279	255800
58	5	8	5-12-13-9-8	200	4072	814400
58	5	8	5-4-6-7-9-8	200	4663	932600
58	5	8	5-12-11-9-8	200	4922	984400
58	5	8	5-12-13-10-11-9-8	200	5189	1037800
58	5	8	5-12-11-10-13-9-8	200	5525	1105000
59	5	9	5-8-9	200	1821	364200
59	5	9	5-12-13-9	200	3530	706000
59	5	9	5-4-6-7-9	200	4121	824200
59	5	9	5-12-11-9	200	4380	876000
59	5	9	5-12-13-10-11-9	200	4647	929400
59	5	9	5-12-11-10-13-9	200	4983	996600
510	5	10	5-8-9-11-10	200	3107	621400
510	5	10	5-8-9-13-10	200	3120	624000
510	5	10	5-12-13-10	200	3361	672200
510	5	10	5-12-11-10	200	3684	736800
510	5	10	5-8-9-13-12-11-10	200	4465	893000
510	5	10	5-12-13-9-11-10	200	4816	963200
511	5	11	5-8-9-11	200	2812	562400
511	5	11	5-12-11	200	3389	677800
511	5	11	5-8-9-13-10-11	200	3415	683000
511	5	11	5-12-13-10-11	200	3656	731200
511	5	11	5-8-9-13-12-11	200	4170	834000
511	5	11	5-12-13-9-11	200	4521	904200
512	5	12	5-12	200	2285	457000
512	5	12	5-8-9-13-12	200	3066	613200
512	5	12	5-8-9-11-12	200	3916	783200
512	5	12	5-8-9-11-10-13-12	200	4183	836600
512	5	12	5-8-9-13-10-11-12	200	4519	903800
512	5	12	5-4-6-7-9-13-12	200	5366	1073200
513	5	13	5-8-9-13	200	2555	511000
513	5	13	5-12-13	200	2796	559200
513	5	13	5-8-9-11-10-13	200	3672	734400
513	5	13	5-12-11-10-13	200	4249	849800
513	5	13	5-8-9-11-12-13	200	4427	885400
513	5	13	5-4-6-7-9-13	200	4855	971000
60	6	0	6-7-1-0	200	3456	691200
60	6	0	6-7-1-2-0	200	4904	980800
60	6	0	6-4-3-0	200	5067	1013400
60	6	0	6-4-5-2-0	200	6863	1372600
60	6	0	6-4-5-2-1-0	200	6955	1391000
60	6	0	6-4-5-8-9-7-1-0	200	7642	1528400
61	6	1	6-7-1	200	2110	422000
61	6	1	6-4-5-2-1	200	5609	1121800
61	6	1	6-4-5-8-9-7-1	200	6296	1259200
61	6	1	6-4-3-0-1	200	6413	1282600
61	6	1	6-7-9-8-5-2-1	200	6619	1323800
61	6	1	6-4-3-10-11-9-7-1	200	7564	1512800
62	6	2	6-7-1-2	200	2880	576000
62	6	2	6-4-5-2	200	4839	967800
62	6	2	6-7-1-0-2	200	5480	1096000
62	6	2	6-7-9-8-5-2	200	5849	1169800
62	6	2	6-4-5-8-9-7-1-2	200	7066	1413200
62	6	2	6-4-3-0-2	200	7091	1418200
63	6	3	6-4-3	200	1653	330600
63	6	3	6-7-9-11-10-3	200	5557	1111400
63	6	3	6-7-9-13-10-3	200	5570	1114000
63	6	3	6-7-9-8-5-4-3	200	5985	1197000
63	6	3	6-7-1-0-3	200	6870	1374000
63	6	3	6-7-9-13-12-11-10-3	200	6915	1383000
64	6	4	6-4	200	805	161000
64	6	4	6-7-9-8-5-4	200	5137	1027400
64	6	4	6-7-9-11-10-3-4	200	6405	1281000
64	6	4	6-7-9-13-10-3-4	200	6418	1283600
64	6	4	6-7-9-13-12-5-4	200	6846	1369200
64	6	4	6-7-1-2-5-4	200	6914	1382800
65	6	5	6-4-5	200	2466	493200
65	6	5	6-7-9-8-5	200	3476	695200
65	6	5	6-7-9-13-12-5	200	5185	1037000
65	6	5	6-7-1-2-5	200	5253	1050600
65	6	5	6-7-9-11-12-5	200	6035	1207000
65	6	5	6-7-9-11-10-13-12-5	200	6302	1260400
67	6	7	6-7	200	878	175600
67	6	7	6-4-5-8-9-7	200	5064	1012800
67	6	7	6-4-3-10-11-9-7	200	6332	1266400
67	6	7	6-4-3-10-13-9-7	200	6345	1269000
67	6	7	6-4-5-12-13-9-7	200	6773	1354600
67	6	7	6-4-5-2-1-7	200	6841	1368200
68	6	8	6-7-9-8	200	2197	439400
68	6	8	6-4-5-8	200	3745	749000
68	6	8	6-4-3-10-11-9-8	200	6097	1219400
68	6	8	6-4-3-10-13-9-8	200	6110	1222000
68	6	8	6-7-9-13-12-5-8	200	6464	1292800
68	6	8	6-7-1-2-5-8	200	6532	1306400
69	6	9	6-7-9	200	1655	331000
69	6	9	6-4-5-8-9	200	4287	857400
69	6	9	6-4-3-10-11-9	200	5555	1111000
69	6	9	6-4-3-10-13-9	200	5568	1113600
69	6	9	6-4-5-12-13-9	200	5996	1199200
69	6	9	6-4-5-12-11-9	200	6846	1369200
610	6	10	6-7-9-11-10	200	2941	588200
610	6	10	6-7-9-13-10	200	2954	590800
610	6	10	6-4-3-10	200	4269	853800
610	6	10	6-7-9-13-12-11-10	200	4299	859800
610	6	10	6-7-9-11-12-13-10	200	4826	965200
610	6	10	6-4-5-8-9-11-10	200	5573	1114600
611	6	11	6-7-9-11	200	2646	529200
611	6	11	6-7-9-13-10-11	200	3249	649800
611	6	11	6-7-9-13-12-11	200	4004	800800
611	6	11	6-4-3-10-11	200	4564	912800
611	6	11	6-4-5-8-9-11	200	5278	1055600
611	6	11	6-4-5-12-11	200	5855	1171000
612	6	12	6-7-9-13-12	200	2900	580000
612	6	12	6-7-9-11-12	200	3750	750000
612	6	12	6-7-9-11-10-13-12	200	4017	803400
612	6	12	6-7-9-13-10-11-12	200	4353	870600
612	6	12	6-4-5-12	200	4751	950200
612	6	12	6-4-3-10-13-12	200	5345	1069000
613	6	13	6-7-9-13	200	2389	477800
613	6	13	6-7-9-11-10-13	200	3506	701200
613	6	13	6-7-9-11-12-13	200	4261	852200
613	6	13	6-4-3-10-13	200	4834	966800
613	6	13	6-4-5-8-9-13	200	5021	1004200
613	6	13	6-4-5-12-13	200	5262	1052400
70	7	0	7-1-0	200	2578	515600
70	7	0	7-1-2-0	200	4026	805200
70	7	0	7-6-4-3-0	200	5945	1189000
70	7	0	7-9-8-5-2-0	200	6995	1399000
70	7	0	7-9-8-5-2-1-0	200	7087	1417400
70	7	0	7-6-4-5-2-0	200	7741	1548200
71	7	1	7-1	200	1232	246400
71	7	1	7-9-8-5-2-1	200	5741	1148200
71	7	1	7-6-4-5-2-1	200	6487	1297400
71	7	1	7-6-4-3-0-1	200	7291	1458200
71	7	1	7-9-13-12-5-2-1	200	7450	1490000
71	7	1	7-9-11-12-5-2-1	200	8300	1660000
72	7	2	7-1-2	200	2002	400400
72	7	2	7-1-0-2	200	4602	920400
72	7	2	7-9-8-5-2	200	4971	994200
72	7	2	7-6-4-5-2	200	5717	1143400
72	7	2	7-9-13-12-5-2	200	6680	1336000
72	7	2	7-9-11-12-5-2	200	7530	1506000
73	7	3	7-6-4-3	200	2531	506200
73	7	3	7-9-11-10-3	200	4679	935800
73	7	3	7-9-13-10-3	200	4692	938400
73	7	3	7-9-8-5-4-3	200	5107	1021400
73	7	3	7-1-0-3	200	5992	1198400
73	7	3	7-9-13-12-11-10-3	200	6037	1207400
74	7	4	7-6-4	200	1683	336600
74	7	4	7-9-8-5-4	200	4259	851800
74	7	4	7-9-11-10-3-4	200	5527	1105400
74	7	4	7-9-13-10-3-4	200	5540	1108000
74	7	4	7-9-13-12-5-4	200	5968	1193600
74	7	4	7-1-2-5-4	200	6036	1207200
75	7	5	7-9-8-5	200	2598	519600
75	7	5	7-6-4-5	200	3344	668800
75	7	5	7-9-13-12-5	200	4307	861400
75	7	5	7-1-2-5	200	4375	875000
75	7	5	7-9-11-12-5	200	5157	1031400
75	7	5	7-9-11-10-13-12-5	200	5424	1084800
76	7	6	7-6	200	878	175600
76	7	6	7-9-8-5-4-6	200	5064	1012800
76	7	6	7-9-11-10-3-4-6	200	6332	1266400
76	7	6	7-9-13-10-3-4-6	200	6345	1269000
76	7	6	7-9-13-12-5-4-6	200	6773	1354600
76	7	6	7-1-2-5-4-6	200	6841	1368200
78	7	8	7-9-8	200	1319	263800
78	7	8	7-6-4-5-8	200	4623	924600
78	7	8	7-9-13-12-5-8	200	5586	1117200
78	7	8	7-1-2-5-8	200	5654	1130800
78	7	8	7-9-11-12-5-8	200	6436	1287200
78	7	8	7-9-11-10-13-12-5-8	200	6703	1340600
79	7	9	7-9	200	777	155400
79	7	9	7-6-4-5-8-9	200	5165	1033000
79	7	9	7-1-2-5-8-9	200	6196	1239200
79	7	9	7-6-4-3-10-11-9	200	6433	1286600
79	7	9	7-6-4-3-10-13-9	200	6446	1289200
79	7	9	7-6-4-5-12-13-9	200	6874	1374800
710	7	10	7-9-11-10	200	2063	412600
710	7	10	7-9-13-10	200	2076	415200
710	7	10	7-9-13-12-11-10	200	3421	684200
710	7	10	7-9-11-12-13-10	200	3948	789600
710	7	10	7-6-4-3-10	200	5147	1029400
710	7	10	7-9-8-5-12-13-10	200	5959	1191800
711	7	11	7-9-11	200	1768	353600
711	7	11	7-9-13-10-11	200	2371	474200
711	7	11	7-9-13-12-11	200	3126	625200
711	7	11	7-6-4-3-10-11	200	5442	1088400
711	7	11	7-9-8-5-12-11	200	5987	1197400
711	7	11	7-6-4-5-8-9-11	200	6156	1231200
712	7	12	7-9-13-12	200	2022	404400
712	7	12	7-9-11-12	200	2872	574400
712	7	12	7-9-11-10-13-12	200	3139	627800
712	7	12	7-9-13-10-11-12	200	3475	695000
712	7	12	7-9-8-5-12	200	4883	976600
712	7	12	7-6-4-5-12	200	5629	1125800
713	7	13	7-9-13	200	1511	302200
713	7	13	7-9-11-10-13	200	2628	525600
713	7	13	7-9-11-12-13	200	3383	676600
713	7	13	7-9-8-5-12-13	200	5394	1078800
713	7	13	7-6-4-3-10-13	200	5712	1142400
713	7	13	7-6-4-5-8-9-13	200	5899	1179800
80	8	0	8-9-7-1-0	200	3897	779400
80	8	0	8-9-7-1-2-0	200	5345	1069000
80	8	0	8-5-2-0	200	5676	1135200
80	8	0	8-5-2-1-0	200	5768	1153600
80	8	0	8-5-4-6-7-1-0	200	7201	1440200
80	8	0	8-5-4-3-0	200	7202	1440400
81	8	1	8-9-7-1	200	2551	510200
81	8	1	8-5-2-1	200	4422	884400
81	8	1	8-5-4-6-7-1	200	5855	1171000
81	8	1	8-5-12-13-9-7-1	200	6818	1363600
81	8	1	8-5-2-0-1	200	7022	1404400
81	8	1	8-9-13-12-5-2-1	200	7215	1443000
82	8	2	8-9-7-1-2	200	3321	664200
82	8	2	8-5-2	200	3652	730400
82	8	2	8-9-7-1-0-2	200	5921	1184200
82	8	2	8-9-13-12-5-2	200	6445	1289000
82	8	2	8-5-4-6-7-1-2	200	6625	1325000
82	8	2	8-9-7-6-4-5-2	200	7036	1407200
83	8	3	8-5-4-3	200	3788	757600
83	8	3	8-9-7-6-4-3	200	3850	770000
83	8	3	8-9-11-10-3	200	4444	888800
83	8	3	8-9-13-10-3	200	4457	891400
83	8	3	8-9-13-12-11-10-3	200	5802	1160400
83	8	3	8-9-11-12-13-10-3	200	6329	1265800
84	8	4	8-5-4	200	2940	588000
84	8	4	8-9-7-6-4	200	3002	600400
84	8	4	8-9-11-10-3-4	200	5292	1058400
84	8	4	8-9-13-10-3-4	200	5305	1061000
84	8	4	8-9-13-12-5-4	200	5733	1146600
84	8	4	8-9-11-12-5-4	200	6583	1316600
85	8	5	8-5	200	1279	255800
85	8	5	8-9-13-12-5	200	4072	814400
85	8	5	8-9-7-6-4-5	200	4663	932600
85	8	5	8-9-11-12-5	200	4922	984400
85	8	5	8-9-11-10-13-12-5	200	5189	1037800
85	8	5	8-9-13-10-11-12-5	200	5525	1105000
86	8	6	8-9-7-6	200	2197	439400
86	8	6	8-5-4-6	200	3745	749000
86	8	6	8-9-11-10-3-4-6	200	6097	1219400
86	8	6	8-9-13-10-3-4-6	200	6110	1222000
86	8	6	8-5-12-13-9-7-6	200	6464	1292800
86	8	6	8-5-2-1-7-6	200	6532	1306400
87	8	7	8-9-7	200	1319	263800
87	8	7	8-5-4-6-7	200	4623	924600
87	8	7	8-5-12-13-9-7	200	5586	1117200
87	8	7	8-5-2-1-7	200	5654	1130800
87	8	7	8-5-12-11-9-7	200	6436	1287200
87	8	7	8-5-12-13-10-11-9-7	200	6703	1340600
89	8	9	8-9	200	542	108400
89	8	9	8-5-12-13-9	200	4809	961800
89	8	9	8-5-4-6-7-9	200	5400	1080000
89	8	9	8-5-12-11-9	200	5659	1131800
89	8	9	8-5-12-13-10-11-9	200	5926	1185200
89	8	9	8-5-12-11-10-13-9	200	6262	1252400
810	8	10	8-9-11-10	200	1828	365600
810	8	10	8-9-13-10	200	1841	368200
810	8	10	8-9-13-12-11-10	200	3186	637200
810	8	10	8-9-11-12-13-10	200	3713	742600
810	8	10	8-5-12-13-10	200	4640	928000
810	8	10	8-5-12-11-10	200	4963	992600
811	8	11	8-9-11	200	1533	306600
811	8	11	8-9-13-10-11	200	2136	427200
811	8	11	8-9-13-12-11	200	2891	578200
811	8	11	8-5-12-11	200	4668	933600
811	8	11	8-5-12-13-10-11	200	4935	987000
811	8	11	8-5-12-13-9-11	200	5800	1160000
812	8	12	8-9-13-12	200	1787	357400
812	8	12	8-9-11-12	200	2637	527400
812	8	12	8-9-11-10-13-12	200	2904	580800
812	8	12	8-9-13-10-11-12	200	3240	648000
812	8	12	8-5-12	200	3564	712800
812	8	12	8-5-4-6-7-9-13-12	200	6645	1329000
813	8	13	8-9-13	200	1276	255200
813	8	13	8-9-11-10-13	200	2393	478600
813	8	13	8-9-11-12-13	200	3148	629600
813	8	13	8-5-12-13	200	4075	815000
813	8	13	8-5-12-11-10-13	200	5528	1105600
813	8	13	8-5-4-6-7-9-13	200	6134	1226800
90	9	0	9-7-1-0	200	3355	671000
90	9	0	9-7-1-2-0	200	4803	960600
90	9	0	9-8-5-2-0	200	6218	1243600
90	9	0	9-8-5-2-1-0	200	6310	1262000
90	9	0	9-7-6-4-3-0	200	6722	1344400
90	9	0	9-11-10-3-0	200	7316	1463200
91	9	1	9-7-1	200	2009	401800
91	9	1	9-8-5-2-1	200	4964	992800
91	9	1	9-8-5-4-6-7-1	200	6397	1279400
91	9	1	9-13-12-5-2-1	200	6673	1334600
91	9	1	9-7-6-4-5-2-1	200	7264	1452800
91	9	1	9-11-12-5-2-1	200	7523	1504600
92	9	2	9-7-1-2	200	2779	555800
92	9	2	9-8-5-2	200	4194	838800
92	9	2	9-7-1-0-2	200	5379	1075800
92	9	2	9-13-12-5-2	200	5903	1180600
92	9	2	9-7-6-4-5-2	200	6494	1298800
92	9	2	9-11-12-5-2	200	6753	1350600
93	9	3	9-7-6-4-3	200	3308	661600
93	9	3	9-11-10-3	200	3902	780400
93	9	3	9-13-10-3	200	3915	783000
93	9	3	9-8-5-4-3	200	4330	866000
93	9	3	9-13-12-11-10-3	200	5260	1052000
93	9	3	9-11-12-13-10-3	200	5787	1157400
94	9	4	9-7-6-4	200	2460	492000
94	9	4	9-8-5-4	200	3482	696400
94	9	4	9-11-10-3-4	200	4750	950000
94	9	4	9-13-10-3-4	200	4763	952600
94	9	4	9-13-12-5-4	200	5191	1038200
94	9	4	9-11-12-5-4	200	6041	1208200
95	9	5	9-8-5	200	1821	364200
95	9	5	9-13-12-5	200	3530	706000
95	9	5	9-7-6-4-5	200	4121	824200
95	9	5	9-11-12-5	200	4380	876000
95	9	5	9-11-10-13-12-5	200	4647	929400
95	9	5	9-13-10-11-12-5	200	4983	996600
96	9	6	9-7-6	200	1655	331000
96	9	6	9-8-5-4-6	200	4287	857400
96	9	6	9-11-10-3-4-6	200	5555	1111000
96	9	6	9-13-10-3-4-6	200	5568	1113600
96	9	6	9-13-12-5-4-6	200	5996	1199200
96	9	6	9-11-12-5-4-6	200	6846	1369200
97	9	7	9-7	200	777	155400
97	9	7	9-8-5-4-6-7	200	5165	1033000
97	9	7	9-8-5-2-1-7	200	6196	1239200
97	9	7	9-11-10-3-4-6-7	200	6433	1286600
97	9	7	9-13-10-3-4-6-7	200	6446	1289200
97	9	7	9-13-12-5-4-6-7	200	6874	1374800
98	9	8	9-8	200	542	108400
98	9	8	9-13-12-5-8	200	4809	961800
98	9	8	9-7-6-4-5-8	200	5400	1080000
98	9	8	9-11-12-5-8	200	5659	1131800
98	9	8	9-11-10-13-12-5-8	200	5926	1185200
98	9	8	9-13-10-11-12-5-8	200	6262	1252400
910	9	10	9-11-10	200	1286	257200
910	9	10	9-13-10	200	1299	259800
910	9	10	9-13-12-11-10	200	2644	528800
910	9	10	9-11-12-13-10	200	3171	634200
910	9	10	9-8-5-12-13-10	200	5182	1036400
910	9	10	9-8-5-12-11-10	200	5505	1101000
911	9	11	9-11	200	991	198200
911	9	11	9-13-10-11	200	1594	318800
911	9	11	9-13-12-11	200	2349	469800
911	9	11	9-8-5-12-11	200	5210	1042000
911	9	11	9-8-5-12-13-10-11	200	5477	1095400
911	9	11	9-7-6-4-3-10-11	200	6219	1243800
912	9	12	9-13-12	200	1245	249000
912	9	12	9-11-12	200	2095	419000
912	9	12	9-11-10-13-12	200	2362	472400
912	9	12	9-13-10-11-12	200	2698	539600
912	9	12	9-8-5-12	200	4106	821200
912	9	12	9-7-6-4-5-12	200	6406	1281200
913	9	13	9-13	200	734	146800
913	9	13	9-11-10-13	200	1851	370200
913	9	13	9-11-12-13	200	2606	521200
913	9	13	9-8-5-12-13	200	4617	923400
913	9	13	9-8-5-12-11-10-13	200	6070	1214000
913	9	13	9-7-6-4-3-10-13	200	6489	1297800
100	10	0	10-11-9-7-1-0	200	4641	928200
100	10	0	10-13-9-7-1-0	200	4654	930800
100	10	0	10-11-12-13-9-7-1-0	200	5999	1199800
100	10	0	10-3-0	200	6030	1206000
100	10	0	10-11-9-7-1-2-0	200	6089	1217800
100	10	0	10-13-9-7-1-2-0	200	6102	1220400
101	10	1	10-11-9-7-1	200	3295	659000
101	10	1	10-13-9-7-1	200	3308	661600
101	10	1	10-11-12-13-9-7-1	200	4653	930600
101	10	1	10-13-12-11-9-7-1	200	5180	1036000
101	10	1	10-11-9-8-5-2-1	200	6250	1250000
101	10	1	10-13-9-8-5-2-1	200	6263	1252600
102	10	2	10-11-9-7-1-2	200	4065	813000
102	10	2	10-13-9-7-1-2	200	4078	815600
102	10	2	10-11-12-13-9-7-1-2	200	5423	1084600
102	10	2	10-11-9-8-5-2	200	5480	1096000
102	10	2	10-13-9-8-5-2	200	5493	1098600
102	10	2	10-13-12-5-2	200	5734	1146800
103	10	3	10-3	200	2616	523200
103	10	3	10-11-9-7-6-4-3	200	4594	918800
103	10	3	10-13-9-7-6-4-3	200	4607	921400
103	10	3	10-11-9-8-5-4-3	200	5616	1123200
103	10	3	10-13-9-8-5-4-3	200	5629	1125800
103	10	3	10-13-12-5-4-3	200	5870	1174000
104	10	4	10-3-4	200	3464	692800
104	10	4	10-11-9-7-6-4	200	3746	749200
104	10	4	10-13-9-7-6-4	200	3759	751800
104	10	4	10-11-9-8-5-4	200	4768	953600
104	10	4	10-13-9-8-5-4	200	4781	956200
104	10	4	10-13-12-5-4	200	5022	1004400
105	10	5	10-11-9-8-5	200	3107	621400
105	10	5	10-13-9-8-5	200	3120	624000
105	10	5	10-13-12-5	200	3361	672200
105	10	5	10-11-12-5	200	3684	736800
105	10	5	10-11-12-13-9-8-5	200	4465	893000
105	10	5	10-11-9-13-12-5	200	4816	963200
106	10	6	10-11-9-7-6	200	2941	588200
106	10	6	10-13-9-7-6	200	2954	590800
106	10	6	10-3-4-6	200	4269	853800
106	10	6	10-11-12-13-9-7-6	200	4299	859800
106	10	6	10-13-12-11-9-7-6	200	4826	965200
106	10	6	10-11-9-8-5-4-6	200	5573	1114600
107	10	7	10-11-9-7	200	2063	412600
107	10	7	10-13-9-7	200	2076	415200
107	10	7	10-11-12-13-9-7	200	3421	684200
107	10	7	10-13-12-11-9-7	200	3948	789600
107	10	7	10-3-4-6-7	200	5147	1029400
107	10	7	10-13-12-5-8-9-7	200	5959	1191800
108	10	8	10-11-9-8	200	1828	365600
108	10	8	10-13-9-8	200	1841	368200
108	10	8	10-11-12-13-9-8	200	3186	637200
108	10	8	10-13-12-11-9-8	200	3713	742600
108	10	8	10-13-12-5-8	200	4640	928000
108	10	8	10-11-12-5-8	200	4963	992600
109	10	9	10-11-9	200	1286	257200
109	10	9	10-13-9	200	1299	259800
109	10	9	10-11-12-13-9	200	2644	528800
109	10	9	10-13-12-11-9	200	3171	634200
109	10	9	10-13-12-5-8-9	200	5182	1036400
109	10	9	10-11-12-5-8-9	200	5505	1101000
1011	10	11	10-11	200	295	59000
1011	10	11	10-13-12-11	200	2180	436000
1011	10	11	10-13-9-11	200	2290	458000
1011	10	11	10-13-12-5-8-9-11	200	6173	1234600
1011	10	11	10-13-9-8-5-12-11	200	6509	1301800
1011	10	11	10-3-4-6-7-9-11	200	6915	1383000
1012	10	12	10-13-12	200	1076	215200
1012	10	12	10-11-12	200	1399	279800
1012	10	12	10-11-9-13-12	200	2531	506200
1012	10	12	10-13-9-11-12	200	3394	678800
1012	10	12	10-11-9-8-5-12	200	5392	1078400
1012	10	12	10-13-9-8-5-12	200	5405	1081000
1013	10	13	10-13	200	565	113000
1013	10	13	10-11-12-13	200	1910	382000
1013	10	13	10-11-9-13	200	2020	404000
1013	10	13	10-11-9-8-5-12-13	200	5903	1180600
1013	10	13	10-11-12-5-8-9-13	200	6239	1247800
1013	10	13	10-3-4-6-7-9-13	200	6658	1331600
110	11	0	11-9-7-1-0	200	4346	869200
110	11	0	11-10-13-9-7-1-0	200	4949	989800
110	11	0	11-12-13-9-7-1-0	200	5704	1140800
110	11	0	11-9-7-1-2-0	200	5794	1158800
110	11	0	11-10-3-0	200	6325	1265000
110	11	0	11-10-13-9-7-1-2-0	200	6397	1279400
111	11	1	11-9-7-1	200	3000	600000
111	11	1	11-10-13-9-7-1	200	3603	720600
111	11	1	11-12-13-9-7-1	200	4358	871600
111	11	1	11-9-8-5-2-1	200	5955	1191000
111	11	1	11-12-5-2-1	200	6532	1306400
111	11	1	11-10-13-9-8-5-2-1	200	6558	1311600
112	11	2	11-9-7-1-2	200	3770	754000
112	11	2	11-10-13-9-7-1-2	200	4373	874600
112	11	2	11-12-13-9-7-1-2	200	5128	1025600
112	11	2	11-9-8-5-2	200	5185	1037000
112	11	2	11-12-5-2	200	5762	1152400
112	11	2	11-10-13-9-8-5-2	200	5788	1157600
113	11	3	11-10-3	200	2911	582200
113	11	3	11-9-7-6-4-3	200	4299	859800
113	11	3	11-12-13-10-3	200	4796	959200
113	11	3	11-10-13-9-7-6-4-3	200	4902	980400
113	11	3	11-9-13-10-3	200	4906	981200
113	11	3	11-9-8-5-4-3	200	5321	1064200
114	11	4	11-9-7-6-4	200	3451	690200
114	11	4	11-10-3-4	200	3759	751800
114	11	4	11-10-13-9-7-6-4	200	4054	810800
114	11	4	11-9-8-5-4	200	4473	894600
114	11	4	11-12-13-9-7-6-4	200	4809	961800
114	11	4	11-12-5-4	200	5050	1010000
115	11	5	11-9-8-5	200	2812	562400
115	11	5	11-12-5	200	3389	677800
115	11	5	11-10-13-9-8-5	200	3415	683000
115	11	5	11-10-13-12-5	200	3656	731200
115	11	5	11-12-13-9-8-5	200	4170	834000
115	11	5	11-9-13-12-5	200	4521	904200
116	11	6	11-9-7-6	200	2646	529200
116	11	6	11-10-13-9-7-6	200	3249	649800
116	11	6	11-12-13-9-7-6	200	4004	800800
116	11	6	11-10-3-4-6	200	4564	912800
116	11	6	11-9-8-5-4-6	200	5278	1055600
116	11	6	11-12-5-4-6	200	5855	1171000
117	11	7	11-9-7	200	1768	353600
117	11	7	11-10-13-9-7	200	2371	474200
117	11	7	11-12-13-9-7	200	3126	625200
117	11	7	11-10-3-4-6-7	200	5442	1088400
117	11	7	11-12-5-8-9-7	200	5987	1197400
117	11	7	11-9-8-5-4-6-7	200	6156	1231200
118	11	8	11-9-8	200	1533	306600
118	11	8	11-10-13-9-8	200	2136	427200
118	11	8	11-12-13-9-8	200	2891	578200
118	11	8	11-12-5-8	200	4668	933600
118	11	8	11-10-13-12-5-8	200	4935	987000
118	11	8	11-9-13-12-5-8	200	5800	1160000
119	11	9	11-9	200	991	198200
119	11	9	11-10-13-9	200	1594	318800
119	11	9	11-12-13-9	200	2349	469800
119	11	9	11-12-5-8-9	200	5210	1042000
119	11	9	11-10-13-12-5-8-9	200	5477	1095400
119	11	9	11-10-3-4-6-7-9	200	6219	1243800
1110	11	10	11-10	200	295	59000
1110	11	10	11-12-13-10	200	2180	436000
1110	11	10	11-9-13-10	200	2290	458000
1110	11	10	11-9-8-5-12-13-10	200	6173	1234600
1110	11	10	11-12-5-8-9-13-10	200	6509	1301800
1110	11	10	11-9-7-6-4-3-10	200	6915	1383000
1112	11	12	11-12	200	1104	220800
1112	11	12	11-10-13-12	200	1371	274200
1112	11	12	11-9-13-12	200	2236	447200
1112	11	12	11-9-8-5-12	200	5097	1019400
1112	11	12	11-10-13-9-8-5-12	200	5700	1140000
1112	11	12	11-9-7-6-4-5-12	200	7397	1479400
1113	11	13	11-10-13	200	860	172000
1113	11	13	11-12-13	200	1615	323000
1113	11	13	11-9-13	200	1725	345000
1113	11	13	11-9-8-5-12-13	200	5608	1121600
1113	11	13	11-12-5-8-9-13	200	5944	1188800
1113	11	13	11-10-3-4-6-7-9-13	200	6953	1390600
120	12	0	12-13-9-7-1-0	200	4600	920000
120	12	0	12-11-9-7-1-0	200	5450	1090000
120	12	0	12-13-10-11-9-7-1-0	200	5717	1143400
120	12	0	12-13-9-7-1-2-0	200	6048	1209600
120	12	0	12-11-10-13-9-7-1-0	200	6053	1210600
120	12	0	12-5-2-0	200	6682	1336400
121	12	1	12-13-9-7-1	200	3254	650800
121	12	1	12-11-9-7-1	200	4104	820800
121	12	1	12-13-10-11-9-7-1	200	4371	874200
121	12	1	12-11-10-13-9-7-1	200	4707	941400
121	12	1	12-5-2-1	200	5428	1085600
121	12	1	12-5-8-9-7-1	200	6115	1223000
122	12	2	12-13-9-7-1-2	200	4024	804800
122	12	2	12-5-2	200	4658	931600
122	12	2	12-11-9-7-1-2	200	4874	974800
122	12	2	12-13-10-11-9-7-1-2	200	5141	1028200
122	12	2	12-13-9-8-5-2	200	5439	1087800
122	12	2	12-11-10-13-9-7-1-2	200	5477	1095400
123	12	3	12-13-10-3	200	3692	738400
123	12	3	12-11-10-3	200	4015	803000
123	12	3	12-13-9-7-6-4-3	200	4553	910600
123	12	3	12-5-4-3	200	4794	958800
123	12	3	12-13-9-11-10-3	200	5147	1029400
123	12	3	12-11-9-7-6-4-3	200	5403	1080600
124	12	4	12-13-9-7-6-4	200	3705	741000
124	12	4	12-5-4	200	3946	789200
124	12	4	12-13-10-3-4	200	4540	908000
124	12	4	12-11-9-7-6-4	200	4555	911000
124	12	4	12-13-9-8-5-4	200	4727	945400
124	12	4	12-13-10-11-9-7-6-4	200	4822	964400
125	12	5	12-5	200	2285	457000
125	12	5	12-13-9-8-5	200	3066	613200
125	12	5	12-11-9-8-5	200	3916	783200
125	12	5	12-13-10-11-9-8-5	200	4183	836600
125	12	5	12-11-10-13-9-8-5	200	4519	903800
125	12	5	12-13-9-7-6-4-5	200	5366	1073200
126	12	6	12-13-9-7-6	200	2900	580000
126	12	6	12-11-9-7-6	200	3750	750000
126	12	6	12-13-10-11-9-7-6	200	4017	803400
126	12	6	12-11-10-13-9-7-6	200	4353	870600
126	12	6	12-5-4-6	200	4751	950200
126	12	6	12-13-10-3-4-6	200	5345	1069000
127	12	7	12-13-9-7	200	2022	404400
127	12	7	12-11-9-7	200	2872	574400
127	12	7	12-13-10-11-9-7	200	3139	627800
127	12	7	12-11-10-13-9-7	200	3475	695000
127	12	7	12-5-8-9-7	200	4883	976600
127	12	7	12-5-4-6-7	200	5629	1125800
128	12	8	12-13-9-8	200	1787	357400
128	12	8	12-11-9-8	200	2637	527400
128	12	8	12-13-10-11-9-8	200	2904	580800
128	12	8	12-11-10-13-9-8	200	3240	648000
128	12	8	12-5-8	200	3564	712800
128	12	8	12-13-9-7-6-4-5-8	200	6645	1329000
129	12	9	12-13-9	200	1245	249000
129	12	9	12-11-9	200	2095	419000
129	12	9	12-13-10-11-9	200	2362	472400
129	12	9	12-11-10-13-9	200	2698	539600
129	12	9	12-5-8-9	200	4106	821200
129	12	9	12-5-4-6-7-9	200	6406	1281200
1210	12	10	12-13-10	200	1076	215200
1210	12	10	12-11-10	200	1399	279800
1210	12	10	12-13-9-11-10	200	2531	506200
1210	12	10	12-11-9-13-10	200	3394	678800
1210	12	10	12-5-8-9-11-10	200	5392	1078400
1210	12	10	12-5-8-9-13-10	200	5405	1081000
1211	12	11	12-11	200	1104	220800
1211	12	11	12-13-10-11	200	1371	274200
1211	12	11	12-13-9-11	200	2236	447200
1211	12	11	12-5-8-9-11	200	5097	1019400
1211	12	11	12-5-8-9-13-10-11	200	5700	1140000
1211	12	11	12-5-4-6-7-9-11	200	7397	1479400
1213	12	13	12-13	200	511	102200
1213	12	13	12-11-10-13	200	1964	392800
1213	12	13	12-11-9-13	200	2829	565800
1213	12	13	12-5-8-9-13	200	4840	968000
1213	12	13	12-5-8-9-11-10-13	200	5957	1191400
1213	12	13	12-5-4-6-7-9-13	200	7140	1428000
130	13	0	13-9-7-1-0	200	4089	817800
130	13	0	13-10-11-9-7-1-0	200	5206	1041200
130	13	0	13-9-7-1-2-0	200	5537	1107400
130	13	0	13-12-11-9-7-1-0	200	5961	1192200
130	13	0	13-10-3-0	200	6595	1319000
130	13	0	13-10-11-9-7-1-2-0	200	6654	1330800
131	13	1	13-9-7-1	200	2743	548600
131	13	1	13-10-11-9-7-1	200	3860	772000
131	13	1	13-12-11-9-7-1	200	4615	923000
131	13	1	13-9-8-5-2-1	200	5698	1139600
131	13	1	13-12-5-2-1	200	5939	1187800
131	13	1	13-12-5-8-9-7-1	200	6626	1325200
132	13	2	13-9-7-1-2	200	3513	702600
132	13	2	13-10-11-9-7-1-2	200	4630	926000
132	13	2	13-9-8-5-2	200	4928	985600
132	13	2	13-12-5-2	200	5169	1033800
132	13	2	13-12-11-9-7-1-2	200	5385	1077000
132	13	2	13-10-11-9-8-5-2	200	6045	1209000
133	13	3	13-10-3	200	3181	636200
133	13	3	13-9-7-6-4-3	200	4042	808400
133	13	3	13-12-11-10-3	200	4526	905200
133	13	3	13-9-11-10-3	200	4636	927200
133	13	3	13-9-8-5-4-3	200	5064	1012800
133	13	3	13-10-11-9-7-6-4-3	200	5159	1031800
134	13	4	13-9-7-6-4	200	3194	638800
134	13	4	13-10-3-4	200	4029	805800
134	13	4	13-9-8-5-4	200	4216	843200
134	13	4	13-10-11-9-7-6-4	200	4311	862200
134	13	4	13-12-5-4	200	4457	891400
134	13	4	13-12-11-9-7-6-4	200	5066	1013200
135	13	5	13-9-8-5	200	2555	511000
135	13	5	13-12-5	200	2796	559200
135	13	5	13-10-11-9-8-5	200	3672	734400
135	13	5	13-10-11-12-5	200	4249	849800
135	13	5	13-12-11-9-8-5	200	4427	885400
135	13	5	13-9-7-6-4-5	200	4855	971000
136	13	6	13-9-7-6	200	2389	477800
136	13	6	13-10-11-9-7-6	200	3506	701200
136	13	6	13-12-11-9-7-6	200	4261	852200
136	13	6	13-10-3-4-6	200	4834	966800
136	13	6	13-9-8-5-4-6	200	5021	1004200
136	13	6	13-12-5-4-6	200	5262	1052400
137	13	7	13-9-7	200	1511	302200
137	13	7	13-10-11-9-7	200	2628	525600
137	13	7	13-12-11-9-7	200	3383	676600
137	13	7	13-12-5-8-9-7	200	5394	1078800
137	13	7	13-10-3-4-6-7	200	5712	1142400
137	13	7	13-9-8-5-4-6-7	200	5899	1179800
138	13	8	13-9-8	200	1276	255200
138	13	8	13-10-11-9-8	200	2393	478600
138	13	8	13-12-11-9-8	200	3148	629600
138	13	8	13-12-5-8	200	4075	815000
138	13	8	13-10-11-12-5-8	200	5528	1105600
138	13	8	13-9-7-6-4-5-8	200	6134	1226800
139	13	9	13-9	200	734	146800
139	13	9	13-10-11-9	200	1851	370200
139	13	9	13-12-11-9	200	2606	521200
139	13	9	13-12-5-8-9	200	4617	923400
139	13	9	13-10-11-12-5-8-9	200	6070	1214000
139	13	9	13-10-3-4-6-7-9	200	6489	1297800
1310	13	10	13-10	200	565	113000
1310	13	10	13-12-11-10	200	1910	382000
1310	13	10	13-9-11-10	200	2020	404000
1310	13	10	13-12-5-8-9-11-10	200	5903	1180600
1310	13	10	13-9-8-5-12-11-10	200	6239	1247800
1310	13	10	13-9-7-6-4-3-10	200	6658	1331600
1311	13	11	13-10-11	200	860	172000
1311	13	11	13-12-11	200	1615	323000
1311	13	11	13-9-11	200	1725	345000
1311	13	11	13-12-5-8-9-11	200	5608	1121600
1311	13	11	13-9-8-5-12-11	200	5944	1188800
1311	13	11	13-9-7-6-4-3-10-11	200	6953	1390600
1312	13	12	13-12	200	511	102200
1312	13	12	13-10-11-12	200	1964	392800
1312	13	12	13-9-11-12	200	2829	565800
1312	13	12	13-9-8-5-12	200	4840	968000
1312	13	12	13-10-11-9-8-5-12	200	5957	1191400
1312	13	12	13-9-7-6-4-5-12	200	7140	1428000
