01	0	1	0-1	46	1346	61916
01	0	1	0-2-1	46	2794	128524
01	0	1	0-3-4-6-7-1	46	7177	330142
01	0	1	0-2-5-8-9-7-1	46	8227	378442
01	0	1	0-2-5-4-6-7-1	46	8973	412758
01	0	1	0-3-4-5-2-1	46	9066	417036
02	0	2	0-2	85	2024	172040
02	0	2	0-1-2	85	2116	179860
02	0	2	0-1-7-9-8-5-2	85	7549	641665
02	0	2	0-3-4-6-7-1-2	85	7947	675495
02	0	2	0-1-7-6-4-5-2	85	8295	705075
02	0	2	0-3-4-5-2	85	8296	705160
03	0	3	0-3	112	3414	382368
03	0	3	0-1-7-6-4-3	112	5109	572208
03	0	3	0-2-1-7-6-4-3	112	6557	734384
03	0	3	0-2-5-4-3	112	6906	773472
03	0	3	0-1-2-5-4-3	112	6998	783776
03	0	3	0-1-7-9-11-10-3	112	7257	812784
04	0	4	0-1-7-6-4	79	4261	336619
04	0	4	0-3-4	79	4262	336698
04	0	4	0-2-1-7-6-4	79	5709	451011
04	0	4	0-2-5-4	79	6058	478582
04	0	4	0-1-2-5-4	79	6150	485850
04	0	4	0-1-7-9-8-5-4	79	6837	540123
05	0	5	0-2-5	25	4397	109925
05	0	5	0-1-2-5	25	4489	112225
05	0	5	0-1-7-9-8-5	25	5176	129400
05	0	5	0-1-7-6-4-5	25	5922	148050
05	0	5	0-3-4-5	25	5923	148075
05	0	5	0-2-1-7-9-8-5	25	6624	165600
06	0	6	0-1-7-6	69	3456	238464
06	0	6	0-2-1-7-6	69	4904	338376
06	0	6	0-3-4-6	69	5067	349623
06	0	6	0-2-5-4-6	69	6863	473547
06	0	6	0-1-2-5-4-6	69	6955	479895
06	0	6	0-1-7-9-8-5-4-6	69	7642	527298
07	0	7	0-1-7	21	2578	54138
07	0	7	0-2-1-7	21	4026	84546
07	0	7	0-3-4-6-7	21	5945	124845
07	0	7	0-2-5-8-9-7	21	6995	146895
07	0	7	0-1-2-5-8-9-7	21	7087	148827
07	0	7	0-2-5-4-6-7	21	7741	162561
08	0	8	0-1-7-9-8	117	3897	455949
08	0	8	0-2-1-7-9-8	117	5345	625365
08	0	8	0-2-5-8	117	5676	664092
08	0	8	0-1-2-5-8	117	5768	674856
08	0	8	0-1-7-6-4-5-8	117	7201	842517
08	0	8	0-3-4-5-8	117	7202	842634
09	0	9	0-1-7-9	52	3355	174460
09	0	9	0-2-1-7-9	52	4803	249756
09	0	9	0-2-5-8-9	52	6218	323336
09	0	9	0-1-2-5-8-9	52	6310	328120
09	0	9	0-3-4-6-7-9	52	6722	349544
09	0	9	0-3-10-11-9	52	7316	380432
010	0	10	0-1-7-9-11-10	93	4641	431613
010	0	10	0-1-7-9-13-10	93	4654	432822
010	0	10	0-1-7-9-13-12-11-10	93	5999	557907
010	0	10	0-3-10	93	6030	560790
010	0	10	0-2-1-7-9-11-10	93	6089	566277
010	0	10	0-2-1-7-9-13-10	93	6102	567486
011	0	11	0-1-7-9-11	63	4346	273798
011	0	11	0-1-7-9-13-10-11	63	4949	311787
011	0	11	0-1-7-9-13-12-11	63	5704	359352
011	0	11	0-2-1-7-9-11	63	5794	365022
011	0	11	0-3-10-11	63	6325	398475
011	0	11	0-2-1-7-9-13-10-11	63	6397	403011
012	0	12	0-1-7-9-13-12	49	4600	225400
012	0	12	0-1-7-9-11-12	49	5450	267050
012	0	12	0-1-7-9-11-10-13-12	49	5717	280133
012	0	12	0-2-1-7-9-13-12	49	6048	296352
012	0	12	0-1-7-9-13-10-11-12	49	6053	296597
012	0	12	0-2-5-12	49	6682	327418
013	0	13	0-1-7-9-13	76	4089	310764
013	0	13	0-1-7-9-11-10-13	76	5206	395656
013	0	13	0-2-1-7-9-13	76	5537	420812
013	0	13	0-1-7-9-11-12-13	76	5961	453036
013	0	13	0-3-10-13	76	6595	501220
013	0	13	0-2-1-7-9-11-10-13	76	6654	505704
10	1	0	1-0	120	1346	161520
10	1	0	1-2-0	120	2794	335280
10	1	0	1-7-6-4-3-0	120	7177	861240
10	1	0	1-7-9-8-5-2-0	120	8227	987240
10	1	0	1-7-6-4-5-2-0	120	8973	1076760
10	1	0	1-2-5-4-3-0	120	9066	1087920
12	1	2	1-2	42	770	32340
12	1	2	1-0-2	42	3370	141540
12	1	2	1-7-9-8-5-2	42	6203	260526
12	1	2	1-7-6-4-5-2	42	6949	291858
12	1	2	1-7-9-13-12-5-2	42	7912	332304
12	1	2	1-7-9-11-12-5-2	42	8762	368004
13	1	3	1-7-6-4-3	92	3763	346196
13	1	3	1-0-3	92	4760	437920
13	1	3	1-2-5-4-3	92	5652	519984
13	1	3	1-7-9-11-10-3	92	5911	543812
13	1	3	1-7-9-13-10-3	92	5924	545008
13	1	3	1-2-0-3	92	6208	571136
14	1	4	1-7-6-4	56	2915	163240
14	1	4	1-2-5-4	56	4804	269024
14	1	4	1-7-9-8-5-4	56	5491	307496
14	1	4	1-0-3-4	56	5608	314048
14	1	4	1-7-9-11-10-3-4	56	6759	378504
14	1	4	1-7-9-13-10-3-4	56	6772	379232
15	1	5	1-2-5	55	3143	172865
15	1	5	1-7-9-8-5	55	3830	210650
15	1	5	1-7-6-4-5	55	4576	251680
15	1	5	1-7-9-13-12-5	55	5539	304645
15	1	5	1-0-2-5	55	5743	315865
15	1	5	1-7-9-11-12-5	55	6389	351395
16	1	6	1-7-6	57	2110	120270
16	1	6	1-2-5-4-6	57	5609	319713
16	1	6	1-7-9-8-5-4-6	57	6296	358872
16	1	6	1-0-3-4-6	57	6413	365541
16	1	6	1-2-5-8-9-7-6	57	6619	377283
16	1	6	1-7-9-11-10-3-4-6	57	7564	431148
17	1	7	1-7	120	1232	147840
17	1	7	1-2-5-8-9-7	120	5741	688920
17	1	7	1-2-5-4-6-7	120	6487	778440
17	1	7	1-0-3-4-6-7	120	7291	874920
17	1	7	1-2-5-12-13-9-7	120	7450	894000
17	1	7	1-2-5-12-11-9-7	120	8300	996000
18	1	8	1-7-9-8	24	2551	61224
18	1	8	1-2-5-8	24	4422	106128
18	1	8	1-7-6-4-5-8	24	5855	140520
18	1	8	1-7-9-13-12-5-8	24	6818	163632
18	1	8	1-0-2-5-8	24	7022	168528
18	1	8	1-2-5-12-13-9-8	24	7215	173160
19	1	9	1-7-9	115	2009	231035
19	1	9	1-2-5-8-9	115	4964	570860
19	1	9	1-7-6-4-5-8-9	115	6397	735655
19	1	9	1-2-5-12-13-9	115	6673	767395
19	1	9	1-2-5-4-6-7-9	115	7264	835360
19	1	9	1-2-5-12-11-9	115	7523	865145
110	1	10	1-7-9-11-10	31	3295	102145
110	1	10	1-7-9-13-10	31	3308	102548
110	1	10	1-7-9-13-12-11-10	31	4653	144243
110	1	10	1-7-9-11-12-13-10	31	5180	160580
110	1	10	1-2-5-8-9-11-10	31	6250	193750
110	1	10	1-2-5-8-9-13-10	31	6263	194153
111	1	11	1-7-9-11	135	3000	405000
111	1	11	1-7-9-13-10-11	135	3603	486405
111	1	11	1-7-9-13-12-11	135	4358	588330
111	1	11	1-2-5-8-9-11	135	5955	803925
111	1	11	1-2-5-12-11	135	6532	881820
111	1	11	1-2-5-8-9-13-10-11	135	6558	885330
112	1	12	1-7-9-13-12	112	3254	364448
112	1	12	1-7-9-11-12	112	4104	459648
112	1	12	1-7-9-11-10-13-12	112	4371	489552
112	1	12	1-7-9-13-10-11-12	112	4707	527184
112	1	12	1-2-5-12	112	5428	607936
112	1	12	1-7-9-8-5-12	112	6115	684880
113	1	13	1-7-9-13	52	2743	142636
113	1	13	1-7-9-11-10-13	52	3860	200720
113	1	13	1-7-9-11-12-13	52	4615	239980
113	1	13	1-2-5-8-9-13	52	5698	296296
113	1	13	1-2-5-12-13	52	5939	308828
113	1	13	1-7-9-8-5-12-13	52	6626	344552
20	2	0	2-0	128	2024	259072
20	2	0	2-1-0	128	2116	270848
20	2	0	2-5-8-9-7-1-0	128	7549	966272
20	2	0	2-1-7-6-4-3-0	128	7947	1017216
20	2	0	2-5-4-6-7-1-0	128	8295	1061760
20	2	0	2-5-4-3-0	128	8296	1061888
21	2	1	2-1	56	770	43120
21	2	1	2-0-1	56	3370	188720
21	2	1	2-5-8-9-7-1	56	6203	347368
21	2	1	2-5-4-6-7-1	56	6949	389144
21	2	1	2-5-12-13-9-7-1	56	7912	443072
21	2	1	2-5-12-11-9-7-1	56	8762	490672
23	2	3	2-1-7-6-4-3	71	4533	321843
23	2	3	2-5-4-3	71	4882	346622
23	2	3	2-0-3	71	5438	386098
23	2	3	2-1-0-3	71	5530	392630
23	2	3	2-1-7-9-11-10-3	71	6681	474351
23	2	3	2-1-7-9-13-10-3	71	6694	475274
24	2	4	2-1-7-6-4	139	3685	512215
24	2	4	2-5-4	139	4034	560726
24	2	4	2-1-7-9-8-5-4	139	6261	870279
24	2	4	2-0-1-7-6-4	139	6285	873615
24	2	4	2-0-3-4	139	6286	873754
24	2	4	2-1-0-3-4	139	6378	886542
25	2	5	2-5	24	2373	56952
25	2	5	2-1-7-9-8-5	24	4600	110400
25	2	5	2-1-7-6-4-5	24	5346	128304
25	2	5	2-1-7-9-13-12-5	24	6309	151416
25	2	5	2-1-7-9-11-12-5	24	7159	171816
25	2	5	2-0-1-7-9-8-5	24	7200	172800
26	2	6	2-1-7-6	99	2880	285120
26	2	6	2-5-4-6	99	4839	479061
26	2	6	2-0-1-7-6	99	5480	542520
26	2	6	2-5-8-9-7-6	99	5849	579051
26	2	6	2-1-7-9-8-5-4-6	99	7066	699534
26	2	6	2-0-3-4-6	99	7091	702009
27	2	7	2-1-7	67	2002	134134
27	2	7	2-0-1-7	67	4602	308334
27	2	7	2-5-8-9-7	67	4971	333057
27	2	7	2-5-4-6-7	67	5717	383039
27	2	7	2-5-12-13-9-7	67	6680	447560
27	2	7	2-5-12-11-9-7	67	7530	504510
28	2	8	2-1-7-9-8	55	3321	182655
28	2	8	2-5-8	55	3652	200860
28	2	8	2-0-1-7-9-8	55	5921	325655
28	2	8	2-5-12-13-9-8	55	6445	354475
28	2	8	2-1-7-6-4-5-8	55	6625	364375
28	2	8	2-5-4-6-7-9-8	55	7036	386980
29	2	9	2-1-7-9	149	2779	414071
29	2	9	2-5-8-9	149	4194	624906
29	2	9	2-0-1-7-9	149	5379	801471
29	2	9	2-5-12-13-9	149	5903	879547
29	2	9	2-5-4-6-7-9	149	6494	967606
29	2	9	2-5-12-11-9	149	6753	1006197
210	2	10	2-1-7-9-11-10	120	4065	487800
210	2	10	2-1-7-9-13-10	120	4078	489360
210	2	10	2-1-7-9-13-12-11-10	120	5423	650760
210	2	10	2-5-8-9-11-10	120	5480	657600
210	2	10	2-5-8-9-13-10	120	5493	659160
210	2	10	2-5-12-13-10	120	5734	688080
211	2	11	2-1-7-9-11	144	3770	542880
211	2	11	2-1-7-9-13-10-11	144	4373	629712
211	2	11	2-1-7-9-13-12-11	144	5128	738432
211	2	11	2-5-8-9-11	144	5185	746640
211	2	11	2-5-12-11	144	5762	829728
211	2	11	2-5-8-9-13-10-11	144	5788	833472
212	2	12	2-1-7-9-13-12	90	4024	362160
212	2	12	2-5-12	90	4658	419220
212	2	12	2-1-7-9-11-12	90	4874	438660
212	2	12	2-1-7-9-11-10-13-12	90	5141	462690
212	2	12	2-5-8-9-13-12	90	5439	489510
212	2	12	2-1-7-9-13-10-11-12	90	5477	492930
213	2	13	2-1-7-9-13	79	3513	277527
213	2	13	2-1-7-9-11-10-13	79	4630	365770
213	2	13	2-5-8-9-13	79	4928	389312
213	2	13	2-5-12-13	79	5169	408351
213	2	13	2-1-7-9-11-12-13	79	5385	425415
213	2	13	2-5-8-9-11-10-13	79	6045	477555
30	3	0	3-0	91	3414	310674
30	3	0	3-4-6-7-1-0	91	5109	464919
30	3	0	3-4-6-7-1-2-0	91	6557	596687
30	3	0	3-4-5-2-0	91	6906	628446
30	3	0	3-4-5-2-1-0	91	6998	636818
30	3	0	3-10-11-9-7-1-0	91	7257	660387
31	3	1	3-4-6-7-1	92	3763	346196
31	3	1	3-0-1	92	4760	437920
31	3	1	3-4-5-2-1	92	5652	519984
31	3	1	3-10-11-9-7-1	92	5911	543812
31	3	1	3-10-13-9-7-1	92	5924	545008
31	3	1	3-0-2-1	92	6208	571136
32	3	2	3-4-6-7-1-2	85	4533	385305
32	3	2	3-4-5-2	85	4882	414970
32	3	2	3-0-2	85	5438	462230
32	3	2	3-0-1-2	85	5530	470050
32	3	2	3-10-11-9-7-1-2	85	6681	567885
32	3	2	3-10-13-9-7-1-2	85	6694	568990
34	3	4	3-4	18	848	15264
34	3	4	3-10-11-9-7-6-4	18	6362	114516
34	3	4	3-10-13-9-7-6-4	18	6375	114750
34	3	4	3-10-11-9-8-5-4	18	7384	132912
34	3	4	3-10-13-9-8-5-4	18	7397	133146
34	3	4	3-10-13-12-5-4	18	7638	137484
35	3	5	3-4-5	90	2509	225810
35	3	5	3-4-6-7-9-8-5	90	5129	461610
35	3	5	3-10-11-9-8-5	90	5723	515070
35	3	5	3-10-13-9-8-5	90	5736	516240
35	3	5	3-10-13-12-5	90	5977	537930
35	3	5	3-10-11-12-5	90	6300	567000
36	3	6	3-4-6	4	1653	6612
36	3	6	3-10-11-9-7-6	4	5557	22228
36	3	6	3-10-13-9-7-6	4	5570	22280
36	3	6	3-4-5-8-9-7-6	4	5985	23940
36	3	6	3-0-1-7-6	4	6870	27480
36	3	6	3-10-11-12-13-9-7-6	4	6915	27660
37	3	7	3-4-6-7	145	2531	366995
37	3	7	3-10-11-9-7	145	4679	678455
37	3	7	3-10-13-9-7	145	4692	680340
37	3	7	3-4-5-8-9-7	145	5107	740515
37	3	7	3-0-1-7	145	5992	868840
37	3	7	3-10-11-12-13-9-7	145	6037	875365
38	3	8	3-4-5-8	95	3788	359860
38	3	8	3-4-6-7-9-8	95	3850	365750
38	3	8	3-10-11-9-8	95	4444	422180
38	3	8	3-10-13-9-8	95	4457	423415
38	3	8	3-10-11-12-13-9-8	95	5802	551190
38	3	8	3-10-13-12-11-9-8	95	6329	601255
39	3	9	3-4-6-7-9	36	3308	119088
39	3	9	3-10-11-9	36	3902	140472
39	3	9	3-10-13-9	36	3915	140940
39	3	9	3-4-5-8-9	36	4330	155880
39	3	9	3-10-11-12-13-9	36	5260	189360
39	3	9	3-10-13-12-11-9	36	5787	208332
310	3	10	3-10	124	2616	324384
310	3	10	3-4-6-7-9-11-10	124	4594	569656
310	3	10	3-4-6-7-9-13-10	124	4607	571268
310	3	10	3-4-5-8-9-11-10	124	5616	696384
310	3	10	3-4-5-8-9-13-10	124	5629	697996
310	3	10	3-4-5-12-13-10	124	5870	727880
311	3	11	3-10-11	10	2911	29110
311	3	11	3-4-6-7-9-11	10	4299	42990
311	3	11	3-10-13-12-11	10	4796	47960
311	3	11	3-4-6-7-9-13-10-11	10	4902	49020
311	3	11	3-10-13-9-11	10	4906	49060
311	3	11	3-4-5-8-9-11	10	5321	53210
312	3	12	3-10-13-12	37	3692	136604
312	3	12	3-10-11-12	37	4015	148555
312	3	12	3-4-6-7-9-13-12	37	4553	168461
312	3	12	3-4-5-12	37	4794	177378
312	3	12	3-10-11-9-13-12	37	5147	190439
312	3	12	3-4-6-7-9-11-12	37	5403	199911
313	3	13	3-10-13	124	3181	394444
313	3	13	3-4-6-7-9-13	124	4042	501208
313	3	13	3-10-11-12-13	124	4526	561224
313	3	13	3-10-11-9-13	124	4636	574864
313	3	13	3-4-5-8-9-13	124	5064	627936
313	3	13	3-4-6-7-9-11-10-13	124	5159	639716
40	4	0	4-6-7-1-0	45	4261	191745
40	4	0	4-3-0	45	4262	191790
40	4	0	4-6-7-1-2-0	45	5709	256905
40	4	0	4-5-2-0	45	6058	272610
40	4	0	4-5-2-1-0	45	6150	276750
40	4	0	4-5-8-9-7-1-0	45	6837	307665
41	4	1	4-6-7-1	104	2915	303160
41	4	1	4-5-2-1	104	4804	499616
41	4	1	4-5-8-9-7-1	104	5491	571064
41	4	1	4-3-0-1	104	5608	583232
41	4	1	4-3-10-11-9-7-1	104	6759	702936
41	4	1	4-3-10-13-9-7-1	104	6772	704288
42	4	2	4-6-7-1-2	111	3685	409035
42	4	2	4-5-2	111	4034	447774
42	4	2	4-5-8-9-7-1-2	111	6261	694971
42	4	2	4-6-7-1-0-2	111	6285	697635
42	4	2	4-3-0-2	111	6286	697746
42	4	2	4-3-0-1-2	111	6378	707958
43	4	3	4-3	141	848	119568
43	4	3	4-6-7-9-11-10-3	141	6362	897042
43	4	3	4-6-7-9-13-10-3	141	6375	898875
43	4	3	4-5-8-9-11-10-3	141	7384	1041144
43	4	3	4-5-8-9-13-10-3	141	7397	1042977
43	4	3	4-5-12-13-10-3	141	7638	1076958
45	4	5	4-5	126	1661	209286
45	4	5	4-6-7-9-8-5	126	4281	539406
45	4	5	4-6-7-9-13-12-5	126	5990	754740
45	4	5	4-6-7-1-2-5	126	6058	763308
45	4	5	4-3-10-11-9-8-5	126	6571	827946
45	4	5	4-3-10-13-9-8-5	126	6584	829584
46	4	6	4-6	33	805	26565
46	4	6	4-5-8-9-7-6	33	5137	169521
46	4	6	4-3-10-11-9-7-6	33	6405	211365
46	4	6	4-3-10-13-9-7-6	33	6418	211794
46	4	6	4-5-12-13-9-7-6	33	6846	225918
46	4	6	4-5-2-1-7-6	33	6914	228162
47	4	7	4-6-7	80	1683	134640
47	4	7	4-5-8-9-7	80	4259	340720
47	4	7	4-3-10-11-9-7	80	5527	442160
47	4	7	4-3-10-13-9-7	80	5540	443200
47	4	7	4-5-12-13-9-7	80	5968	477440
47	4	7	4-5-2-1-7	80	6036	482880
48	4	8	4-5-8	102	2940	299880
48	4	8	4-6-7-9-8	102	3002	306204
48	4	8	4-3-10-11-9-8	102	5292	539784
48	4	8	4-3-10-13-9-8	102	5305	541110
48	4	8	4-5-12-13-9-8	102	5733	584766
48	4	8	4-5-12-11-9-8	102	6583	671466
49	4	9	4-6-7-9	34	2460	83640
49	4	9	4-5-8-9	34	3482	118388
49	4	9	4-3-10-11-9	34	4750	161500
49	4	9	4-3-10-13-9	34	4763	161942
49	4	9	4-5-12-13-9	34	5191	176494
49	4	9	4-5-12-11-9	34	6041	205394
410	4	10	4-3-10	10	3464	34640
410	4	10	4-6-7-9-11-10	10	3746	37460
410	4	10	4-6-7-9-13-10	10	3759	37590
410	4	10	4-5-8-9-11-10	10	4768	47680
410	4	10	4-5-8-9-13-10	10	4781	47810
410	4	10	4-5-12-13-10	10	5022	50220
411	4	11	4-6-7-9-11	49	3451	169099
411	4	11	4-3-10-11	49	3759	184191
411	4	11	4-6-7-9-13-10-11	49	4054	198646
411	4	11	4-5-8-9-11	49	4473	219177
411	4	11	4-6-7-9-13-12-11	49	4809	235641
411	4	11	4-5-12-11	49	5050	247450
412	4	12	4-6-7-9-13-12	33	3705	122265
412	4	12	4-5-12	33	3946	130218
412	4	12	4-3-10-13-12	33	4540	149820
412	4	12	4-6-7-9-11-12	33	4555	150315
412	4	12	4-5-8-9-13-12	33	4727	155991
412	4	12	4-6-7-9-11-10-13-12	33	4822	159126
413	4	13	4-6-7-9-13	34	3194	108596
413	4	13	4-3-10-13	34	4029	136986
413	4	13	4-5-8-9-13	34	4216	143344
413	4	13	4-6-7-9-11-10-13	34	4311	146574
413	4	13	4-5-12-13	34	4457	151538
413	4	13	4-6-7-9-11-12-13	34	5066	172244
50	5	0	5-2-0	120	4397	527640
50	5	0	5-2-1-0	120	4489	538680
50	5	0	5-8-9-7-1-0	120	5176	621120
50	5	0	5-4-6-7-1-0	120	5922	710640
50	5	0	5-4-3-0	120	5923	710760
50	5	0	5-8-9-7-1-2-0	120	6624	794880
51	5	1	5-2-1	74	3143	232582
51	5	1	5-8-9-7-1	74	3830	283420
51	5	1	5-4-6-7-1	74	4576	338624
51	5	1	5-12-13-9-7-1	74	5539	409886
51	5	1	5-2-0-1	74	5743	424982
51	5	1	5-12-11-9-7-1	74	6389	472786
52	5	2	5-2	128	2373	303744
52	5	2	5-8-9-7-1-2	128	4600	588800
52	5	2	5-4-6-7-1-2	128	5346	684288
52	5	2	5-12-13-9-7-1-2	128	6309	807552
52	5	2	5-12-11-9-7-1-2	128	7159	916352
52	5	2	5-8-9-7-1-0-2	128	7200	921600
53	5	3	5-4-3	50	2509	125450
53	5	3	5-8-9-7-6-4-3	50	5129	256450
53	5	3	5-8-9-11-10-3	50	5723	286150
53	5	3	5-8-9-13-10-3	50	5736	286800
53	5	3	5-12-13-10-3	50	5977	298850
53	5	3	5-12-11-10-3	50	6300	315000
54	5	4	5-4	66	1661	109626
54	5	4	5-8-9-7-6-4	66	4281	282546
54	5	4	5-12-13-9-7-6-4	66	5990	395340
54	5	4	5-2-1-7-6-4	66	6058	399828
54	5	4	5-8-9-11-10-3-4	66	6571	433686
54	5	4	5-8-9-13-10-3-4	66	6584	434544
56	5	6	5-4-6	131	2466	323046
56	5	6	5-8-9-7-6	131	3476	455356
56	5	6	5-12-13-9-7-6	131	5185	679235
56	5	6	5-2-1-7-6	131	5253	688143
56	5	6	5-12-11-9-7-6	131	6035	790585
56	5	6	5-12-13-10-11-9-7-6	131	6302	825562
57	5	7	5-8-9-7	138	2598	358524
57	5	7	5-4-6-7	138	3344	461472
57	5	7	5-12-13-9-7	138	4307	594366
57	5	7	5-2-1-7	138	4375	603750
57	5	7	5-12-11-9-7	138	5157	711666
57	5	7	5-12-13-10-11-9-7	138	5424	748512
58	5	8	5-8	24	1279	30696
58	5	8	5-12-13-9-8	24	4072	97728
58	5	8	5-4-6-7-9-8	24	4663	111912
58	5	8	5-12-11-9-8	24	4922	118128
58	5	8	5-12-13-10-11-9-8	24	5189	124536
58	5	8	5-12-11-10-13-9-8	24	5525	132600
59	5	9	5-8-9	117	1821	213057
59	5	9	5-12-13-9	117	3530	413010
59	5	9	5-4-6-7-9	117	4121	482157
59	5	9	5-12-11-9	117	4380	512460
59	5	9	5-12-13-10-11-9	117	4647	543699
59	5	9	5-12-11-10-13-9	117	4983	583011
510	5	10	5-8-9-11-10	21	3107	65247
510	5	10	5-8-9-13-10	21	3120	65520
510	5	10	5-12-13-10	21	3361	70581
510	5	10	5-12-11-10	21	3684	77364
510	5	10	5-8-9-13-12-11-10	21	4465	93765
510	5	10	5-12-13-9-11-10	21	4816	101136
511	5	11	5-8-9-11	125	2812	351500
511	5	11	5-12-11	125	3389	423625
511	5	11	5-8-9-13-10-11	125	3415	426875
511	5	11	5-12-13-10-11	125	3656	457000
511	5	11	5-8-9-13-12-11	125	4170	521250
511	5	11	5-12-13-9-11	125	4521	565125
512	5	12	5-12	72	2285	164520
512	5	12	5-8-9-13-12	72	3066	220752
512	5	12	5-8-9-11-12	72	3916	281952
512	5	12	5-8-9-11-10-13-12	72	4183	301176
512	5	12	5-8-9-13-10-11-12	72	4519	325368
512	5	12	5-4-6-7-9-13-12	72	5366	386352
513	5	13	5-8-9-13	97	2555	247835
513	5	13	5-12-13	97	2796	271212
513	5	13	5-8-9-11-10-13	97	3672	356184
513	5	13	5-12-11-10-13	97	4249	412153
513	5	13	5-8-9-11-12-13	97	4427	429419
513	5	13	5-4-6-7-9-13	97	4855	470935
60	6	0	6-7-1-0	30	3456	103680
60	6	0	6-7-1-2-0	30	4904	147120
60	6	0	6-4-3-0	30	5067	152010
60	6	0	6-4-5-2-0	30	6863	205890
60	6	0	6-4-5-2-1-0	30	6955	208650
60	6	0	6-4-5-8-9-7-1-0	30	7642	229260
61	6	1	6-7-1	70	2110	147700
61	6	1	6-4-5-2-1	70	5609	392630
61	6	1	6-4-5-8-9-7-1	70	6296	440720
61	6	1	6-4-3-0-1	70	6413	448910
61	6	1	6-7-9-8-5-2-1	70	6619	463330
61	6	1	6-4-3-10-11-9-7-1	70	7564	529480
62	6	2	6-7-1-2	45	2880	129600
62	6	2	6-4-5-2	45	4839	217755
62	6	2	6-7-1-0-2	45	5480	246600
62	6	2	6-7-9-8-5-2	45	5849	263205
62	6	2	6-4-5-8-9-7-1-2	45	7066	317970
62	6	2	6-4-3-0-2	45	7091	319095
63	6	3	6-4-3	78	1653	128934
63	6	3	6-7-9-11-10-3	78	5557	433446
63	6	3	6-7-9-13-10-3	78	5570	434460
63	6	3	6-7-9-8-5-4-3	78	5985	466830
63	6	3	6-7-1-0-3	78	6870	535860
63	6	3	6-7-9-13-12-11-10-3	78	6915	539370
64	6	4	6-4	82	805	66010
64	6	4	6-7-9-8-5-4	82	5137	421234
64	6	4	6-7-9-11-10-3-4	82	6405	525210
64	6	4	6-7-9-13-10-3-4	82	6418	526276
64	6	4	6-7-9-13-12-5-4	82	6846	561372
64	6	4	6-7-1-2-5-4	82	6914	566948
65	6	5	6-4-5	137	2466	337842
65	6	5	6-7-9-8-5	137	3476	476212
65	6	5	6-7-9-13-12-5	137	5185	710345
65	6	5	6-7-1-2-5	137	5253	719661
65	6	5	6-7-9-11-12-5	137	6035	826795
65	6	5	6-7-9-11-10-13-12-5	137	6302	863374
67	6	7	6-7	135	878	118530
67	6	7	6-4-5-8-9-7	135	5064	683640
67	6	7	6-4-3-10-11-9-7	135	6332	854820
67	6	7	6-4-3-10-13-9-7	135	6345	856575
67	6	7	6-4-5-12-13-9-7	135	6773	914355
67	6	7	6-4-5-2-1-7	135	6841	923535
68	6	8	6-7-9-8	110	2197	241670
68	6	8	6-4-5-8	110	3745	411950
68	6	8	6-4-3-10-11-9-8	110	6097	670670
68	6	8	6-4-3-10-13-9-8	110	6110	672100
68	6	8	6-7-9-13-12-5-8	110	6464	711040
68	6	8	6-7-1-2-5-8	110	6532	718520
69	6	9	6-7-9	108	1655	178740
69	6	9	6-4-5-8-9	108	4287	462996
69	6	9	6-4-3-10-11-9	108	5555	599940
69	6	9	6-4-3-10-13-9	108	5568	601344
69	6	9	6-4-5-12-13-9	108	5996	647568
69	6	9	6-4-5-12-11-9	108	6846	739368
610	6	10	6-7-9-11-10	106	2941	311746
610	6	10	6-7-9-13-10	106	2954	313124
610	6	10	6-4-3-10	106	4269	452514
610	6	10	6-7-9-13-12-11-10	106	4299	455694
610	6	10	6-7-9-11-12-13-10	106	4826	511556
610	6	10	6-4-5-8-9-11-10	106	5573	590738
611	6	11	6-7-9-11	52	2646	137592
611	6	11	6-7-9-13-10-11	52	3249	168948
611	6	11	6-7-9-13-12-11	52	4004	208208
611	6	11	6-4-3-10-11	52	4564	237328
611	6	11	6-4-5-8-9-11	52	5278	274456
611	6	11	6-4-5-12-11	52	5855	304460
612	6	12	6-7-9-13-12	30	2900	87000
612	6	12	6-7-9-11-12	30	3750	112500
612	6	12	6-7-9-11-10-13-12	30	4017	120510
612	6	12	6-7-9-13-10-11-12	30	4353	130590
612	6	12	6-4-5-12	30	4751	142530
612	6	12	6-4-3-10-13-12	30	5345	160350
613	6	13	6-7-9-13	147	2389	351183
613	6	13	6-7-9-11-10-13	147	3506	515382
613	6	13	6-7-9-11-12-13	147	4261	626367
613	6	13	6-4-3-10-13	147	4834	710598
613	6	13	6-4-5-8-9-13	147	5021	738087
613	6	13	6-4-5-12-13	147	5262	773514
70	7	0	7-1-0	81	2578	208818
70	7	0	7-1-2-0	81	4026	326106
70	7	0	7-6-4-3-0	81	5945	481545
70	7	0	7-9-8-5-2-0	81	6995	566595
70	7	0	7-9-8-5-2-1-0	81	7087	574047
70	7	0	7-6-4-5-2-0	81	7741	627021
71	7	1	7-1	26	1232	32032
71	7	1	7-9-8-5-2-1	26	5741	149266
71	7	1	7-6-4-5-2-1	26	6487	168662
71	7	1	7-6-4-3-0-1	26	7291	189566
71	7	1	7-9-13-12-5-2-1	26	7450	193700
71	7	1	7-9-11-12-5-2-1	26	8300	215800
72	7	2	7-1-2	133	2002	266266
72	7	2	7-1-0-2	133	4602	612066
72	7	2	7-9-8-5-2	133	4971	661143
72	7	2	7-6-4-5-2	133	5717	760361
72	7	2	7-9-13-12-5-2	133	6680	888440
72	7	2	7-9-11-12-5-2	133	7530	1001490
73	7	3	7-6-4-3	34	2531	86054
73	7	3	7-9-11-10-3	34	4679	159086
73	7	3	7-9-13-10-3	34	4692	159528
73	7	3	7-9-8-5-4-3	34	5107	173638
73	7	3	7-1-0-3	34	5992	203728
73	7	3	7-9-13-12-11-10-3	34	6037	205258
74	7	4	7-6-4	2	1683	3366
74	7	4	7-9-8-5-4	2	4259	8518
74	7	4	7-9-11-10-3-4	2	5527	11054
74	7	4	7-9-13-10-3-4	2	5540	11080
74	7	4	7-9-13-12-5-4	2	5968	11936
74	7	4	7-1-2-5-4	2	6036	12072
75	7	5	7-9-8-5	89	2598	231222
75	7	5	7-6-4-5	89	3344	297616
75	7	5	7-9-13-12-5	89	4307	383323
75	7	5	7-1-2-5	89	4375	389375
75	7	5	7-9-11-12-5	89	5157	458973
75	7	5	7-9-11-10-13-12-5	89	5424	482736
76	7	6	7-6	61	878	53558
76	7	6	7-9-8-5-4-6	61	5064	308904
76	7	6	7-9-11-10-3-4-6	61	6332	386252
76	7	6	7-9-13-10-3-4-6	61	6345	387045
76	7	6	7-9-13-12-5-4-6	61	6773	413153
76	7	6	7-1-2-5-4-6	61	6841	417301
78	7	8	7-9-8	121	1319	159599
78	7	8	7-6-4-5-8	121	4623	559383
78	7	8	7-9-13-12-5-8	121	5586	675906
78	7	8	7-1-2-5-8	121	5654	684134
78	7	8	7-9-11-12-5-8	121	6436	778756
78	7	8	7-9-11-10-13-12-5-8	121	6703	811063
79	7	9	7-9	103	777	80031
79	7	9	7-6-4-5-8-9	103	5165	531995
79	7	9	7-1-2-5-8-9	103	6196	638188
79	7	9	7-6-4-3-10-11-9	103	6433	662599
79	7	9	7-6-4-3-10-13-9	103	6446	663938
79	7	9	7-6-4-5-12-13-9	103	6874	708022
710	7	10	7-9-11-10	50	2063	103150
710	7	10	7-9-13-10	50	2076	103800
710	7	10	7-9-13-12-11-10	50	3421	171050
710	7	10	7-9-11-12-13-10	50	3948	197400
710	7	10	7-6-4-3-10	50	5147	257350
710	7	10	7-9-8-5-12-13-10	50	5959	297950
711	7	11	7-9-11	104	1768	183872
711	7	11	7-9-13-10-11	104	2371	246584
711	7	11	7-9-13-12-11	104	3126	325104
711	7	11	7-6-4-3-10-11	104	5442	565968
711	7	11	7-9-8-5-12-11	104	5987	622648
711	7	11	7-6-4-5-8-9-11	104	6156	640224
712	7	12	7-9-13-12	28	2022	56616
712	7	12	7-9-11-12	28	2872	80416
712	7	12	7-9-11-10-13-12	28	3139	87892
712	7	12	7-9-13-10-11-12	28	3475	97300
712	7	12	7-9-8-5-12	28	4883	136724
712	7	12	7-6-4-5-12	28	5629	157612
713	7	13	7-9-13	11	1511	16621
713	7	13	7-9-11-10-13	11	2628	28908
713	7	13	7-9-11-12-13	11	3383	37213
713	7	13	7-9-8-5-12-13	11	5394	59334
713	7	13	7-6-4-3-10-13	11	5712	62832
713	7	13	7-6-4-5-8-9-13	11	5899	64889
80	8	0	8-9-7-1-0	39	3897	151983
80	8	0	8-9-7-1-2-0	39	5345	208455
80	8	0	8-5-2-0	39	5676	221364
80	8	0	8-5-2-1-0	39	5768	224952
80	8	0	8-5-4-6-7-1-0	39	7201	280839
80	8	0	8-5-4-3-0	39	7202	280878
81	8	1	8-9-7-1	54	2551	137754
81	8	1	8-5-2-1	54	4422	238788
81	8	1	8-5-4-6-7-1	54	5855	316170
81	8	1	8-5-12-13-9-7-1	54	6818	368172
81	8	1	8-5-2-0-1	54	7022	379188
81	8	1	8-9-13-12-5-2-1	54	7215	389610
82	8	2	8-9-7-1-2	36	3321	119556
82	8	2	8-5-2	36	3652	131472
82	8	2	8-9-7-1-0-2	36	5921	213156
82	8	2	8-9-13-12-5-2	36	6445	232020
82	8	2	8-5-4-6-7-1-2	36	6625	238500
82	8	2	8-9-7-6-4-5-2	36	7036	253296
83	8	3	8-5-4-3	87	3788	329556
83	8	3	8-9-7-6-4-3	87	3850	334950
83	8	3	8-9-11-10-3	87	4444	386628
83	8	3	8-9-13-10-3	87	4457	387759
83	8	3	8-9-13-12-11-10-3	87	5802	504774
83	8	3	8-9-11-12-13-10-3	87	6329	550623
84	8	4	8-5-4	40	2940	117600
84	8	4	8-9-7-6-4	40	3002	120080
84	8	4	8-9-11-10-3-4	40	5292	211680
84	8	4	8-9-13-10-3-4	40	5305	212200
84	8	4	8-9-13-12-5-4	40	5733	229320
84	8	4	8-9-11-12-5-4	40	6583	263320
85	8	5	8-5	54	1279	69066
85	8	5	8-9-13-12-5	54	4072	219888
85	8	5	8-9-7-6-4-5	54	4663	251802
85	8	5	8-9-11-12-5	54	4922	265788
85	8	5	8-9-11-10-13-12-5	54	5189	280206
85	8	5	8-9-13-10-11-12-5	54	5525	298350
86	8	6	8-9-7-6	52	2197	114244
86	8	6	8-5-4-6	52	3745	194740
86	8	6	8-9-11-10-3-4-6	52	6097	317044
86	8	6	8-9-13-10-3-4-6	52	6110	317720
86	8	6	8-5-12-13-9-7-6	52	6464	336128
86	8	6	8-5-2-1-7-6	52	6532	339664
87	8	7	8-9-7	14	1319	18466
87	8	7	8-5-4-6-7	14	4623	64722
87	8	7	8-5-12-13-9-7	14	5586	78204
87	8	7	8-5-2-1-7	14	5654	79156
87	8	7	8-5-12-11-9-7	14	6436	90104
87	8	7	8-5-12-13-10-11-9-7	14	6703	93842
89	8	9	8-9	120	542	65040
89	8	9	8-5-12-13-9	120	4809	577080
89	8	9	8-5-4-6-7-9	120	5400	648000
89	8	9	8-5-12-11-9	120	5659	679080
89	8	9	8-5-12-13-10-11-9	120	5926	711120
89	8	9	8-5-12-11-10-13-9	120	6262	751440
810	8	10	8-9-11-10	143	1828	261404
810	8	10	8-9-13-10	143	1841	263263
810	8	10	8-9-13-12-11-10	143	3186	455598
810	8	10	8-9-11-12-13-10	143	3713	530959
810	8	10	8-5-12-13-10	143	4640	663520
810	8	10	8-5-12-11-10	143	4963	709709
811	8	11	8-9-11	71	1533	108843
811	8	11	8-9-13-10-11	71	2136	151656
811	8	11	8-9-13-12-11	71	2891	205261
811	8	11	8-5-12-11	71	4668	331428
811	8	11	8-5-12-13-10-11	71	4935	350385
811	8	11	8-5-12-13-9-11	71	5800	411800
812	8	12	8-9-13-12	111	1787	198357
812	8	12	8-9-11-12	111	2637	292707
812	8	12	8-9-11-10-13-12	111	2904	322344
812	8	12	8-9-13-10-11-12	111	3240	359640
812	8	12	8-5-12	111	3564	395604
812	8	12	8-5-4-6-7-9-13-12	111	6645	737595
813	8	13	8-9-13	6	1276	7656
813	8	13	8-9-11-10-13	6	2393	14358
813	8	13	8-9-11-12-13	6	3148	18888
813	8	13	8-5-12-13	6	4075	24450
813	8	13	8-5-12-11-10-13	6	5528	33168
813	8	13	8-5-4-6-7-9-13	6	6134	36804
90	9	0	9-7-1-0	40	3355	134200
90	9	0	9-7-1-2-0	40	4803	192120
90	9	0	9-8-5-2-0	40	6218	248720
90	9	0	9-8-5-2-1-0	40	6310	252400
90	9	0	9-7-6-4-3-0	40	6722	268880
90	9	0	9-11-10-3-0	40	7316	292640
91	9	1	9-7-1	79	2009	158711
91	9	1	9-8-5-2-1	79	4964	392156
91	9	1	9-8-5-4-6-7-1	79	6397	505363
91	9	1	9-13-12-5-2-1	79	6673	527167
91	9	1	9-7-6-4-5-2-1	79	7264	573856
91	9	1	9-11-12-5-2-1	79	7523	594317
92	9	2	9-7-1-2	54	2779	150066
92	9	2	9-8-5-2	54	4194	226476
92	9	2	9-7-1-0-2	54	5379	290466
92	9	2	9-13-12-5-2	54	5903	318762
92	9	2	9-7-6-4-5-2	54	6494	350676
92	9	2	9-11-12-5-2	54	6753	364662
93	9	3	9-7-6-4-3	27	3308	89316
93	9	3	9-11-10-3	27	3902	105354
93	9	3	9-13-10-3	27	3915	105705
93	9	3	9-8-5-4-3	27	4330	116910
93	9	3	9-13-12-11-10-3	27	5260	142020
93	9	3	9-11-12-13-10-3	27	5787	156249
94	9	4	9-7-6-4	48	2460	118080
94	9	4	9-8-5-4	48	3482	167136
94	9	4	9-11-10-3-4	48	4750	228000
94	9	4	9-13-10-3-4	48	4763	228624
94	9	4	9-13-12-5-4	48	5191	249168
94	9	4	9-11-12-5-4	48	6041	289968
95	9	5	9-8-5	84	1821	152964
95	9	5	9-13-12-5	84	3530	296520
95	9	5	9-7-6-4-5	84	4121	346164
95	9	5	9-11-12-5	84	4380	367920
95	9	5	9-11-10-13-12-5	84	4647	390348
95	9	5	9-13-10-11-12-5	84	4983	418572
96	9	6	9-7-6	44	1655	72820
96	9	6	9-8-5-4-6	44	4287	188628
96	9	6	9-11-10-3-4-6	44	5555	244420
96	9	6	9-13-10-3-4-6	44	5568	244992
96	9	6	9-13-12-5-4-6	44	5996	263824
96	9	6	9-11-12-5-4-6	44	6846	301224
97	9	7	9-7	102	777	79254
97	9	7	9-8-5-4-6-7	102	5165	526830
97	9	7	9-8-5-2-1-7	102	6196	631992
97	9	7	9-11-10-3-4-6-7	102	6433	656166
97	9	7	9-13-10-3-4-6-7	102	6446	657492
97	9	7	9-13-12-5-4-6-7	102	6874	701148
98	9	8	9-8	6	542	3252
98	9	8	9-13-12-5-8	6	4809	28854
98	9	8	9-7-6-4-5-8	6	5400	32400
98	9	8	9-11-12-5-8	6	5659	33954
98	9	8	9-11-10-13-12-5-8	6	5926	35556
98	9	8	9-13-10-11-12-5-8	6	6262	37572
910	9	10	9-11-10	84	1286	108024
910	9	10	9-13-10	84	1299	109116
910	9	10	9-13-12-11-10	84	2644	222096
910	9	10	9-11-12-13-10	84	3171	266364
910	9	10	9-8-5-12-13-10	84	5182	435288
910	9	10	9-8-5-12-11-10	84	5505	462420
911	9	11	9-11	77	991	76307
911	9	11	9-13-10-11	77	1594	122738
911	9	11	9-13-12-11	77	2349	180873
911	9	11	9-8-5-12-11	77	5210	401170
911	9	11	9-8-5-12-13-10-11	77	5477	421729
911	9	11	9-7-6-4-3-10-11	77	6219	478863
912	9	12	9-13-12	149	1245	185505
912	9	12	9-11-12	149	2095	312155
912	9	12	9-11-10-13-12	149	2362	351938
912	9	12	9-13-10-11-12	149	2698	402002
912	9	12	9-8-5-12	149	4106	611794
912	9	12	9-7-6-4-5-12	149	6406	954494
913	9	13	9-13	88	734	64592
913	9	13	9-11-10-13	88	1851	162888
913	9	13	9-11-12-13	88	2606	229328
913	9	13	9-8-5-12-13	88	4617	406296
913	9	13	9-8-5-12-11-10-13	88	6070	534160
913	9	13	9-7-6-4-3-10-13	88	6489	571032
100	10	0	10-11-9-7-1-0	22	4641	102102
100	10	0	10-13-9-7-1-0	22	4654	102388
100	10	0	10-11-12-13-9-7-1-0	22	5999	131978
100	10	0	10-3-0	22	6030	132660
100	10	0	10-11-9-7-1-2-0	22	6089	133958
100	10	0	10-13-9-7-1-2-0	22	6102	134244
101	10	1	10-11-9-7-1	15	3295	49425
101	10	1	10-13-9-7-1	15	3308	49620
101	10	1	10-11-12-13-9-7-1	15	4653	69795
101	10	1	10-13-12-11-9-7-1	15	5180	77700
101	10	1	10-11-9-8-5-2-1	15	6250	93750
101	10	1	10-13-9-8-5-2-1	15	6263	93945
102	10	2	10-11-9-7-1-2	41	4065	166665
102	10	2	10-13-9-7-1-2	41	4078	167198
102	10	2	10-11-12-13-9-7-1-2	41	5423	222343
102	10	2	10-11-9-8-5-2	41	5480	224680
102	10	2	10-13-9-8-5-2	41	5493	225213
102	10	2	10-13-12-5-2	41	5734	235094
103	10	3	10-3	117	2616	306072
103	10	3	10-11-9-7-6-4-3	117	4594	537498
103	10	3	10-13-9-7-6-4-3	117	4607	539019
103	10	3	10-11-9-8-5-4-3	117	5616	657072
103	10	3	10-13-9-8-5-4-3	117	5629	658593
103	10	3	10-13-12-5-4-3	117	5870	686790
104	10	4	10-3-4	54	3464	187056
104	10	4	10-11-9-7-6-4	54	3746	202284
104	10	4	10-13-9-7-6-4	54	3759	202986
104	10	4	10-11-9-8-5-4	54	4768	257472
104	10	4	10-13-9-8-5-4	54	4781	258174
104	10	4	10-13-12-5-4	54	5022	271188
105	10	5	10-11-9-8-5	30	3107	93210
105	10	5	10-13-9-8-5	30	3120	93600
105	10	5	10-13-12-5	30	3361	100830
105	10	5	10-11-12-5	30	3684	110520
105	10	5	10-11-12-13-9-8-5	30	4465	133950
105	10	5	10-11-9-13-12-5	30	4816	144480
106	10	6	10-11-9-7-6	96	2941	282336
106	10	6	10-13-9-7-6	96	2954	283584
106	10	6	10-3-4-6	96	4269	409824
106	10	6	10-11-12-13-9-7-6	96	4299	412704
106	10	6	10-13-12-11-9-7-6	96	4826	463296
106	10	6	10-11-9-8-5-4-6	96	5573	535008
107	10	7	10-11-9-7	5	2063	10315
107	10	7	10-13-9-7	5	2076	10380
107	10	7	10-11-12-13-9-7	5	3421	17105
107	10	7	10-13-12-11-9-7	5	3948	19740
107	10	7	10-3-4-6-7	5	5147	25735
107	10	7	10-13-12-5-8-9-7	5	5959	29795
108	10	8	10-11-9-8	62	1828	113336
108	10	8	10-13-9-8	62	1841	114142
108	10	8	10-11-12-13-9-8	62	3186	197532
108	10	8	10-13-12-11-9-8	62	3713	230206
108	10	8	10-13-12-5-8	62	4640	287680
108	10	8	10-11-12-5-8	62	4963	307706
109	10	9	10-11-9	11	1286	14146
109	10	9	10-13-9	11	1299	14289
109	10	9	10-11-12-13-9	11	2644	29084
109	10	9	10-13-12-11-9	11	3171	34881
109	10	9	10-13-12-5-8-9	11	5182	57002
109	10	9	10-11-12-5-8-9	11	5505	60555
1011	10	11	10-11	58	295	17110
1011	10	11	10-13-12-11	58	2180	126440
1011	10	11	10-13-9-11	58	2290	132820
1011	10	11	10-13-12-5-8-9-11	58	6173	358034
1011	10	11	10-13-9-8-5-12-11	58	6509	377522
1011	10	11	10-3-4-6-7-9-11	58	6915	401070
1012	10	12	10-13-12	129	1076	138804
1012	10	12	10-11-12	129	1399	180471
1012	10	12	10-11-9-13-12	129	2531	326499
1012	10	12	10-13-9-11-12	129	3394	437826
1012	10	12	10-11-9-8-5-12	129	5392	695568
1012	10	12	10-13-9-8-5-12	129	5405	697245
1013	10	13	10-13	118	565	66670
1013	10	13	10-11-12-13	118	1910	225380
1013	10	13	10-11-9-13	118	2020	238360
1013	10	13	10-11-9-8-5-12-13	118	5903	696554
1013	10	13	10-11-12-5-8-9-13	118	6239	736202
1013	10	13	10-3-4-6-7-9-13	118	6658	785644
110	11	0	11-9-7-1-0	29	4346	126034
110	11	0	11-10-13-9-7-1-0	29	4949	143521
110	11	0	11-12-13-9-7-1-0	29	5704	165416
110	11	0	11-9-7-1-2-0	29	5794	168026
110	11	0	11-10-3-0	29	6325	183425
110	11	0	11-10-13-9-7-1-2-0	29	6397	185513
111	11	1	11-9-7-1	60	3000	180000
111	11	1	11-10-13-9-7-1	60	3603	216180
111	11	1	11-12-13-9-7-1	60	4358	261480
111	11	1	11-9-8-5-2-1	60	5955	357300
111	11	1	11-12-5-2-1	60	6532	391920
111	11	1	11-10-13-9-8-5-2-1	60	6558	393480
112	11	2	11-9-7-1-2	104	3770	392080
112	11	2	11-10-13-9-7-1-2	104	4373	454792
112	11	2	11-12-13-9-7-1-2	104	5128	533312
112	11	2	11-9-8-5-2	104	5185	539240
112	11	2	11-12-5-2	104	5762	599248
112	11	2	11-10-13-9-8-5-2	104	5788	601952
113	11	3	11-10-3	14	2911	40754
113	11	3	11-9-7-6-4-3	14	4299	60186
113	11	3	11-12-13-10-3	14	4796	67144
113	11	3	11-10-13-9-7-6-4-3	14	4902	68628
113	11	3	11-9-13-10-3	14	4906	68684
113	11	3	11-9-8-5-4-3	14	5321	74494
114	11	4	11-9-7-6-4	93	3451	320943
114	11	4	11-10-3-4	93	3759	349587
114	11	4	11-10-13-9-7-6-4	93	4054	377022
114	11	4	11-9-8-5-4	93	4473	415989
114	11	4	11-12-13-9-7-6-4	93	4809	447237
114	11	4	11-12-5-4	93	5050	469650
115	11	5	11-9-8-5	74	2812	208088
115	11	5	11-12-5	74	3389	250786
115	11	5	11-10-13-9-8-5	74	3415	252710
115	11	5	11-10-13-12-5	74	3656	270544
115	11	5	11-12-13-9-8-5	74	4170	308580
115	11	5	11-9-13-12-5	74	4521	334554
116	11	6	11-9-7-6	1	2646	2646
116	11	6	11-10-13-9-7-6	1	3249	3249
116	11	6	11-12-13-9-7-6	1	4004	4004
116	11	6	11-10-3-4-6	1	4564	4564
116	11	6	11-9-8-5-4-6	1	5278	5278
116	11	6	11-12-5-4-6	1	5855	5855
117	11	7	11-9-7	146	1768	258128
117	11	7	11-10-13-9-7	146	2371	346166
117	11	7	11-12-13-9-7	146	3126	456396
117	11	7	11-10-3-4-6-7	146	5442	794532
117	11	7	11-12-5-8-9-7	146	5987	874102
117	11	7	11-9-8-5-4-6-7	146	6156	898776
118	11	8	11-9-8	19	1533	29127
118	11	8	11-10-13-9-8	19	2136	40584
118	11	8	11-12-13-9-8	19	2891	54929
118	11	8	11-12-5-8	19	4668	88692
118	11	8	11-10-13-12-5-8	19	4935	93765
118	11	8	11-9-13-12-5-8	19	5800	110200
119	11	9	11-9	126	991	124866
119	11	9	11-10-13-9	126	1594	200844
119	11	9	11-12-13-9	126	2349	295974
119	11	9	11-12-5-8-9	126	5210	656460
119	11	9	11-10-13-12-5-8-9	126	5477	690102
119	11	9	11-10-3-4-6-7-9	126	6219	783594
1110	11	10	11-10	45	295	13275
1110	11	10	11-12-13-10	45	2180	98100
1110	11	10	11-9-13-10	45	2290	103050
1110	11	10	11-9-8-5-12-13-10	45	6173	277785
1110	11	10	11-12-5-8-9-13-10	45	6509	292905
1110	11	10	11-9-7-6-4-3-10	45	6915	311175
1112	11	12	11-12	2	1104	2208
1112	11	12	11-10-13-12	2	1371	2742
1112	11	12	11-9-13-12	2	2236	4472
1112	11	12	11-9-8-5-12	2	5097	10194
1112	11	12	11-10-13-9-8-5-12	2	5700	11400
1112	11	12	11-9-7-6-4-5-12	2	7397	14794
1113	11	13	11-10-13	33	860	28380
1113	11	13	11-12-13	33	1615	53295
1113	11	13	11-9-13	33	1725	56925
1113	11	13	11-9-8-5-12-13	33	5608	185064
1113	11	13	11-12-5-8-9-13	33	5944	196152
1113	11	13	11-10-3-4-6-7-9-13	33	6953	229449
120	12	0	12-13-9-7-1-0	13	4600	59800
120	12	0	12-11-9-7-1-0	13	5450	70850
120	12	0	12-13-10-11-9-7-1-0	13	5717	74321
120	12	0	12-13-9-7-1-2-0	13	6048	78624
120	12	0	12-11-10-13-9-7-1-0	13	6053	78689
120	12	0	12-5-2-0	13	6682	86866
121	12	1	12-13-9-7-1	111	3254	361194
121	12	1	12-11-9-7-1	111	4104	455544
121	12	1	12-13-10-11-9-7-1	111	4371	485181
121	12	1	12-11-10-13-9-7-1	111	4707	522477
121	12	1	12-5-2-1	111	5428	602508
121	12	1	12-5-8-9-7-1	111	6115	678765
122	12	2	12-13-9-7-1-2	114	4024	458736
122	12	2	12-5-2	114	4658	531012
122	12	2	12-11-9-7-1-2	114	4874	555636
122	12	2	12-13-10-11-9-7-1-2	114	5141	586074
122	12	2	12-13-9-8-5-2	114	5439	620046
122	12	2	12-11-10-13-9-7-1-2	114	5477	624378
123	12	3	12-13-10-3	16	3692	59072
123	12	3	12-11-10-3	16	4015	64240
123	12	3	12-13-9-7-6-4-3	16	4553	72848
123	12	3	12-5-4-3	16	4794	76704
123	12	3	12-13-9-11-10-3	16	5147	82352
123	12	3	12-11-9-7-6-4-3	16	5403	86448
124	12	4	12-13-9-7-6-4	66	3705	244530
124	12	4	12-5-4	66	3946	260436
124	12	4	12-13-10-3-4	66	4540	299640
124	12	4	12-11-9-7-6-4	66	4555	300630
124	12	4	12-13-9-8-5-4	66	4727	311982
124	12	4	12-13-10-11-9-7-6-4	66	4822	318252
125	12	5	12-5	94	2285	214790
125	12	5	12-13-9-8-5	94	3066	288204
125	12	5	12-11-9-8-5	94	3916	368104
125	12	5	12-13-10-11-9-8-5	94	4183	393202
125	12	5	12-11-10-13-9-8-5	94	4519	424786
125	12	5	12-13-9-7-6-4-5	94	5366	504404
126	12	6	12-13-9-7-6	23	2900	66700
126	12	6	12-11-9-7-6	23	3750	86250
126	12	6	12-13-10-11-9-7-6	23	4017	92391
126	12	6	12-11-10-13-9-7-6	23	4353	100119
126	12	6	12-5-4-6	23	4751	109273
126	12	6	12-13-10-3-4-6	23	5345	122935
127	12	7	12-13-9-7	94	2022	190068
127	12	7	12-11-9-7	94	2872	269968
127	12	7	12-13-10-11-9-7	94	3139	295066
127	12	7	12-11-10-13-9-7	94	3475	326650
127	12	7	12-5-8-9-7	94	4883	459002
127	12	7	12-5-4-6-7	94	5629	529126
128	12	8	12-13-9-8	90	1787	160830
128	12	8	12-11-9-8	90	2637	237330
128	12	8	12-13-10-11-9-8	90	2904	261360
128	12	8	12-11-10-13-9-8	90	3240	291600
128	12	8	12-5-8	90	3564	320760
128	12	8	12-13-9-7-6-4-5-8	90	6645	598050
129	12	9	12-13-9	2	1245	2490
129	12	9	12-11-9	2	2095	4190
129	12	9	12-13-10-11-9	2	2362	4724
129	12	9	12-11-10-13-9	2	2698	5396
129	12	9	12-5-8-9	2	4106	8212
129	12	9	12-5-4-6-7-9	2	6406	12812
1210	12	10	12-13-10	21	1076	22596
1210	12	10	12-11-10	21	1399	29379
1210	12	10	12-13-9-11-10	21	2531	53151
1210	12	10	12-11-9-13-10	21	3394	71274
1210	12	10	12-5-8-9-11-10	21	5392	113232
1210	12	10	12-5-8-9-13-10	21	5405	113505
1211	12	11	12-11	6	1104	6624
1211	12	11	12-13-10-11	6	1371	8226
1211	12	11	12-13-9-11	6	2236	13416
1211	12	11	12-5-8-9-11	6	5097	30582
1211	12	11	12-5-8-9-13-10-11	6	5700	34200
1211	12	11	12-5-4-6-7-9-11	6	7397	44382
1213	12	13	12-13	141	511	72051
1213	12	13	12-11-10-13	141	1964	276924
1213	12	13	12-11-9-13	141	2829	398889
1213	12	13	12-5-8-9-13	141	4840	682440
1213	12	13	12-5-8-9-11-10-13	141	5957	839937
1213	12	13	12-5-4-6-7-9-13	141	7140	1006740
130	13	0	13-9-7-1-0	133	4089	543837
130	13	0	13-10-11-9-7-1-0	133	5206	692398
130	13	0	13-9-7-1-2-0	133	5537	736421
130	13	0	13-12-11-9-7-1-0	133	5961	792813
130	13	0	13-10-3-0	133	6595	877135
130	13	0	13-10-11-9-7-1-2-0	133	6654	884982
131	13	1	13-9-7-1	59	2743	161837
131	13	1	13-10-11-9-7-1	59	3860	227740
131	13	1	13-12-11-9-7-1	59	4615	272285
131	13	1	13-9-8-5-2-1	59	5698	336182
131	13	1	13-12-5-2-1	59	5939	350401
131	13	1	13-12-5-8-9-7-1	59	6626	390934
132	13	2	13-9-7-1-2	38	3513	133494
132	13	2	13-10-11-9-7-1-2	38	4630	175940
132	13	2	13-9-8-5-2	38	4928	187264
132	13	2	13-12-5-2	38	5169	196422
132	13	2	13-12-11-9-7-1-2	38	5385	204630
132	13	2	13-10-11-9-8-5-2	38	6045	229710
133	13	3	13-10-3	98	3181	311738
133	13	3	13-9-7-6-4-3	98	4042	396116
133	13	3	13-12-11-10-3	98	4526	443548
133	13	3	13-9-11-10-3	98	4636	454328
133	13	3	13-9-8-5-4-3	98	5064	496272
133	13	3	13-10-11-9-7-6-4-3	98	5159	505582
134	13	4	13-9-7-6-4	118	3194	376892
134	13	4	13-10-3-4	118	4029	475422
134	13	4	13-9-8-5-4	118	4216	497488
134	13	4	13-10-11-9-7-6-4	118	4311	508698
134	13	4	13-12-5-4	118	4457	525926
134	13	4	13-12-11-9-7-6-4	118	5066	597788
135	13	5	13-9-8-5	117	2555	298935
135	13	5	13-12-5	117	2796	327132
135	13	5	13-10-11-9-8-5	117	3672	429624
135	13	5	13-10-11-12-5	117	4249	497133
135	13	5	13-12-11-9-8-5	117	4427	517959
135	13	5	13-9-7-6-4-5	117	4855	568035
136	13	6	13-9-7-6	52	2389	124228
136	13	6	13-10-11-9-7-6	52	3506	182312
136	13	6	13-12-11-9-7-6	52	4261	221572
136	13	6	13-10-3-4-6	52	4834	251368
136	13	6	13-9-8-5-4-6	52	5021	261092
136	13	6	13-12-5-4-6	52	5262	273624
137	13	7	13-9-7	37	1511	55907
137	13	7	13-10-11-9-7	37	2628	97236
137	13	7	13-12-11-9-7	37	3383	125171
137	13	7	13-12-5-8-9-7	37	5394	199578
137	13	7	13-10-3-4-6-7	37	5712	211344
137	13	7	13-9-8-5-4-6-7	37	5899	218263
138	13	8	13-9-8	9	1276	11484
138	13	8	13-10-11-9-8	9	2393	21537
138	13	8	13-12-11-9-8	9	3148	28332
138	13	8	13-12-5-8	9	4075	36675
138	13	8	13-10-11-12-5-8	9	5528	49752
138	13	8	13-9-7-6-4-5-8	9	6134	55206
139	13	9	13-9	20	734	14680
139	13	9	13-10-11-9	20	1851	37020
139	13	9	13-12-11-9	20	2606	52120
139	13	9	13-12-5-8-9	20	4617	92340
139	13	9	13-10-11-12-5-8-9	20	6070	121400
139	13	9	13-10-3-4-6-7-9	20	6489	129780
1310	13	10	13-10	85	565	48025
1310	13	10	13-12-11-10	85	1910	162350
1310	13	10	13-9-11-10	85	2020	171700
1310	13	10	13-12-5-8-9-11-10	85	5903	501755
1310	13	10	13-9-8-5-12-11-10	85	6239	530315
1310	13	10	13-9-7-6-4-3-10	85	6658	565930
1311	13	11	13-10-11	105	860	90300
1311	13	11	13-12-11	105	1615	169575
1311	13	11	13-9-11	105	1725	181125
1311	13	11	13-12-5-8-9-11	105	5608	588840
1311	13	11	13-9-8-5-12-11	105	5944	624120
1311	13	11	13-9-7-6-4-3-10-11	105	6953	730065
1312	13	12	13-12	101	511	51611
1312	13	12	13-10-11-12	101	1964	198364
1312	13	12	13-9-11-12	101	2829	285729
1312	13	12	13-9-8-5-12	101	4840	488840
1312	13	12	13-10-11-9-8-5-12	101	5957	601657
1312	13	12	13-9-7-6-4-5-12	101	7140	721140
