0010000000000000000000000000000000000000000000000000000
0010000000000000000000000000000000000000000000000000000
1100010100000000000000000000000000000000000000000000000
0000010000000000000000000000000000000000000000000000000
0000000100000000000000000000000000000000000000000000000
0011001000010000000000000000000000000000000000000000000
0000010110000000000000000000000000000000000000000000000
0010101000100000000000000000000000000000000000000000000
0000001001000000000000000000000000000000000000000000000
0000000010000000010000000000000000000000000000000000000
0000000100001000000000000000000000000000000000000000000
0000010000000010000000000000000000000000000000000000000
0000000000100001000000000000000000000000000000000000000
0000000000000001000000000000000000000000000000000000000
0000000000010000000100000000000000000000000000000000000
0000000000001100100000000000000000000000000000000000000
0000000000000001000010010000000000000000000000000000000
0000000001000000001000000000000000000000000000000000000
0000000000000000010110000000000000000000000000000000000
0000000000000010001010000000000000000000000000000000000
0000000000000000101101010000000000000000000000000000000
0000000000000000000010101000000000000000000000000000000
0000000000000000000001000010000000000000000000000000000
0000000000000000100010000100000000000000000000000000000
0000000000000000000001000000010000000000000000000000000
0000000000000000000000010000100100000000000000000000000
0000000000000000000000100001000000000000000000000000000
0000000000000000000000000010000000010000000000000000000
0000000000000000000000000100011000000000000000000000000
0000000000000000000000001000101000000000000000000000000
0000000000000000000000000000110001000000000000000000000
0000000000000000000000000100000010000000000000000000000
0000000000000000000000000000000100001000000000000000000
0000000000000000000000000000001000101000000000000000000
0000000000000000000000000000000001010010000000000000000
0000000000000000000000000001000000100000001000000000000
0000000000000000000000000000000011000100000000000000000
0000000000000000000000000000000000001000100000000000000
0000000000000000000000000000000000100001000000000000000
0000000000000000000000000000000000000010110000000000000
0000000000000000000000000000000000000101010000000000000
0000000000000000000000000000000000000001101001000000000
0000000000000000000000000000000000010000010100000001000
0000000000000000000000000000000000000000001010100000000
0000000000000000000000000000000000000000000101000000000
0000000000000000000000000000000000000000010010001000000
0000000000000000000000000000000000000000000100010000000
0000000000000000000000000000000000000000000000101100000
0000000000000000000000000000000000000000000001010010000
0000000000000000000000000000000000000000000000010011000
0000000000000000000000000000000000000000000000001101010
0000000000000000000000000000000000000000001000000110100
0000000000000000000000000000000000000000000000000001001
0000000000000000000000000000000000000000000000000010001
0000000000000000000000000000000000000000000000000000110
