01	0	1	0-1	38	1	38
01	0	1	0-2-1	38	2	76
02	0	2	0-2	52	1	52
02	0	2	0-1-2	52	2	104
03	0	3	0-1-3	62	2	124
03	0	3	0-2-1-3	62	3	186
04	0	4	0-1-3-4	143	3	429
04	0	4	0-2-5-4	143	3	429
05	0	5	0-2-5	146	2	292
05	0	5	0-1-2-5	146	3	438
06	0	6	0-2-5-6	81	3	243
06	0	6	0-1-7-6	81	3	243
07	0	7	0-1-7	4	2	8
07	0	7	0-2-1-7	4	3	12
08	0	8	0-1-7-8	52	3	156
08	0	8	0-2-1-7-8	52	4	208
09	0	9	0-1-7-9	39	3	117
09	0	9	0-2-1-7-9	39	4	156
010	0	10	0-2-5-10	38	3	114
010	0	10	0-1-2-5-10	38	4	152
011	0	11	0-1-7-8-11	76	4	304
011	0	11	0-2-1-7-8-11	76	5	380
012	0	12	0-1-7-8-11-12	39	5	195
012	0	12	0-2-1-7-8-11-12	39	6	234
013	0	13	0-1-7-9-14-13	80	5	400
013	0	13	0-1-7-8-11-12-13	80	6	480
014	0	14	0-1-7-9-14	49	4	196
014	0	14	0-2-5-10-15-14	49	5	245
015	0	15	0-2-5-10-15	55	4	220
015	0	15	0-1-7-9-14-15	55	5	275
016	0	16	0-1-7-8-11-12-16	50	6	300
016	0	16	0-2-1-7-8-11-12-16	50	7	350
017	0	17	0-2-5-10-15-17	122	5	610
017	0	17	0-1-7-9-14-15-17	122	6	732
018	0	18	0-1-7-8-11-12-16-18	123	7	861
018	0	18	0-2-1-7-8-11-12-16-18	123	8	984
019	0	19	0-2-5-10-15-17-19	120	6	720
019	0	19	0-1-7-9-14-15-17-19	120	7	840
020	0	20	0-2-5-10-15-17-19-20	45	7	315
020	0	20	0-1-7-8-11-12-16-18-20	45	8	360
10	1	0	1-0	58	1	58
10	1	0	1-2-0	58	2	116
12	1	2	1-2	56	1	56
12	1	2	1-0-2	56	2	112
13	1	3	1-3	77	1	77
13	1	3	1-2-5-4-3	77	4	308
14	1	4	1-3-4	109	2	218
14	1	4	1-2-5-4	109	3	327
15	1	5	1-2-5	57	2	114
15	1	5	1-0-2-5	57	3	171
16	1	6	1-7-6	56	2	112
16	1	6	1-2-5-6	56	3	168
17	1	7	1-7	28	1	28
17	1	7	1-2-5-6-7	28	4	112
18	1	8	1-7-8	15	2	30
18	1	8	1-2-5-6-7-8	15	5	75
19	1	9	1-7-9	85	2	170
19	1	9	1-2-5-6-7-9	85	5	425
110	1	10	1-2-5-10	88	3	264
110	1	10	1-0-2-5-10	88	4	352
111	1	11	1-7-8-11	31	3	93
111	1	11	1-7-9-14-13-12-11	31	6	186
112	1	12	1-7-8-11-12	50	4	200
112	1	12	1-7-9-14-13-12	50	5	250
113	1	13	1-7-9-14-13	117	4	468
113	1	13	1-7-8-11-12-13	117	5	585
114	1	14	1-7-9-14	112	3	336
114	1	14	1-2-5-10-15-14	112	5	560
115	1	15	1-7-9-14-15	93	4	372
115	1	15	1-2-5-10-15	93	4	372
116	1	16	1-7-8-11-12-16	14	5	70
116	1	16	1-7-9-14-13-12-16	14	6	84
117	1	17	1-7-9-14-15-17	10	5	50
117	1	17	1-2-5-10-15-17	10	5	50
118	1	18	1-7-8-11-12-16-18	28	6	168
118	1	18	1-7-9-14-13-12-16-18	28	7	196
119	1	19	1-7-9-14-15-17-19	34	6	204
119	1	19	1-2-5-10-15-17-19	34	6	204
120	1	20	1-7-8-11-12-16-18-20	64	7	448
120	1	20	1-2-5-10-15-17-19-20	64	7	448
20	2	0	2-0	63	1	63
20	2	0	2-1-0	63	2	126
21	2	1	2-1	56	1	56
21	2	1	2-0-1	56	2	112
23	2	3	2-1-3	126	2	252
23	2	3	2-0-1-3	126	3	378
24	2	4	2-5-4	84	2	168
24	2	4	2-1-3-4	84	3	252
25	2	5	2-5	143	1	143
25	2	5	2-1-3-4-5	143	4	572
26	2	6	2-5-6	137	2	274
26	2	6	2-1-7-6	137	3	411
27	2	7	2-1-7	73	2	146
27	2	7	2-0-1-7	73	3	219
28	2	8	2-1-7-8	134	3	402
28	2	8	2-0-1-7-8	134	4	536
29	2	9	2-1-7-9	100	3	300
29	2	9	2-0-1-7-9	100	4	400
210	2	10	2-5-10	119	2	238
210	2	10	2-1-3-4-5-10	119	5	595
211	2	11	2-1-7-8-11	24	4	96
211	2	11	2-0-1-7-8-11	24	5	120
212	2	12	2-1-7-8-11-12	86	5	430
212	2	12	2-0-1-7-8-11-12	86	6	516
213	2	13	2-5-10-15-14-13	148	5	740
213	2	13	2-1-7-9-14-13	148	5	740
214	2	14	2-5-10-15-14	23	4	92
214	2	14	2-1-7-9-14	23	4	92
215	2	15	2-5-10-15	95	3	285
215	2	15	2-1-7-9-14-15	95	5	475
216	2	16	2-1-7-8-11-12-16	135	6	810
216	2	16	2-0-1-7-8-11-12-16	135	7	945
217	2	17	2-5-10-15-17	127	4	508
217	2	17	2-1-7-9-14-15-17	127	6	762
218	2	18	2-1-7-8-11-12-16-18	136	7	952
218	2	18	2-5-10-15-17-19-20-18	136	7	952
219	2	19	2-5-10-15-17-19	103	5	515
219	2	19	2-1-7-9-14-15-17-19	103	7	721
220	2	20	2-5-10-15-17-19-20	104	6	624
220	2	20	2-1-7-8-11-12-16-18-20	104	8	832
30	3	0	3-1-0	76	2	152
30	3	0	3-1-2-0	76	3	228
31	3	1	3-1	88	1	88
31	3	1	3-4-5-2-1	88	4	352
32	3	2	3-1-2	105	2	210
32	3	2	3-1-0-2	105	3	315
34	3	4	3-4	23	1	23
34	3	4	3-1-2-5-4	23	4	92
35	3	5	3-4-5	76	2	152
35	3	5	3-1-2-5	76	3	228
36	3	6	3-4-5-6	0	3	0
36	3	6	3-1-7-6	0	3	0
37	3	7	3-1-7	126	2	252
37	3	7	3-4-5-6-7	126	4	504
38	3	8	3-1-7-8	22	3	66
38	3	8	3-4-5-6-7-8	22	5	110
39	3	9	3-1-7-9	22	3	66
39	3	9	3-4-5-6-7-9	22	5	110
310	3	10	3-4-5-10	33	3	99
310	3	10	3-1-2-5-10	33	4	132
311	3	11	3-1-7-8-11	24	4	96
311	3	11	3-4-5-6-7-8-11	24	6	144
312	3	12	3-1-7-8-11-12	40	5	200
312	3	12	3-1-7-9-14-13-12	40	6	240
313	3	13	3-1-7-9-14-13	67	5	335
313	3	13	3-1-7-8-11-12-13	67	6	402
314	3	14	3-1-7-9-14	1	4	4
314	3	14	3-4-5-10-15-14	1	5	5
315	3	15	3-4-5-10-15	52	4	208
315	3	15	3-1-7-9-14-15	52	5	260
316	3	16	3-1-7-8-11-12-16	58	6	348
316	3	16	3-1-7-9-14-13-12-16	58	7	406
317	3	17	3-4-5-10-15-17	52	5	260
317	3	17	3-1-7-9-14-15-17	52	6	312
318	3	18	3-1-7-8-11-12-16-18	131	7	917
318	3	18	3-1-7-9-14-13-12-16-18	131	8	1048
319	3	19	3-4-5-10-15-17-19	65	6	390
319	3	19	3-1-7-9-14-15-17-19	65	7	455
320	3	20	3-4-5-10-15-17-19-20	44	7	308
320	3	20	3-1-7-8-11-12-16-18-20	44	8	352
40	4	0	4-3-1-0	63	3	189
40	4	0	4-5-2-0	63	3	189
41	4	1	4-3-1	22	2	44
41	4	1	4-5-2-1	22	3	66
42	4	2	4-5-2	101	2	202
42	4	2	4-3-1-2	101	3	303
43	4	3	4-3	77	1	77
43	4	3	4-5-2-1-3	77	4	308
45	4	5	4-5	70	1	70
45	4	5	4-3-1-2-5	70	4	280
46	4	6	4-5-6	80	2	160
46	4	6	4-3-1-7-6	80	4	320
47	4	7	4-3-1-7	147	3	441
47	4	7	4-5-6-7	147	3	441
48	4	8	4-3-1-7-8	26	4	104
48	4	8	4-5-6-7-8	26	4	104
49	4	9	4-3-1-7-9	47	4	188
49	4	9	4-5-6-7-9	47	4	188
410	4	10	4-5-10	137	2	274
410	4	10	4-3-1-2-5-10	137	5	685
411	4	11	4-3-1-7-8-11	104	5	520
411	4	11	4-5-6-7-8-11	104	5	520
412	4	12	4-3-1-7-8-11-12	113	6	678
412	4	12	4-5-10-15-14-13-12	113	6	678
413	4	13	4-5-10-15-14-13	124	5	620
413	4	13	4-3-1-7-9-14-13	124	6	744
414	4	14	4-5-10-15-14	30	4	120
414	4	14	4-3-1-7-9-14	30	5	150
415	4	15	4-5-10-15	28	3	84
415	4	15	4-3-1-7-9-14-15	28	6	168
416	4	16	4-3-1-7-8-11-12-16	32	7	224
416	4	16	4-5-10-15-14-13-12-16	32	7	224
417	4	17	4-5-10-15-17	4	4	16
417	4	17	4-3-1-7-9-14-15-17	4	7	28
418	4	18	4-5-10-15-17-19-20-18	18	7	126
418	4	18	4-3-1-7-8-11-12-16-18	18	8	144
419	4	19	4-5-10-15-17-19	26	5	130
419	4	19	4-3-1-7-9-14-15-17-19	26	8	208
420	4	20	4-5-10-15-17-19-20	81	6	486
420	4	20	4-3-1-7-8-11-12-16-18-20	81	9	729
50	5	0	5-2-0	46	2	92
50	5	0	5-2-1-0	46	3	138
51	5	1	5-2-1	43	2	86
51	5	1	5-2-0-1	43	3	129
52	5	2	5-2	35	1	35
52	5	2	5-4-3-1-2	35	4	140
53	5	3	5-4-3	119	2	238
53	5	3	5-2-1-3	119	3	357
54	5	4	5-4	126	1	126
54	5	4	5-2-1-3-4	126	4	504
56	5	6	5-6	117	1	117
56	5	6	5-2-1-7-6	117	4	468
57	5	7	5-6-7	31	2	62
57	5	7	5-2-1-7	31	3	93
58	5	8	5-6-7-8	13	3	39
58	5	8	5-2-1-7-8	13	4	52
59	5	9	5-6-7-9	38	3	114
59	5	9	5-10-15-14-9	38	4	152
510	5	10	5-10	9	1	9
510	5	10	5-6-7-9-14-15-10	9	6	54
511	5	11	5-6-7-8-11	98	4	392
511	5	11	5-2-1-7-8-11	98	5	490
512	5	12	5-6-7-8-11-12	57	5	285
512	5	12	5-10-15-14-13-12	57	5	285
513	5	13	5-10-15-14-13	13	4	52
513	5	13	5-6-7-9-14-13	13	5	65
514	5	14	5-10-15-14	110	3	330
514	5	14	5-6-7-9-14	110	4	440
515	5	15	5-10-15	60	2	120
515	5	15	5-6-7-9-14-15	60	5	300
516	5	16	5-6-7-8-11-12-16	105	6	630
516	5	16	5-10-15-14-13-12-16	105	6	630
517	5	17	5-10-15-17	14	3	42
517	5	17	5-6-7-9-14-15-17	14	6	84
518	5	18	5-10-15-17-19-20-18	88	6	528
518	5	18	5-6-7-8-11-12-16-18	88	7	616
519	5	19	5-10-15-17-19	22	4	88
519	5	19	5-6-7-9-14-15-17-19	22	7	154
520	5	20	5-10-15-17-19-20	136	5	680
520	5	20	5-6-7-8-11-12-16-18-20	136	8	1088
60	6	0	6-7-1-0	95	3	285
60	6	0	6-5-2-0	95	3	285
61	6	1	6-7-1	145	2	290
61	6	1	6-5-2-1	145	3	435
62	6	2	6-5-2	83	2	166
62	6	2	6-7-1-2	83	3	249
63	6	3	6-7-1-3	26	3	78
63	6	3	6-5-4-3	26	3	78
64	6	4	6-5-4	17	2	34
64	6	4	6-7-1-3-4	17	4	68
65	6	5	6-5	77	1	77
65	6	5	6-7-1-2-5	77	4	308
67	6	7	6-7	133	1	133
67	6	7	6-5-2-1-7	133	4	532
68	6	8	6-7-8	82	2	164
68	6	8	6-5-2-1-7-8	82	5	410
69	6	9	6-7-9	115	2	230
69	6	9	6-5-10-15-14-9	115	5	575
610	6	10	6-5-10	97	2	194
610	6	10	6-7-9-14-15-10	97	5	485
611	6	11	6-7-8-11	22	3	66
611	6	11	6-7-9-14-13-12-11	22	6	132
612	6	12	6-7-8-11-12	130	4	520
612	6	12	6-7-9-14-13-12	130	5	650
613	6	13	6-7-9-14-13	50	4	200
613	6	13	6-7-8-11-12-13	50	5	250
614	6	14	6-7-9-14	11	3	33
614	6	14	6-5-10-15-14	11	4	44
615	6	15	6-5-10-15	4	3	12
615	6	15	6-7-9-14-15	4	4	16
616	6	16	6-7-8-11-12-16	97	5	485
616	6	16	6-7-9-14-13-12-16	97	6	582
617	6	17	6-5-10-15-17	30	4	120
617	6	17	6-7-9-14-15-17	30	5	150
618	6	18	6-7-8-11-12-16-18	19	6	114
618	6	18	6-7-9-14-13-12-16-18	19	7	133
619	6	19	6-5-10-15-17-19	3	5	15
619	6	19	6-7-9-14-15-17-19	3	6	18
620	6	20	6-5-10-15-17-19-20	79	6	474
620	6	20	6-7-8-11-12-16-18-20	79	7	553
70	7	0	7-1-0	115	2	230
70	7	0	7-1-2-0	115	3	345
71	7	1	7-1	17	1	17
71	7	1	7-6-5-2-1	17	4	68
72	7	2	7-1-2	51	2	102
72	7	2	7-1-0-2	51	3	153
73	7	3	7-1-3	28	2	56
73	7	3	7-6-5-4-3	28	4	112
74	7	4	7-1-3-4	97	3	291
74	7	4	7-6-5-4	97	3	291
75	7	5	7-6-5	127	2	254
75	7	5	7-1-2-5	127	3	381
76	7	6	7-6	8	1	8
76	7	6	7-1-2-5-6	8	4	32
78	7	8	7-8	97	1	97
78	7	8	7-9-14-13-12-11-8	97	6	582
79	7	9	7-9	74	1	74
79	7	9	7-8-11-12-13-14-9	74	6	444
710	7	10	7-6-5-10	28	3	84
710	7	10	7-9-14-15-10	28	4	112
711	7	11	7-8-11	16	2	32
711	7	11	7-9-14-13-12-11	16	5	80
712	7	12	7-8-11-12	6	3	18
712	7	12	7-9-14-13-12	6	4	24
713	7	13	7-9-14-13	64	3	192
713	7	13	7-8-11-12-13	64	4	256
714	7	14	7-9-14	57	2	114
714	7	14	7-8-11-12-13-14	57	5	285
715	7	15	7-9-14-15	66	3	198
715	7	15	7-6-5-10-15	66	4	264
716	7	16	7-8-11-12-16	116	4	464
716	7	16	7-9-14-13-12-16	116	5	580
717	7	17	7-9-14-15-17	144	4	576
717	7	17	7-6-5-10-15-17	144	5	720
718	7	18	7-8-11-12-16-18	127	5	635
718	7	18	7-9-14-13-12-16-18	127	6	762
719	7	19	7-9-14-15-17-19	50	5	250
719	7	19	7-6-5-10-15-17-19	50	6	300
720	7	20	7-8-11-12-16-18-20	44	6	264
720	7	20	7-9-14-15-17-19-20	44	6	264
80	8	0	8-7-1-0	10	3	30
80	8	0	8-7-1-2-0	10	4	40
81	8	1	8-7-1	33	2	66
81	8	1	8-7-6-5-2-1	33	5	165
82	8	2	8-7-1-2	69	3	207
82	8	2	8-7-1-0-2	69	4	276
83	8	3	8-7-1-3	136	3	408
83	8	3	8-7-6-5-4-3	136	5	680
84	8	4	8-7-1-3-4	123	4	492
84	8	4	8-7-6-5-4	123	4	492
85	8	5	8-7-6-5	76	3	228
85	8	5	8-7-1-2-5	76	4	304
86	8	6	8-7-6	6	2	12
86	8	6	8-7-1-2-5-6	6	5	30
87	8	7	8-7	106	1	106
87	8	7	8-11-12-13-14-9-7	106	6	636
89	8	9	8-7-9	98	2	196
89	8	9	8-11-12-13-14-9	98	5	490
810	8	10	8-7-6-5-10	39	4	156
810	8	10	8-7-9-14-15-10	39	5	195
811	8	11	8-11	38	1	38
811	8	11	8-7-9-14-13-12-11	38	6	228
812	8	12	8-11-12	106	2	212
812	8	12	8-7-9-14-13-12	106	5	530
813	8	13	8-11-12-13	31	3	93
813	8	13	8-7-9-14-13	31	4	124
814	8	14	8-7-9-14	48	3	144
814	8	14	8-11-12-13-14	48	4	192
815	8	15	8-7-9-14-15	61	4	244
815	8	15	8-11-12-13-14-15	61	5	305
816	8	16	8-11-12-16	114	3	342
816	8	16	8-7-9-14-13-12-16	114	6	684
817	8	17	8-7-9-14-15-17	98	5	490
817	8	17	8-11-12-13-14-15-17	98	6	588
818	8	18	8-11-12-16-18	26	4	104
818	8	18	8-7-9-14-13-12-16-18	26	7	182
819	8	19	8-7-9-14-15-17-19	22	6	132
819	8	19	8-11-12-16-18-20-19	22	6	132
820	8	20	8-11-12-16-18-20	5	5	25
820	8	20	8-7-9-14-15-17-19-20	5	7	35
90	9	0	9-7-1-0	6	3	18
90	9	0	9-7-1-2-0	6	4	24
91	9	1	9-7-1	35	2	70
91	9	1	9-7-6-5-2-1	35	5	175
92	9	2	9-7-1-2	145	3	435
92	9	2	9-7-1-0-2	145	4	580
93	9	3	9-7-1-3	96	3	288
93	9	3	9-7-6-5-4-3	96	5	480
94	9	4	9-7-1-3-4	73	4	292
94	9	4	9-7-6-5-4	73	4	292
95	9	5	9-7-6-5	113	3	339
95	9	5	9-7-1-2-5	113	4	452
96	9	6	9-7-6	120	2	240
96	9	6	9-7-1-2-5-6	120	5	600
97	9	7	9-7	29	1	29
97	9	7	9-14-15-10-5-6-7	29	6	174
98	9	8	9-7-8	122	2	244
98	9	8	9-14-13-12-11-8	122	5	610
910	9	10	9-14-15-10	90	3	270
910	9	10	9-7-6-5-10	90	4	360
911	9	11	9-7-8-11	41	3	123
911	9	11	9-14-13-12-11	41	4	164
912	9	12	9-14-13-12	46	3	138
912	9	12	9-7-8-11-12	46	4	184
913	9	13	9-14-13	115	2	230
913	9	13	9-7-8-11-12-13	115	5	575
914	9	14	9-14	136	1	136
914	9	14	9-7-8-11-12-13-14	136	6	816
915	9	15	9-14-15	29	2	58
915	9	15	9-7-6-5-10-15	29	5	145
916	9	16	9-14-13-12-16	18	4	72
916	9	16	9-7-8-11-12-16	18	5	90
917	9	17	9-14-15-17	47	3	141
917	9	17	9-7-6-5-10-15-17	47	6	282
918	9	18	9-14-13-12-16-18	10	5	50
918	9	18	9-7-8-11-12-16-18	10	6	60
919	9	19	9-14-15-17-19	1	4	4
919	9	19	9-7-6-5-10-15-17-19	1	7	7
920	9	20	9-14-15-17-19-20	26	5	130
920	9	20	9-14-13-12-16-18-20	26	6	156
100	10	0	10-5-2-0	96	3	288
100	10	0	10-5-2-1-0	96	4	384
101	10	1	10-5-2-1	31	3	93
101	10	1	10-5-2-0-1	31	4	124
102	10	2	10-5-2	11	2	22
102	10	2	10-5-4-3-1-2	11	5	55
103	10	3	10-5-4-3	0	3	0
103	10	3	10-5-2-1-3	0	4	0
104	10	4	10-5-4	143	2	286
104	10	4	10-5-2-1-3-4	143	5	715
105	10	5	10-5	37	1	37
105	10	5	10-15-14-9-7-6-5	37	6	222
106	10	6	10-5-6	107	2	214
106	10	6	10-5-2-1-7-6	107	5	535
107	10	7	10-5-6-7	97	3	291
107	10	7	10-5-2-1-7	97	4	388
108	10	8	10-5-6-7-8	120	4	480
108	10	8	10-5-2-1-7-8	120	5	600
109	10	9	10-15-14-9	99	3	297
109	10	9	10-5-6-7-9	99	4	396
1011	10	11	10-15-14-13-12-11	85	5	425
1011	10	11	10-5-6-7-8-11	85	5	425
1012	10	12	10-15-14-13-12	88	4	352
1012	10	12	10-5-6-7-8-11-12	88	6	528
1013	10	13	10-15-14-13	143	3	429
1013	10	13	10-5-6-7-9-14-13	143	6	858
1014	10	14	10-15-14	83	2	166
1014	10	14	10-5-6-7-9-14	83	5	415
1015	10	15	10-15	51	1	51
1015	10	15	10-5-6-7-9-14-15	51	6	306
1016	10	16	10-15-14-13-12-16	114	5	570
1016	10	16	10-15-17-19-20-18-16	114	6	684
1017	10	17	10-15-17	57	2	114
1017	10	17	10-5-6-7-9-14-15-17	57	7	399
1018	10	18	10-15-17-19-20-18	146	5	730
1018	10	18	10-15-14-13-12-16-18	146	6	876
1019	10	19	10-15-17-19	81	3	243
1019	10	19	10-5-6-7-9-14-15-17-19	81	8	648
1020	10	20	10-15-17-19-20	75	4	300
1020	10	20	10-15-14-13-12-16-18-20	75	7	525
110	11	0	11-8-7-1-0	141	4	564
110	11	0	11-8-7-1-2-0	141	5	705
111	11	1	11-8-7-1	65	3	195
111	11	1	11-8-7-6-5-2-1	65	6	390
112	11	2	11-8-7-1-2	51	4	204
112	11	2	11-8-7-1-0-2	51	5	255
113	11	3	11-8-7-1-3	111	4	444
113	11	3	11-8-7-6-5-4-3	111	6	666
114	11	4	11-8-7-1-3-4	21	5	105
114	11	4	11-8-7-6-5-4	21	5	105
115	11	5	11-8-7-6-5	136	4	544
115	11	5	11-8-7-1-2-5	136	5	680
116	11	6	11-8-7-6	48	3	144
116	11	6	11-8-7-1-2-5-6	48	6	288
117	11	7	11-8-7	61	2	122
117	11	7	11-12-13-14-9-7	61	5	305
118	11	8	11-8	27	1	27
118	11	8	11-12-13-14-9-7-8	27	6	162
119	11	9	11-8-7-9	96	3	288
119	11	9	11-12-13-14-9	96	4	384
1110	11	10	11-12-13-14-15-10	30	5	150
1110	11	10	11-8-7-6-5-10	30	5	150
1112	11	12	11-12	135	1	135
1112	11	12	11-8-7-9-14-13-12	135	6	810
1113	11	13	11-12-13	104	2	208
1113	11	13	11-8-7-9-14-13	104	5	520
1114	11	14	11-12-13-14	55	3	165
1114	11	14	11-8-7-9-14	55	4	220
1115	11	15	11-12-13-14-15	33	4	132
1115	11	15	11-8-7-9-14-15	33	5	165
1116	11	16	11-12-16	87	2	174
1116	11	16	11-8-7-9-14-13-12-16	87	7	609
1117	11	17	11-12-13-14-15-17	76	5	380
1117	11	17	11-8-7-9-14-15-17	76	6	456
1118	11	18	11-12-16-18	120	3	360
1118	11	18	11-8-7-9-14-13-12-16-18	120	8	960
1119	11	19	11-12-16-18-20-19	9	5	45
1119	11	19	11-12-13-14-15-17-19	9	6	54
1120	11	20	11-12-16-18-20	32	4	128
1120	11	20	11-12-13-14-15-17-19-20	32	7	224
120	12	0	12-11-8-7-1-0	114	5	570
120	12	0	12-13-14-9-7-1-0	114	6	684
121	12	1	12-11-8-7-1	131	4	524
121	12	1	12-13-14-9-7-1	131	5	655
122	12	2	12-11-8-7-1-2	131	5	655
122	12	2	12-11-8-7-1-0-2	131	6	786
123	12	3	12-11-8-7-1-3	112	5	560
123	12	3	12-13-14-9-7-1-3	112	6	672
124	12	4	12-11-8-7-1-3-4	86	6	516
124	12	4	12-13-14-15-10-5-4	86	6	516
125	12	5	12-11-8-7-6-5	145	5	725
125	12	5	12-13-14-15-10-5	145	5	725
126	12	6	12-11-8-7-6	40	4	160
126	12	6	12-13-14-9-7-6	40	5	200
127	12	7	12-11-8-7	32	3	96
127	12	7	12-13-14-9-7	32	4	128
128	12	8	12-11-8	30	2	60
128	12	8	12-13-14-9-7-8	30	5	150
129	12	9	12-13-14-9	23	3	69
129	12	9	12-11-8-7-9	23	4	92
1210	12	10	12-13-14-15-10	58	4	232
1210	12	10	12-11-8-7-6-5-10	58	6	348
1211	12	11	12-11	65	1	65
1211	12	11	12-13-14-9-7-8-11	65	6	390
1213	12	13	12-13	146	1	146
1213	12	13	12-11-8-7-9-14-13	146	6	876
1214	12	14	12-13-14	49	2	98
1214	12	14	12-11-8-7-9-14	49	5	245
1215	12	15	12-13-14-15	135	3	405
1215	12	15	12-11-8-7-9-14-15	135	6	810
1216	12	16	12-16	118	1	118
1216	12	16	12-13-14-15-17-19-20-18-16	118	8	944
1217	12	17	12-13-14-15-17	48	4	192
1217	12	17	12-16-18-20-19-17	48	5	240
1218	12	18	12-16-18	86	2	172
1218	12	18	12-13-14-15-17-19-20-18	86	7	602
1219	12	19	12-16-18-20-19	102	4	408
1219	12	19	12-13-14-15-17-19	102	5	510
1220	12	20	12-16-18-20	15	3	45
1220	12	20	12-13-14-15-17-19-20	15	6	90
130	13	0	13-14-9-7-1-0	33	5	165
130	13	0	13-12-11-8-7-1-0	33	6	198
131	13	1	13-14-9-7-1	75	4	300
131	13	1	13-12-11-8-7-1	75	5	375
132	13	2	13-14-9-7-1-2	10	5	50
132	13	2	13-14-15-10-5-2	10	5	50
133	13	3	13-14-9-7-1-3	29	5	145
133	13	3	13-12-11-8-7-1-3	29	6	174
134	13	4	13-14-15-10-5-4	102	5	510
134	13	4	13-14-9-7-1-3-4	102	6	612
135	13	5	13-14-15-10-5	83	4	332
135	13	5	13-14-9-7-6-5	83	5	415
136	13	6	13-14-9-7-6	61	4	244
136	13	6	13-14-15-10-5-6	61	5	305
137	13	7	13-14-9-7	59	3	177
137	13	7	13-12-11-8-7	59	4	236
138	13	8	13-12-11-8	34	3	102
138	13	8	13-14-9-7-8	34	4	136
139	13	9	13-14-9	120	2	240
139	13	9	13-12-11-8-7-9	120	5	600
1310	13	10	13-14-15-10	76	3	228
1310	13	10	13-14-9-7-6-5-10	76	6	456
1311	13	11	13-12-11	134	2	268
1311	13	11	13-14-9-7-8-11	134	5	670
1312	13	12	13-12	72	1	72
1312	13	12	13-14-9-7-8-11-12	72	6	432
1314	13	14	13-14	77	1	77
1314	13	14	13-12-11-8-7-9-14	77	6	462
1315	13	15	13-14-15	77	2	154
1315	13	15	13-12-11-8-7-9-14-15	77	7	539
1316	13	16	13-12-16	63	2	126
1316	13	16	13-14-9-7-8-11-12-16	63	7	441
1317	13	17	13-14-15-17	138	3	414
1317	13	17	13-12-16-18-20-19-17	138	6	828
1318	13	18	13-12-16-18	94	3	282
1318	13	18	13-14-15-17-19-20-18	94	6	564
1319	13	19	13-14-15-17-19	48	4	192
1319	13	19	13-12-16-18-20-19	48	5	240
1320	13	20	13-12-16-18-20	94	4	376
1320	13	20	13-14-15-17-19-20	94	5	470
140	14	0	14-9-7-1-0	16	4	64
140	14	0	14-9-7-1-2-0	16	5	80
141	14	1	14-9-7-1	95	3	285
141	14	1	14-15-10-5-2-1	95	5	475
142	14	2	14-9-7-1-2	134	4	536
142	14	2	14-15-10-5-2	134	4	536
143	14	3	14-9-7-1-3	28	4	112
143	14	3	14-15-10-5-4-3	28	5	140
144	14	4	14-15-10-5-4	135	4	540
144	14	4	14-9-7-1-3-4	135	5	675
145	14	5	14-15-10-5	103	3	309
145	14	5	14-9-7-6-5	103	4	412
146	14	6	14-9-7-6	46	3	138
146	14	6	14-15-10-5-6	46	4	184
147	14	7	14-9-7	122	2	244
147	14	7	14-15-10-5-6-7	122	5	610
148	14	8	14-9-7-8	67	3	201
148	14	8	14-13-12-11-8	67	4	268
149	14	9	14-9	133	1	133
149	14	9	14-15-10-5-6-7-9	133	6	798
1410	14	10	14-15-10	48	2	96
1410	14	10	14-9-7-6-5-10	48	5	240
1411	14	11	14-13-12-11	113	3	339
1411	14	11	14-9-7-8-11	113	4	452
1412	14	12	14-13-12	114	2	228
1412	14	12	14-9-7-8-11-12	114	5	570
1413	14	13	14-13	36	1	36
1413	14	13	14-9-7-8-11-12-13	36	6	216
1415	14	15	14-15	137	1	137
1415	14	15	14-9-7-6-5-10-15	137	6	822
1416	14	16	14-13-12-16	112	3	336
1416	14	16	14-9-7-8-11-12-16	112	6	672
1417	14	17	14-15-17	11	2	22
1417	14	17	14-9-7-6-5-10-15-17	11	7	77
1418	14	18	14-13-12-16-18	16	4	64
1418	14	18	14-15-17-19-20-18	16	5	80
1419	14	19	14-15-17-19	94	3	282
1419	14	19	14-13-12-16-18-20-19	94	6	564
1420	14	20	14-15-17-19-20	20	4	80
1420	14	20	14-13-12-16-18-20	20	5	100
150	15	0	15-10-5-2-0	34	4	136
150	15	0	15-10-5-2-1-0	34	5	170
151	15	1	15-10-5-2-1	127	4	508
151	15	1	15-14-9-7-1	127	4	508
152	15	2	15-10-5-2	127	3	381
152	15	2	15-14-9-7-1-2	127	5	635
153	15	3	15-10-5-4-3	23	4	92
153	15	3	15-10-5-2-1-3	23	5	115
154	15	4	15-10-5-4	121	3	363
154	15	4	15-10-5-2-1-3-4	121	6	726
155	15	5	15-10-5	121	2	242
155	15	5	15-14-9-7-6-5	121	5	605
156	15	6	15-10-5-6	84	3	252
156	15	6	15-14-9-7-6	84	4	336
157	15	7	15-14-9-7	81	3	243
157	15	7	15-10-5-6-7	81	4	324
158	15	8	15-14-9-7-8	8	4	32
158	15	8	15-14-13-12-11-8	8	5	40
159	15	9	15-14-9	29	2	58
159	15	9	15-10-5-6-7-9	29	5	145
1510	15	10	15-10	120	1	120
1510	15	10	15-14-9-7-6-5-10	120	6	720
1511	15	11	15-14-13-12-11	143	4	572
1511	15	11	15-14-9-7-8-11	143	5	715
1512	15	12	15-14-13-12	27	3	81
1512	15	12	15-14-9-7-8-11-12	27	6	162
1513	15	13	15-14-13	121	2	242
1513	15	13	15-14-9-7-8-11-12-13	121	7	847
1514	15	14	15-14	30	1	30
1514	15	14	15-10-5-6-7-9-14	30	6	180
1516	15	16	15-14-13-12-16	147	4	588
1516	15	16	15-17-19-20-18-16	147	5	735
1517	15	17	15-17	12	1	12
1517	15	17	15-14-13-12-16-18-20-19-17	12	8	96
1518	15	18	15-17-19-20-18	47	4	188
1518	15	18	15-14-13-12-16-18	47	5	235
1519	15	19	15-17-19	120	2	240
1519	15	19	15-14-13-12-16-18-20-19	120	7	840
1520	15	20	15-17-19-20	15	3	45
1520	15	20	15-14-13-12-16-18-20	15	6	90
160	16	0	16-12-11-8-7-1-0	135	6	810
160	16	0	16-12-13-14-9-7-1-0	135	7	945
161	16	1	16-12-11-8-7-1	66	5	330
161	16	1	16-12-13-14-9-7-1	66	6	396
162	16	2	16-12-11-8-7-1-2	120	6	720
162	16	2	16-12-11-8-7-1-0-2	120	7	840
163	16	3	16-12-11-8-7-1-3	55	6	330
163	16	3	16-12-13-14-9-7-1-3	55	7	385
164	16	4	16-12-11-8-7-1-3-4	60	7	420
164	16	4	16-12-13-14-15-10-5-4	60	7	420
165	16	5	16-12-11-8-7-6-5	66	6	396
165	16	5	16-12-13-14-15-10-5	66	6	396
166	16	6	16-12-11-8-7-6	108	5	540
166	16	6	16-12-13-14-9-7-6	108	6	648
167	16	7	16-12-11-8-7	49	4	196
167	16	7	16-12-13-14-9-7	49	5	245
168	16	8	16-12-11-8	68	3	204
168	16	8	16-12-13-14-9-7-8	68	6	408
169	16	9	16-12-13-14-9	75	4	300
169	16	9	16-12-11-8-7-9	75	5	375
1610	16	10	16-12-13-14-15-10	86	5	430
1610	16	10	16-18-20-19-17-15-10	86	6	516
1611	16	11	16-12-11	134	2	268
1611	16	11	16-12-13-14-9-7-8-11	134	7	938
1612	16	12	16-12	105	1	105
1612	16	12	16-18-20-19-17-15-14-13-12	105	8	840
1613	16	13	16-12-13	23	2	46
1613	16	13	16-18-20-19-17-15-14-13	23	7	161
1614	16	14	16-12-13-14	109	3	327
1614	16	14	16-18-20-19-17-15-14	109	6	654
1615	16	15	16-12-13-14-15	4	4	16
1615	16	15	16-18-20-19-17-15	4	5	20
1617	16	17	16-18-20-19-17	53	4	212
1617	16	17	16-12-13-14-15-17	53	5	265
1618	16	18	16-18	127	1	127
1618	16	18	16-12-13-14-15-17-19-20-18	127	8	1016
1619	16	19	16-18-20-19	118	3	354
1619	16	19	16-12-13-14-15-17-19	118	6	708
1620	16	20	16-18-20	130	2	260
1620	16	20	16-12-13-14-15-17-19-20	130	7	910
170	17	0	17-15-10-5-2-0	14	5	70
170	17	0	17-15-10-5-2-1-0	14	6	84
171	17	1	17-15-10-5-2-1	18	5	90
171	17	1	17-15-14-9-7-1	18	5	90
172	17	2	17-15-10-5-2	108	4	432
172	17	2	17-15-14-9-7-1-2	108	6	648
173	17	3	17-15-10-5-4-3	46	5	230
173	17	3	17-15-10-5-2-1-3	46	6	276
174	17	4	17-15-10-5-4	36	4	144
174	17	4	17-15-10-5-2-1-3-4	36	7	252
175	17	5	17-15-10-5	38	3	114
175	17	5	17-15-14-9-7-6-5	38	6	228
176	17	6	17-15-10-5-6	27	4	108
176	17	6	17-15-14-9-7-6	27	5	135
177	17	7	17-15-14-9-7	41	4	164
177	17	7	17-15-10-5-6-7	41	5	205
178	17	8	17-15-14-9-7-8	43	5	215
178	17	8	17-15-14-13-12-11-8	43	6	258
179	17	9	17-15-14-9	92	3	276
179	17	9	17-15-10-5-6-7-9	92	6	552
1710	17	10	17-15-10	69	2	138
1710	17	10	17-15-14-9-7-6-5-10	69	7	483
1711	17	11	17-15-14-13-12-11	63	5	315
1711	17	11	17-19-20-18-16-12-11	63	6	378
1712	17	12	17-15-14-13-12	39	4	156
1712	17	12	17-19-20-18-16-12	39	5	195
1713	17	13	17-15-14-13	23	3	69
1713	17	13	17-19-20-18-16-12-13	23	6	138
1714	17	14	17-15-14	107	2	214
1714	17	14	17-19-20-18-16-12-13-14	107	7	749
1715	17	15	17-15	35	1	35
1715	17	15	17-19-20-18-16-12-13-14-15	35	8	280
1716	17	16	17-19-20-18-16	2	4	8
1716	17	16	17-15-14-13-12-16	2	5	10
1718	17	18	17-19-20-18	64	3	192
1718	17	18	17-15-14-13-12-16-18	64	6	384
1719	17	19	17-19	28	1	28
1719	17	19	17-15-14-13-12-16-18-20-19	28	8	224
1720	17	20	17-19-20	91	2	182
1720	17	20	17-15-14-13-12-16-18-20	91	7	637
180	18	0	18-16-12-11-8-7-1-0	75	7	525
180	18	0	18-16-12-13-14-9-7-1-0	75	8	600
181	18	1	18-16-12-11-8-7-1	71	6	426
181	18	1	18-16-12-13-14-9-7-1	71	7	497
182	18	2	18-16-12-11-8-7-1-2	17	7	119
182	18	2	18-20-19-17-15-10-5-2	17	7	119
183	18	3	18-16-12-11-8-7-1-3	18	7	126
183	18	3	18-16-12-13-14-9-7-1-3	18	8	144
184	18	4	18-20-19-17-15-10-5-4	34	7	238
184	18	4	18-16-12-11-8-7-1-3-4	34	8	272
185	18	5	18-20-19-17-15-10-5	22	6	132
185	18	5	18-16-12-11-8-7-6-5	22	7	154
186	18	6	18-16-12-11-8-7-6	12	6	72
186	18	6	18-20-19-17-15-10-5-6	12	7	84
187	18	7	18-16-12-11-8-7	12	5	60
187	18	7	18-16-12-13-14-9-7	12	6	72
188	18	8	18-16-12-11-8	89	4	356
188	18	8	18-16-12-13-14-9-7-8	89	7	623
189	18	9	18-16-12-13-14-9	96	5	480
189	18	9	18-20-19-17-15-14-9	96	6	576
1810	18	10	18-20-19-17-15-10	89	5	445
1810	18	10	18-16-12-13-14-15-10	89	6	534
1811	18	11	18-16-12-11	134	3	402
1811	18	11	18-20-19-17-15-14-13-12-11	134	8	1072
1812	18	12	18-16-12	61	2	122
1812	18	12	18-20-19-17-15-14-13-12	61	7	427
1813	18	13	18-16-12-13	28	3	84
1813	18	13	18-20-19-17-15-14-13	28	6	168
1814	18	14	18-16-12-13-14	129	4	516
1814	18	14	18-20-19-17-15-14	129	5	645
1815	18	15	18-20-19-17-15	148	4	592
1815	18	15	18-16-12-13-14-15	148	5	740
1816	18	16	18-16	98	1	98
1816	18	16	18-20-19-17-15-14-13-12-16	98	8	784
1817	18	17	18-20-19-17	145	3	435
1817	18	17	18-16-12-13-14-15-17	145	6	870
1819	18	19	18-20-19	108	2	216
1819	18	19	18-16-12-13-14-15-17-19	108	7	756
1820	18	20	18-20	128	1	128
1820	18	20	18-16-12-13-14-15-17-19-20	128	8	1024
190	19	0	19-17-15-10-5-2-0	142	6	852
190	19	0	19-17-15-10-5-2-1-0	142	7	994
191	19	1	19-17-15-10-5-2-1	87	6	522
191	19	1	19-17-15-14-9-7-1	87	6	522
192	19	2	19-17-15-10-5-2	0	5	0
192	19	2	19-17-15-14-9-7-1-2	0	7	0
193	19	3	19-17-15-10-5-4-3	13	6	78
193	19	3	19-17-15-10-5-2-1-3	13	7	91
194	19	4	19-17-15-10-5-4	111	5	555
194	19	4	19-17-15-10-5-2-1-3-4	111	8	888
195	19	5	19-17-15-10-5	94	4	376
195	19	5	19-17-15-14-9-7-6-5	94	7	658
196	19	6	19-17-15-10-5-6	139	5	695
196	19	6	19-17-15-14-9-7-6	139	6	834
197	19	7	19-17-15-14-9-7	116	5	580
197	19	7	19-17-15-10-5-6-7	116	6	696
198	19	8	19-20-18-16-12-11-8	52	6	312
198	19	8	19-17-15-14-9-7-8	52	6	312
199	19	9	19-17-15-14-9	107	4	428
199	19	9	19-20-18-16-12-13-14-9	107	7	749
1910	19	10	19-17-15-10	17	3	51
1910	19	10	19-20-18-16-12-13-14-15-10	17	8	136
1911	19	11	19-20-18-16-12-11	59	5	295
1911	19	11	19-17-15-14-13-12-11	59	6	354
1912	19	12	19-20-18-16-12	6	4	24
1912	19	12	19-17-15-14-13-12	6	5	30
1913	19	13	19-17-15-14-13	52	4	208
1913	19	13	19-20-18-16-12-13	52	5	260
1914	19	14	19-17-15-14	48	3	144
1914	19	14	19-20-18-16-12-13-14	48	6	288
1915	19	15	19-17-15	85	2	170
1915	19	15	19-20-18-16-12-13-14-15	85	7	595
1916	19	16	19-20-18-16	41	3	123
1916	19	16	19-17-15-14-13-12-16	41	6	246
1917	19	17	19-17	10	1	10
1917	19	17	19-20-18-16-12-13-14-15-17	10	8	80
1918	19	18	19-20-18	45	2	90
1918	19	18	19-17-15-14-13-12-16-18	45	7	315
1920	19	20	19-20	50	1	50
1920	19	20	19-17-15-14-13-12-16-18-20	50	8	400
200	20	0	20-19-17-15-10-5-2-0	82	7	574
200	20	0	20-19-17-15-10-5-2-1-0	82	8	656
201	20	1	20-19-17-15-10-5-2-1	115	7	805
201	20	1	20-19-17-15-14-9-7-1	115	7	805
202	20	2	20-19-17-15-10-5-2	55	6	330
202	20	2	20-18-16-12-11-8-7-1-2	55	8	440
203	20	3	20-19-17-15-10-5-4-3	13	7	91
203	20	3	20-19-17-15-10-5-2-1-3	13	8	104
204	20	4	20-19-17-15-10-5-4	3	6	18
204	20	4	20-19-17-15-10-5-2-1-3-4	3	9	27
205	20	5	20-19-17-15-10-5	137	5	685
205	20	5	20-18-16-12-11-8-7-6-5	137	8	1096
206	20	6	20-19-17-15-10-5-6	122	6	732
206	20	6	20-18-16-12-11-8-7-6	122	7	854
207	20	7	20-18-16-12-11-8-7	28	6	168
207	20	7	20-19-17-15-14-9-7	28	6	168
208	20	8	20-18-16-12-11-8	54	5	270
208	20	8	20-19-17-15-14-9-7-8	54	7	378
209	20	9	20-19-17-15-14-9	133	5	665
209	20	9	20-18-16-12-13-14-9	133	6	798
2010	20	10	20-19-17-15-10	119	4	476
2010	20	10	20-18-16-12-13-14-15-10	119	7	833
2011	20	11	20-18-16-12-11	9	4	36
2011	20	11	20-19-17-15-14-13-12-11	9	7	63
2012	20	12	20-18-16-12	143	3	429
2012	20	12	20-19-17-15-14-13-12	143	6	858
2013	20	13	20-18-16-12-13	81	4	324
2013	20	13	20-19-17-15-14-13	81	5	405
2014	20	14	20-19-17-15-14	53	4	212
2014	20	14	20-18-16-12-13-14	53	5	265
2015	20	15	20-19-17-15	80	3	240
2015	20	15	20-18-16-12-13-14-15	80	6	480
2016	20	16	20-18-16	146	2	292
2016	20	16	20-19-17-15-14-13-12-16	146	7	1022
2017	20	17	20-19-17	129	2	258
2017	20	17	20-18-16-12-13-14-15-17	129	7	903
2018	20	18	20-18	16	1	16
2018	20	18	20-19-17-15-14-13-12-16-18	16	8	128
2019	20	19	20-19	133	1	133
2019	20	19	20-18-16-12-13-14-15-17-19	133	8	1064
