01	0	1	0-1	31	1	31
02	0	2	0-2	34	1	34
03	0	3	0-1-3	33	2	66
04	0	4	0-1-3-4	41	3	123
05	0	5	0-2-5	0	2	0
06	0	6	0-2-5-6	22	3	66
07	0	7	0-1-7	4	2	8
08	0	8	0-1-7-8	45	3	135
09	0	9	0-1-7-9	35	3	105
010	0	10	0-2-5-10	39	3	117
011	0	11	0-1-7-8-11	26	4	104
012	0	12	0-1-7-8-11-12	46	5	230
013	0	13	0-1-7-9-14-13	18	5	90
014	0	14	0-1-7-9-14	22	4	88
015	0	15	0-2-5-10-15	48	4	192
016	0	16	0-1-7-8-11-12-16	47	6	282
017	0	17	0-2-5-10-15-17	15	5	75
018	0	18	0-1-7-8-11-12-16-18	22	7	154
019	0	19	0-2-5-10-15-17-19	20	6	120
020	0	20	0-2-5-10-15-17-19-20	9	7	63
10	1	0	1-0	0	1	0
12	1	2	1-2	33	1	33
13	1	3	1-3	32	1	32
14	1	4	1-3-4	24	2	48
15	1	5	1-2-5	29	2	58
16	1	6	1-7-6	14	2	28
17	1	7	1-7	13	1	13
18	1	8	1-7-8	25	2	50
19	1	9	1-7-9	5	2	10
110	1	10	1-2-5-10	45	3	135
111	1	11	1-7-8-11	40	3	120
112	1	12	1-7-8-11-12	39	4	156
113	1	13	1-7-9-14-13	37	4	148
114	1	14	1-7-9-14	31	3	93
115	1	15	1-7-9-14-15	1	4	4
116	1	16	1-7-8-11-12-16	38	5	190
117	1	17	1-7-9-14-15-17	45	5	225
118	1	18	1-7-8-11-12-16-18	6	6	36
119	1	19	1-7-9-14-15-17-19	35	6	210
120	1	20	1-7-8-11-12-16-18-20	15	7	105
20	2	0	2-0	47	1	47
21	2	1	2-1	20	1	20
23	2	3	2-1-3	47	2	94
24	2	4	2-5-4	26	2	52
25	2	5	2-5	30	1	30
26	2	6	2-5-6	0	2	0
27	2	7	2-1-7	44	2	88
28	2	8	2-1-7-8	27	3	81
29	2	9	2-1-7-9	37	3	111
210	2	10	2-5-10	46	2	92
211	2	11	2-1-7-8-11	46	4	184
212	2	12	2-1-7-8-11-12	14	5	70
213	2	13	2-5-10-15-14-13	35	5	175
214	2	14	2-5-10-15-14	39	4	156
215	2	15	2-5-10-15	35	3	105
216	2	16	2-1-7-8-11-12-16	18	6	108
217	2	17	2-5-10-15-17	15	4	60
218	2	18	2-1-7-8-11-12-16-18	18	7	126
219	2	19	2-5-10-15-17-19	14	5	70
220	2	20	2-5-10-15-17-19-20	32	6	192
30	3	0	3-1-0	2	2	4
31	3	1	3-1	12	1	12
32	3	2	3-1-2	34	2	68
34	3	4	3-4	2	1	2
35	3	5	3-4-5	15	2	30
36	3	6	3-4-5-6	14	3	42
37	3	7	3-1-7	6	2	12
38	3	8	3-1-7-8	20	3	60
39	3	9	3-1-7-9	14	3	42
310	3	10	3-4-5-10	32	3	96
311	3	11	3-1-7-8-11	30	4	120
312	3	12	3-1-7-8-11-12	12	5	60
313	3	13	3-1-7-9-14-13	45	5	225
314	3	14	3-1-7-9-14	31	4	124
315	3	15	3-4-5-10-15	9	4	36
316	3	16	3-1-7-8-11-12-16	33	6	198
317	3	17	3-4-5-10-15-17	29	5	145
318	3	18	3-1-7-8-11-12-16-18	30	7	210
319	3	19	3-4-5-10-15-17-19	19	6	114
320	3	20	3-4-5-10-15-17-19-20	18	7	126
40	4	0	4-3-1-0	10	3	30
41	4	1	4-3-1	4	2	8
42	4	2	4-5-2	16	2	32
43	4	3	4-3	19	1	19
45	4	5	4-5	40	1	40
46	4	6	4-5-6	48	2	96
47	4	7	4-3-1-7	31	3	93
48	4	8	4-3-1-7-8	22	4	88
49	4	9	4-3-1-7-9	45	4	180
410	4	10	4-5-10	7	2	14
411	4	11	4-3-1-7-8-11	6	5	30
412	4	12	4-3-1-7-8-11-12	10	6	60
413	4	13	4-5-10-15-14-13	20	5	100
414	4	14	4-5-10-15-14	21	4	84
415	4	15	4-5-10-15	6	3	18
416	4	16	4-3-1-7-8-11-12-16	27	7	189
417	4	17	4-5-10-15-17	10	4	40
418	4	18	4-5-10-15-17-19-20-18	13	7	91
419	4	19	4-5-10-15-17-19	23	5	115
420	4	20	4-5-10-15-17-19-20	7	6	42
50	5	0	5-2-0	42	2	84
51	5	1	5-2-1	20	2	40
52	5	2	5-2	14	1	14
53	5	3	5-4-3	26	2	52
54	5	4	5-4	39	1	39
56	5	6	5-6	38	1	38
57	5	7	5-6-7	18	2	36
58	5	8	5-6-7-8	39	3	117
59	5	9	5-6-7-9	13	3	39
510	5	10	5-10	7	1	7
511	5	11	5-6-7-8-11	23	4	92
512	5	12	5-6-7-8-11-12	44	5	220
513	5	13	5-10-15-14-13	28	4	112
514	5	14	5-10-15-14	24	3	72
515	5	15	5-10-15	6	2	12
516	5	16	5-6-7-8-11-12-16	0	6	0
517	5	17	5-10-15-17	26	3	78
518	5	18	5-10-15-17-19-20-18	23	6	138
519	5	19	5-10-15-17-19	31	4	124
520	5	20	5-10-15-17-19-20	21	5	105
60	6	0	6-7-1-0	6	3	18
61	6	1	6-7-1	48	2	96
62	6	2	6-5-2	24	2	48
63	6	3	6-7-1-3	13	3	39
64	6	4	6-5-4	27	2	54
65	6	5	6-5	35	1	35
67	6	7	6-7	24	1	24
68	6	8	6-7-8	23	2	46
69	6	9	6-7-9	26	2	52
610	6	10	6-5-10	11	2	22
611	6	11	6-7-8-11	24	3	72
612	6	12	6-7-8-11-12	28	4	112
613	6	13	6-7-9-14-13	17	4	68
614	6	14	6-7-9-14	9	3	27
615	6	15	6-5-10-15	41	3	123
616	6	16	6-7-8-11-12-16	33	5	165
617	6	17	6-5-10-15-17	29	4	116
618	6	18	6-7-8-11-12-16-18	19	6	114
619	6	19	6-5-10-15-17-19	23	5	115
620	6	20	6-5-10-15-17-19-20	27	6	162
70	7	0	7-1-0	42	2	84
71	7	1	7-1	37	1	37
72	7	2	7-1-2	37	2	74
73	7	3	7-1-3	43	2	86
74	7	4	7-1-3-4	2	3	6
75	7	5	7-6-5	19	2	38
76	7	6	7-6	34	1	34
78	7	8	7-8	31	1	31
79	7	9	7-9	9	1	9
710	7	10	7-6-5-10	7	3	21
711	7	11	7-8-11	45	2	90
712	7	12	7-8-11-12	26	3	78
713	7	13	7-9-14-13	22	3	66
714	7	14	7-9-14	24	2	48
715	7	15	7-9-14-15	27	3	81
716	7	16	7-8-11-12-16	24	4	96
717	7	17	7-9-14-15-17	37	4	148
718	7	18	7-8-11-12-16-18	28	5	140
719	7	19	7-9-14-15-17-19	29	5	145
720	7	20	7-8-11-12-16-18-20	40	6	240
80	8	0	8-7-1-0	12	3	36
81	8	1	8-7-1	36	2	72
82	8	2	8-7-1-2	14	3	42
83	8	3	8-7-1-3	21	3	63
84	8	4	8-7-1-3-4	38	4	152
85	8	5	8-7-6-5	7	3	21
86	8	6	8-7-6	17	2	34
87	8	7	8-7	23	1	23
89	8	9	8-7-9	11	2	22
810	8	10	8-7-6-5-10	32	4	128
811	8	11	8-11	31	1	31
812	8	12	8-11-12	9	2	18
813	8	13	8-11-12-13	19	3	57
814	8	14	8-7-9-14	44	3	132
815	8	15	8-7-9-14-15	32	4	128
816	8	16	8-11-12-16	12	3	36
817	8	17	8-7-9-14-15-17	48	5	240
818	8	18	8-11-12-16-18	47	4	188
819	8	19	8-7-9-14-15-17-19	20	6	120
820	8	20	8-11-12-16-18-20	42	5	210
90	9	0	9-7-1-0	11	3	33
91	9	1	9-7-1	35	2	70
92	9	2	9-7-1-2	1	3	3
93	9	3	9-7-1-3	1	3	3
94	9	4	9-7-1-3-4	18	4	72
95	9	5	9-7-6-5	6	3	18
96	9	6	9-7-6	30	2	60
97	9	7	9-7	11	1	11
98	9	8	9-7-8	39	2	78
910	9	10	9-14-15-10	38	3	114
911	9	11	9-7-8-11	37	3	111
912	9	12	9-14-13-12	32	3	96
913	9	13	9-14-13	7	2	14
914	9	14	9-14	40	1	40
915	9	15	9-14-15	29	2	58
916	9	16	9-14-13-12-16	5	4	20
917	9	17	9-14-15-17	1	3	3
918	9	18	9-14-13-12-16-18	7	5	35
919	9	19	9-14-15-17-19	5	4	20
920	9	20	9-14-15-17-19-20	21	5	105
100	10	0	10-5-2-0	34	3	102
101	10	1	10-5-2-1	7	3	21
102	10	2	10-5-2	9	2	18
103	10	3	10-5-4-3	33	3	99
104	10	4	10-5-4	25	2	50
105	10	5	10-5	48	1	48
106	10	6	10-5-6	15	2	30
107	10	7	10-5-6-7	46	3	138
108	10	8	10-5-6-7-8	33	4	132
109	10	9	10-15-14-9	11	3	33
1011	10	11	10-15-14-13-12-11	4	5	20
1012	10	12	10-15-14-13-12	28	4	112
1013	10	13	10-15-14-13	5	3	15
1014	10	14	10-15-14	36	2	72
1015	10	15	10-15	15	1	15
1016	10	16	10-15-14-13-12-16	35	5	175
1017	10	17	10-15-17	40	2	80
1018	10	18	10-15-17-19-20-18	2	5	10
1019	10	19	10-15-17-19	8	3	24
1020	10	20	10-15-17-19-20	1	4	4
110	11	0	11-8-7-1-0	5	4	20
111	11	1	11-8-7-1	3	3	9
112	11	2	11-8-7-1-2	45	4	180
113	11	3	11-8-7-1-3	38	4	152
114	11	4	11-8-7-1-3-4	41	5	205
115	11	5	11-8-7-6-5	3	4	12
116	11	6	11-8-7-6	10	3	30
117	11	7	11-8-7	25	2	50
118	11	8	11-8	7	1	7
119	11	9	11-8-7-9	43	3	129
1110	11	10	11-12-13-14-15-10	38	5	190
1112	11	12	11-12	36	1	36
1113	11	13	11-12-13	4	2	8
1114	11	14	11-12-13-14	36	3	108
1115	11	15	11-12-13-14-15	40	4	160
1116	11	16	11-12-16	48	2	96
1117	11	17	11-12-13-14-15-17	32	5	160
1118	11	18	11-12-16-18	32	3	96
1119	11	19	11-12-16-18-20-19	31	5	155
1120	11	20	11-12-16-18-20	29	4	116
120	12	0	12-11-8-7-1-0	17	5	85
121	12	1	12-11-8-7-1	46	4	184
122	12	2	12-11-8-7-1-2	0	5	0
123	12	3	12-11-8-7-1-3	26	5	130
124	12	4	12-11-8-7-1-3-4	0	6	0
125	12	5	12-11-8-7-6-5	22	5	110
126	12	6	12-11-8-7-6	18	4	72
127	12	7	12-11-8-7	6	3	18
128	12	8	12-11-8	32	2	64
129	12	9	12-13-14-9	5	3	15
1210	12	10	12-13-14-15-10	26	4	104
1211	12	11	12-11	34	1	34
1213	12	13	12-13	13	1	13
1214	12	14	12-13-14	24	2	48
1215	12	15	12-13-14-15	7	3	21
1216	12	16	12-16	46	1	46
1217	12	17	12-13-14-15-17	19	4	76
1218	12	18	12-16-18	37	2	74
1219	12	19	12-16-18-20-19	16	4	64
1220	12	20	12-16-18-20	27	3	81
130	13	0	13-14-9-7-1-0	15	5	75
131	13	1	13-14-9-7-1	4	4	16
132	13	2	13-14-9-7-1-2	47	5	235
133	13	3	13-14-9-7-1-3	17	5	85
134	13	4	13-14-15-10-5-4	4	5	20
135	13	5	13-14-15-10-5	11	4	44
136	13	6	13-14-9-7-6	35	4	140
137	13	7	13-14-9-7	26	3	78
138	13	8	13-12-11-8	18	3	54
139	13	9	13-14-9	20	2	40
1310	13	10	13-14-15-10	29	3	87
1311	13	11	13-12-11	15	2	30
1312	13	12	13-12	30	1	30
1314	13	14	13-14	27	1	27
1315	13	15	13-14-15	44	2	88
1316	13	16	13-12-16	13	2	26
1317	13	17	13-14-15-17	7	3	21
1318	13	18	13-12-16-18	16	3	48
1319	13	19	13-14-15-17-19	8	4	32
1320	13	20	13-12-16-18-20	15	4	60
140	14	0	14-9-7-1-0	45	4	180
141	14	1	14-9-7-1	17	3	51
142	14	2	14-9-7-1-2	39	4	156
143	14	3	14-9-7-1-3	30	4	120
144	14	4	14-15-10-5-4	32	4	128
145	14	5	14-15-10-5	12	3	36
146	14	6	14-9-7-6	28	3	84
147	14	7	14-9-7	10	2	20
148	14	8	14-9-7-8	41	3	123
149	14	9	14-9	39	1	39
1410	14	10	14-15-10	24	2	48
1411	14	11	14-13-12-11	24	3	72
1412	14	12	14-13-12	13	2	26
1413	14	13	14-13	32	1	32
1415	14	15	14-15	32	1	32
1416	14	16	14-13-12-16	2	3	6
1417	14	17	14-15-17	9	2	18
1418	14	18	14-13-12-16-18	37	4	148
1419	14	19	14-15-17-19	42	3	126
1420	14	20	14-15-17-19-20	0	4	0
150	15	0	15-10-5-2-0	7	4	28
151	15	1	15-10-5-2-1	22	4	88
152	15	2	15-10-5-2	22	3	66
153	15	3	15-10-5-4-3	37	4	148
154	15	4	15-10-5-4	35	3	105
155	15	5	15-10-5	3	2	6
156	15	6	15-10-5-6	17	3	51
157	15	7	15-14-9-7	4	3	12
158	15	8	15-14-9-7-8	8	4	32
159	15	9	15-14-9	21	2	42
1510	15	10	15-10	5	1	5
1511	15	11	15-14-13-12-11	18	4	72
1512	15	12	15-14-13-12	17	3	51
1513	15	13	15-14-13	28	2	56
1514	15	14	15-14	44	1	44
1516	15	16	15-14-13-12-16	2	4	8
1517	15	17	15-17	17	1	17
1518	15	18	15-17-19-20-18	37	4	148
1519	15	19	15-17-19	34	2	68
1520	15	20	15-17-19-20	5	3	15
160	16	0	16-12-11-8-7-1-0	15	6	90
161	16	1	16-12-11-8-7-1	22	5	110
162	16	2	16-12-11-8-7-1-2	10	6	60
163	16	3	16-12-11-8-7-1-3	46	6	276
164	16	4	16-12-11-8-7-1-3-4	12	7	84
165	16	5	16-12-11-8-7-6-5	16	6	96
166	16	6	16-12-11-8-7-6	23	5	115
167	16	7	16-12-11-8-7	35	4	140
168	16	8	16-12-11-8	43	3	129
169	16	9	16-12-13-14-9	12	4	48
1610	16	10	16-12-13-14-15-10	43	5	215
1611	16	11	16-12-11	3	2	6
1612	16	12	16-12	42	1	42
1613	16	13	16-12-13	25	2	50
1614	16	14	16-12-13-14	43	3	129
1615	16	15	16-12-13-14-15	9	4	36
1617	16	17	16-18-20-19-17	28	4	112
1618	16	18	16-18	41	1	41
1619	16	19	16-18-20-19	47	3	141
1620	16	20	16-18-20	32	2	64
170	17	0	17-15-10-5-2-0	1	5	5
171	17	1	17-15-10-5-2-1	48	5	240
172	17	2	17-15-10-5-2	40	4	160
173	17	3	17-15-10-5-4-3	17	5	85
174	17	4	17-15-10-5-4	22	4	88
175	17	5	17-15-10-5	19	3	57
176	17	6	17-15-10-5-6	0	4	0
177	17	7	17-15-14-9-7	16	4	64
178	17	8	17-15-14-9-7-8	1	5	5
179	17	9	17-15-14-9	17	3	51
1710	17	10	17-15-10	19	2	38
1711	17	11	17-15-14-13-12-11	17	5	85
1712	17	12	17-15-14-13-12	9	4	36
1713	17	13	17-15-14-13	4	3	12
1714	17	14	17-15-14	42	2	84
1715	17	15	17-15	47	1	47
1716	17	16	17-19-20-18-16	29	4	116
1718	17	18	17-19-20-18	9	3	27
1719	17	19	17-19	17	1	17
1720	17	20	17-19-20	0	2	0
180	18	0	18-16-12-11-8-7-1-0	40	7	280
181	18	1	18-16-12-11-8-7-1	24	6	144
182	18	2	18-16-12-11-8-7-1-2	3	7	21
183	18	3	18-16-12-11-8-7-1-3	45	7	315
184	18	4	18-20-19-17-15-10-5-4	34	7	238
185	18	5	18-20-19-17-15-10-5	11	6	66
186	18	6	18-16-12-11-8-7-6	37	6	222
187	18	7	18-16-12-11-8-7	45	5	225
188	18	8	18-16-12-11-8	31	4	124
189	18	9	18-16-12-13-14-9	17	5	85
1810	18	10	18-20-19-17-15-10	39	5	195
1811	18	11	18-16-12-11	34	3	102
1812	18	12	18-16-12	24	2	48
1813	18	13	18-16-12-13	3	3	9
1814	18	14	18-16-12-13-14	18	4	72
1815	18	15	18-20-19-17-15	47	4	188
1816	18	16	18-16	12	1	12
1817	18	17	18-20-19-17	48	3	144
1819	18	19	18-20-19	43	2	86
1820	18	20	18-20	45	1	45
190	19	0	19-17-15-10-5-2-0	10	6	60
191	19	1	19-17-15-10-5-2-1	24	6	144
192	19	2	19-17-15-10-5-2	23	5	115
193	19	3	19-17-15-10-5-4-3	48	6	288
194	19	4	19-17-15-10-5-4	22	5	110
195	19	5	19-17-15-10-5	2	4	8
196	19	6	19-17-15-10-5-6	47	5	235
197	19	7	19-17-15-14-9-7	32	5	160
198	19	8	19-20-18-16-12-11-8	6	6	36
199	19	9	19-17-15-14-9	1	4	4
1910	19	10	19-17-15-10	17	3	51
1911	19	11	19-20-18-16-12-11	8	5	40
1912	19	12	19-20-18-16-12	30	4	120
1913	19	13	19-17-15-14-13	41	4	164
1914	19	14	19-17-15-14	20	3	60
1915	19	15	19-17-15	34	2	68
1916	19	16	19-20-18-16	5	3	15
1917	19	17	19-17	41	1	41
1918	19	18	19-20-18	9	2	18
1920	19	20	19-20	18	1	18
200	20	0	20-19-17-15-10-5-2-0	1	7	7
201	20	1	20-19-17-15-10-5-2-1	2	7	14
202	20	2	20-19-17-15-10-5-2	16	6	96
203	20	3	20-19-17-15-10-5-4-3	3	7	21
204	20	4	20-19-17-15-10-5-4	25	6	150
205	20	5	20-19-17-15-10-5	5	5	25
206	20	6	20-19-17-15-10-5-6	15	6	90
207	20	7	20-18-16-12-11-8-7	35	6	210
208	20	8	20-18-16-12-11-8	48	5	240
209	20	9	20-19-17-15-14-9	42	5	210
2010	20	10	20-19-17-15-10	26	4	104
2011	20	11	20-18-16-12-11	23	4	92
2012	20	12	20-18-16-12	40	3	120
2013	20	13	20-18-16-12-13	19	4	76
2014	20	14	20-19-17-15-14	14	4	56
2015	20	15	20-19-17-15	22	3	66
2016	20	16	20-18-16	2	2	4
2017	20	17	20-19-17	20	2	40
2018	20	18	20-18	40	1	40
2019	20	19	20-19	19	1	19
