01	0	1	0-1	100	1346	134600
01	0	1	0-2-1	100	2794	279400
01	0	1	0-3-4-6-7-1	100	7177	717700
01	0	1	0-2-5-8-9-7-1	100	8227	822700
02	0	2	0-2	100	2024	202400
02	0	2	0-1-2	100	2116	211600
02	0	2	0-1-7-9-8-5-2	100	7549	754900
02	0	2	0-3-4-6-7-1-2	100	7947	794700
03	0	3	0-3	100	3414	341400
03	0	3	0-1-7-6-4-3	100	5109	510900
03	0	3	0-2-1-7-6-4-3	100	6557	655700
03	0	3	0-2-5-4-3	100	6906	690600
04	0	4	0-1-7-6-4	100	4261	426100
04	0	4	0-3-4	100	4262	426200
04	0	4	0-2-1-7-6-4	100	5709	570900
04	0	4	0-2-5-4	100	6058	605800
05	0	5	0-2-5	100	4397	439700
05	0	5	0-1-2-5	100	4489	448900
05	0	5	0-1-7-9-8-5	100	5176	517600
05	0	5	0-1-7-6-4-5	100	5922	592200
06	0	6	0-1-7-6	100	3456	345600
06	0	6	0-2-1-7-6	100	4904	490400
06	0	6	0-3-4-6	100	5067	506700
06	0	6	0-2-5-4-6	100	6863	686300
07	0	7	0-1-7	100	2578	257800
07	0	7	0-2-1-7	100	4026	402600
07	0	7	0-3-4-6-7	100	5945	594500
07	0	7	0-2-5-8-9-7	100	6995	699500
08	0	8	0-1-7-9-8	100	3897	389700
08	0	8	0-2-1-7-9-8	100	5345	534500
08	0	8	0-2-5-8	100	5676	567600
08	0	8	0-1-2-5-8	100	5768	576800
09	0	9	0-1-7-9	100	3355	335500
09	0	9	0-2-1-7-9	100	4803	480300
09	0	9	0-2-5-8-9	100	6218	621800
09	0	9	0-1-2-5-8-9	100	6310	631000
010	0	10	0-1-7-9-11-10	100	4641	464100
010	0	10	0-1-7-9-13-10	100	4654	465400
010	0	10	0-1-7-9-13-12-11-10	100	5999	599900
010	0	10	0-3-10	100	6030	603000
011	0	11	0-1-7-9-11	100	4346	434600
011	0	11	0-1-7-9-13-10-11	100	4949	494900
011	0	11	0-1-7-9-13-12-11	100	5704	570400
011	0	11	0-2-1-7-9-11	100	5794	579400
012	0	12	0-1-7-9-13-12	100	4600	460000
012	0	12	0-1-7-9-11-12	100	5450	545000
012	0	12	0-1-7-9-11-10-13-12	100	5717	571700
012	0	12	0-2-1-7-9-13-12	100	6048	604800
013	0	13	0-1-7-9-13	100	4089	408900
013	0	13	0-1-7-9-11-10-13	100	5206	520600
013	0	13	0-2-1-7-9-13	100	5537	553700
013	0	13	0-1-7-9-11-12-13	100	5961	596100
10	1	0	1-0	100	1346	134600
10	1	0	1-2-0	100	2794	279400
10	1	0	1-7-6-4-3-0	100	7177	717700
10	1	0	1-7-9-8-5-2-0	100	8227	822700
12	1	2	1-2	100	770	77000
12	1	2	1-0-2	100	3370	337000
12	1	2	1-7-9-8-5-2	100	6203	620300
12	1	2	1-7-6-4-5-2	100	6949	694900
13	1	3	1-7-6-4-3	100	3763	376300
13	1	3	1-0-3	100	4760	476000
13	1	3	1-2-5-4-3	100	5652	565200
13	1	3	1-7-9-11-10-3	100	5911	591100
14	1	4	1-7-6-4	100	2915	291500
14	1	4	1-2-5-4	100	4804	480400
14	1	4	1-7-9-8-5-4	100	5491	549100
14	1	4	1-0-3-4	100	5608	560800
15	1	5	1-2-5	100	3143	314300
15	1	5	1-7-9-8-5	100	3830	383000
15	1	5	1-7-6-4-5	100	4576	457600
15	1	5	1-7-9-13-12-5	100	5539	553900
16	1	6	1-7-6	100	2110	211000
16	1	6	1-2-5-4-6	100	5609	560900
16	1	6	1-7-9-8-5-4-6	100	6296	629600
16	1	6	1-0-3-4-6	100	6413	641300
17	1	7	1-7	100	1232	123200
17	1	7	1-2-5-8-9-7	100	5741	574100
17	1	7	1-2-5-4-6-7	100	6487	648700
17	1	7	1-0-3-4-6-7	100	7291	729100
18	1	8	1-7-9-8	100	2551	255100
18	1	8	1-2-5-8	100	4422	442200
18	1	8	1-7-6-4-5-8	100	5855	585500
18	1	8	1-7-9-13-12-5-8	100	6818	681800
19	1	9	1-7-9	100	2009	200900
19	1	9	1-2-5-8-9	100	4964	496400
19	1	9	1-7-6-4-5-8-9	100	6397	639700
19	1	9	1-2-5-12-13-9	100	6673	667300
110	1	10	1-7-9-11-10	100	3295	329500
110	1	10	1-7-9-13-10	100	3308	330800
110	1	10	1-7-9-13-12-11-10	100	4653	465300
110	1	10	1-7-9-11-12-13-10	100	5180	518000
111	1	11	1-7-9-11	100	3000	300000
111	1	11	1-7-9-13-10-11	100	3603	360300
111	1	11	1-7-9-13-12-11	100	4358	435800
111	1	11	1-2-5-8-9-11	100	5955	595500
112	1	12	1-7-9-13-12	100	3254	325400
112	1	12	1-7-9-11-12	100	4104	410400
112	1	12	1-7-9-11-10-13-12	100	4371	437100
112	1	12	1-7-9-13-10-11-12	100	4707	470700
113	1	13	1-7-9-13	100	2743	274300
113	1	13	1-7-9-11-10-13	100	3860	386000
113	1	13	1-7-9-11-12-13	100	4615	461500
113	1	13	1-2-5-8-9-13	100	5698	569800
20	2	0	2-0	100	2024	202400
20	2	0	2-1-0	100	2116	211600
20	2	0	2-5-8-9-7-1-0	100	7549	754900
20	2	0	2-1-7-6-4-3-0	100	7947	794700
21	2	1	2-1	100	770	77000
21	2	1	2-0-1	100	3370	337000
21	2	1	2-5-8-9-7-1	100	6203	620300
21	2	1	2-5-4-6-7-1	100	6949	694900
23	2	3	2-1-7-6-4-3	100	4533	453300
23	2	3	2-5-4-3	100	4882	488200
23	2	3	2-0-3	100	5438	543800
23	2	3	2-1-0-3	100	5530	553000
24	2	4	2-1-7-6-4	100	3685	368500
24	2	4	2-5-4	100	4034	403400
24	2	4	2-1-7-9-8-5-4	100	6261	626100
24	2	4	2-0-1-7-6-4	100	6285	628500
25	2	5	2-5	100	2373	237300
25	2	5	2-1-7-9-8-5	100	4600	460000
25	2	5	2-1-7-6-4-5	100	5346	534600
25	2	5	2-1-7-9-13-12-5	100	6309	630900
26	2	6	2-1-7-6	100	2880	288000
26	2	6	2-5-4-6	100	4839	483900
26	2	6	2-0-1-7-6	100	5480	548000
26	2	6	2-5-8-9-7-6	100	5849	584900
27	2	7	2-1-7	100	2002	200200
27	2	7	2-0-1-7	100	4602	460200
27	2	7	2-5-8-9-7	100	4971	497100
27	2	7	2-5-4-6-7	100	5717	571700
28	2	8	2-1-7-9-8	100	3321	332100
28	2	8	2-5-8	100	3652	365200
28	2	8	2-0-1-7-9-8	100	5921	592100
28	2	8	2-5-12-13-9-8	100	6445	644500
29	2	9	2-1-7-9	100	2779	277900
29	2	9	2-5-8-9	100	4194	419400
29	2	9	2-0-1-7-9	100	5379	537900
29	2	9	2-5-12-13-9	100	5903	590300
210	2	10	2-1-7-9-11-10	100	4065	406500
210	2	10	2-1-7-9-13-10	100	4078	407800
210	2	10	2-1-7-9-13-12-11-10	100	5423	542300
210	2	10	2-5-8-9-11-10	100	5480	548000
211	2	11	2-1-7-9-11	100	3770	377000
211	2	11	2-1-7-9-13-10-11	100	4373	437300
211	2	11	2-1-7-9-13-12-11	100	5128	512800
211	2	11	2-5-8-9-11	100	5185	518500
212	2	12	2-1-7-9-13-12	100	4024	402400
212	2	12	2-5-12	100	4658	465800
212	2	12	2-1-7-9-11-12	100	4874	487400
212	2	12	2-1-7-9-11-10-13-12	100	5141	514100
213	2	13	2-1-7-9-13	100	3513	351300
213	2	13	2-1-7-9-11-10-13	100	4630	463000
213	2	13	2-5-8-9-13	100	4928	492800
213	2	13	2-5-12-13	100	5169	516900
30	3	0	3-0	100	3414	341400
30	3	0	3-4-6-7-1-0	100	5109	510900
30	3	0	3-4-6-7-1-2-0	100	6557	655700
30	3	0	3-4-5-2-0	100	6906	690600
31	3	1	3-4-6-7-1	100	3763	376300
31	3	1	3-0-1	100	4760	476000
31	3	1	3-4-5-2-1	100	5652	565200
31	3	1	3-10-11-9-7-1	100	5911	591100
32	3	2	3-4-6-7-1-2	100	4533	453300
32	3	2	3-4-5-2	100	4882	488200
32	3	2	3-0-2	100	5438	543800
32	3	2	3-0-1-2	100	5530	553000
34	3	4	3-4	100	848	84800
34	3	4	3-10-11-9-7-6-4	100	6362	636200
34	3	4	3-10-13-9-7-6-4	100	6375	637500
34	3	4	3-10-11-9-8-5-4	100	7384	738400
35	3	5	3-4-5	100	2509	250900
35	3	5	3-4-6-7-9-8-5	100	5129	512900
35	3	5	3-10-11-9-8-5	100	5723	572300
35	3	5	3-10-13-9-8-5	100	5736	573600
36	3	6	3-4-6	100	1653	165300
36	3	6	3-10-11-9-7-6	100	5557	555700
36	3	6	3-10-13-9-7-6	100	5570	557000
36	3	6	3-4-5-8-9-7-6	100	5985	598500
37	3	7	3-4-6-7	100	2531	253100
37	3	7	3-10-11-9-7	100	4679	467900
37	3	7	3-10-13-9-7	100	4692	469200
37	3	7	3-4-5-8-9-7	100	5107	510700
38	3	8	3-4-5-8	100	3788	378800
38	3	8	3-4-6-7-9-8	100	3850	385000
38	3	8	3-10-11-9-8	100	4444	444400
38	3	8	3-10-13-9-8	100	4457	445700
39	3	9	3-4-6-7-9	100	3308	330800
39	3	9	3-10-11-9	100	3902	390200
39	3	9	3-10-13-9	100	3915	391500
39	3	9	3-4-5-8-9	100	4330	433000
310	3	10	3-10	100	2616	261600
310	3	10	3-4-6-7-9-11-10	100	4594	459400
310	3	10	3-4-6-7-9-13-10	100	4607	460700
310	3	10	3-4-5-8-9-11-10	100	5616	561600
311	3	11	3-10-11	100	2911	291100
311	3	11	3-4-6-7-9-11	100	4299	429900
311	3	11	3-10-13-12-11	100	4796	479600
311	3	11	3-4-6-7-9-13-10-11	100	4902	490200
312	3	12	3-10-13-12	100	3692	369200
312	3	12	3-10-11-12	100	4015	401500
312	3	12	3-4-6-7-9-13-12	100	4553	455300
312	3	12	3-4-5-12	100	4794	479400
313	3	13	3-10-13	100	3181	318100
313	3	13	3-4-6-7-9-13	100	4042	404200
313	3	13	3-10-11-12-13	100	4526	452600
313	3	13	3-10-11-9-13	100	4636	463600
40	4	0	4-6-7-1-0	100	4261	426100
40	4	0	4-3-0	100	4262	426200
40	4	0	4-6-7-1-2-0	100	5709	570900
40	4	0	4-5-2-0	100	6058	605800
41	4	1	4-6-7-1	100	2915	291500
41	4	1	4-5-2-1	100	4804	480400
41	4	1	4-5-8-9-7-1	100	5491	549100
41	4	1	4-3-0-1	100	5608	560800
42	4	2	4-6-7-1-2	100	3685	368500
42	4	2	4-5-2	100	4034	403400
42	4	2	4-5-8-9-7-1-2	100	6261	626100
42	4	2	4-6-7-1-0-2	100	6285	628500
43	4	3	4-3	100	848	84800
43	4	3	4-6-7-9-11-10-3	100	6362	636200
43	4	3	4-6-7-9-13-10-3	100	6375	637500
43	4	3	4-5-8-9-11-10-3	100	7384	738400
45	4	5	4-5	100	1661	166100
45	4	5	4-6-7-9-8-5	100	4281	428100
45	4	5	4-6-7-9-13-12-5	100	5990	599000
45	4	5	4-6-7-1-2-5	100	6058	605800
46	4	6	4-6	100	805	80500
46	4	6	4-5-8-9-7-6	100	5137	513700
46	4	6	4-3-10-11-9-7-6	100	6405	640500
46	4	6	4-3-10-13-9-7-6	100	6418	641800
47	4	7	4-6-7	100	1683	168300
47	4	7	4-5-8-9-7	100	4259	425900
47	4	7	4-3-10-11-9-7	100	5527	552700
47	4	7	4-3-10-13-9-7	100	5540	554000
48	4	8	4-5-8	100	2940	294000
48	4	8	4-6-7-9-8	100	3002	300200
48	4	8	4-3-10-11-9-8	100	5292	529200
48	4	8	4-3-10-13-9-8	100	5305	530500
49	4	9	4-6-7-9	100	2460	246000
49	4	9	4-5-8-9	100	3482	348200
49	4	9	4-3-10-11-9	100	4750	475000
49	4	9	4-3-10-13-9	100	4763	476300
410	4	10	4-3-10	100	3464	346400
410	4	10	4-6-7-9-11-10	100	3746	374600
410	4	10	4-6-7-9-13-10	100	3759	375900
410	4	10	4-5-8-9-11-10	100	4768	476800
411	4	11	4-6-7-9-11	100	3451	345100
411	4	11	4-3-10-11	100	3759	375900
411	4	11	4-6-7-9-13-10-11	100	4054	405400
411	4	11	4-5-8-9-11	100	4473	447300
412	4	12	4-6-7-9-13-12	100	3705	370500
412	4	12	4-5-12	100	3946	394600
412	4	12	4-3-10-13-12	100	4540	454000
412	4	12	4-6-7-9-11-12	100	4555	455500
413	4	13	4-6-7-9-13	100	3194	319400
413	4	13	4-3-10-13	100	4029	402900
413	4	13	4-5-8-9-13	100	4216	421600
413	4	13	4-6-7-9-11-10-13	100	4311	431100
50	5	0	5-2-0	100	4397	439700
50	5	0	5-2-1-0	100	4489	448900
50	5	0	5-8-9-7-1-0	100	5176	517600
50	5	0	5-4-6-7-1-0	100	5922	592200
51	5	1	5-2-1	100	3143	314300
51	5	1	5-8-9-7-1	100	3830	383000
51	5	1	5-4-6-7-1	100	4576	457600
51	5	1	5-12-13-9-7-1	100	5539	553900
52	5	2	5-2	100	2373	237300
52	5	2	5-8-9-7-1-2	100	4600	460000
52	5	2	5-4-6-7-1-2	100	5346	534600
52	5	2	5-12-13-9-7-1-2	100	6309	630900
53	5	3	5-4-3	100	2509	250900
53	5	3	5-8-9-7-6-4-3	100	5129	512900
53	5	3	5-8-9-11-10-3	100	5723	572300
53	5	3	5-8-9-13-10-3	100	5736	573600
54	5	4	5-4	100	1661	166100
54	5	4	5-8-9-7-6-4	100	4281	428100
54	5	4	5-12-13-9-7-6-4	100	5990	599000
54	5	4	5-2-1-7-6-4	100	6058	605800
56	5	6	5-4-6	100	2466	246600
56	5	6	5-8-9-7-6	100	3476	347600
56	5	6	5-12-13-9-7-6	100	5185	518500
56	5	6	5-2-1-7-6	100	5253	525300
57	5	7	5-8-9-7	100	2598	259800
57	5	7	5-4-6-7	100	3344	334400
57	5	7	5-12-13-9-7	100	4307	430700
57	5	7	5-2-1-7	100	4375	437500
58	5	8	5-8	100	1279	127900
58	5	8	5-12-13-9-8	100	4072	407200
58	5	8	5-4-6-7-9-8	100	4663	466300
58	5	8	5-12-11-9-8	100	4922	492200
59	5	9	5-8-9	100	1821	182100
59	5	9	5-12-13-9	100	3530	353000
59	5	9	5-4-6-7-9	100	4121	412100
59	5	9	5-12-11-9	100	4380	438000
510	5	10	5-8-9-11-10	100	3107	310700
510	5	10	5-8-9-13-10	100	3120	312000
510	5	10	5-12-13-10	100	3361	336100
510	5	10	5-12-11-10	100	3684	368400
511	5	11	5-8-9-11	100	2812	281200
511	5	11	5-12-11	100	3389	338900
511	5	11	5-8-9-13-10-11	100	3415	341500
511	5	11	5-12-13-10-11	100	3656	365600
512	5	12	5-12	100	2285	228500
512	5	12	5-8-9-13-12	100	3066	306600
512	5	12	5-8-9-11-12	100	3916	391600
512	5	12	5-8-9-11-10-13-12	100	4183	418300
513	5	13	5-8-9-13	100	2555	255500
513	5	13	5-12-13	100	2796	279600
513	5	13	5-8-9-11-10-13	100	3672	367200
513	5	13	5-12-11-10-13	100	4249	424900
60	6	0	6-7-1-0	100	3456	345600
60	6	0	6-7-1-2-0	100	4904	490400
60	6	0	6-4-3-0	100	5067	506700
60	6	0	6-4-5-2-0	100	6863	686300
61	6	1	6-7-1	100	2110	211000
61	6	1	6-4-5-2-1	100	5609	560900
61	6	1	6-4-5-8-9-7-1	100	6296	629600
61	6	1	6-4-3-0-1	100	6413	641300
62	6	2	6-7-1-2	100	2880	288000
62	6	2	6-4-5-2	100	4839	483900
62	6	2	6-7-1-0-2	100	5480	548000
62	6	2	6-7-9-8-5-2	100	5849	584900
63	6	3	6-4-3	100	1653	165300
63	6	3	6-7-9-11-10-3	100	5557	555700
63	6	3	6-7-9-13-10-3	100	5570	557000
63	6	3	6-7-9-8-5-4-3	100	5985	598500
64	6	4	6-4	100	805	80500
64	6	4	6-7-9-8-5-4	100	5137	513700
64	6	4	6-7-9-11-10-3-4	100	6405	640500
64	6	4	6-7-9-13-10-3-4	100	6418	641800
65	6	5	6-4-5	100	2466	246600
65	6	5	6-7-9-8-5	100	3476	347600
65	6	5	6-7-9-13-12-5	100	5185	518500
65	6	5	6-7-1-2-5	100	5253	525300
67	6	7	6-7	100	878	87800
67	6	7	6-4-5-8-9-7	100	5064	506400
67	6	7	6-4-3-10-11-9-7	100	6332	633200
67	6	7	6-4-3-10-13-9-7	100	6345	634500
68	6	8	6-7-9-8	100	2197	219700
68	6	8	6-4-5-8	100	3745	374500
68	6	8	6-4-3-10-11-9-8	100	6097	609700
68	6	8	6-4-3-10-13-9-8	100	6110	611000
69	6	9	6-7-9	100	1655	165500
69	6	9	6-4-5-8-9	100	4287	428700
69	6	9	6-4-3-10-11-9	100	5555	555500
69	6	9	6-4-3-10-13-9	100	5568	556800
610	6	10	6-7-9-11-10	100	2941	294100
610	6	10	6-7-9-13-10	100	2954	295400
610	6	10	6-4-3-10	100	4269	426900
610	6	10	6-7-9-13-12-11-10	100	4299	429900
611	6	11	6-7-9-11	100	2646	264600
611	6	11	6-7-9-13-10-11	100	3249	324900
611	6	11	6-7-9-13-12-11	100	4004	400400
611	6	11	6-4-3-10-11	100	4564	456400
612	6	12	6-7-9-13-12	100	2900	290000
612	6	12	6-7-9-11-12	100	3750	375000
612	6	12	6-7-9-11-10-13-12	100	4017	401700
612	6	12	6-7-9-13-10-11-12	100	4353	435300
613	6	13	6-7-9-13	100	2389	238900
613	6	13	6-7-9-11-10-13	100	3506	350600
613	6	13	6-7-9-11-12-13	100	4261	426100
613	6	13	6-4-3-10-13	100	4834	483400
70	7	0	7-1-0	100	2578	257800
70	7	0	7-1-2-0	100	4026	402600
70	7	0	7-6-4-3-0	100	5945	594500
70	7	0	7-9-8-5-2-0	100	6995	699500
71	7	1	7-1	100	1232	123200
71	7	1	7-9-8-5-2-1	100	5741	574100
71	7	1	7-6-4-5-2-1	100	6487	648700
71	7	1	7-6-4-3-0-1	100	7291	729100
72	7	2	7-1-2	100	2002	200200
72	7	2	7-1-0-2	100	4602	460200
72	7	2	7-9-8-5-2	100	4971	497100
72	7	2	7-6-4-5-2	100	5717	571700
73	7	3	7-6-4-3	100	2531	253100
73	7	3	7-9-11-10-3	100	4679	467900
73	7	3	7-9-13-10-3	100	4692	469200
73	7	3	7-9-8-5-4-3	100	5107	510700
74	7	4	7-6-4	100	1683	168300
74	7	4	7-9-8-5-4	100	4259	425900
74	7	4	7-9-11-10-3-4	100	5527	552700
74	7	4	7-9-13-10-3-4	100	5540	554000
75	7	5	7-9-8-5	100	2598	259800
75	7	5	7-6-4-5	100	3344	334400
75	7	5	7-9-13-12-5	100	4307	430700
75	7	5	7-1-2-5	100	4375	437500
76	7	6	7-6	100	878	87800
76	7	6	7-9-8-5-4-6	100	5064	506400
76	7	6	7-9-11-10-3-4-6	100	6332	633200
76	7	6	7-9-13-10-3-4-6	100	6345	634500
78	7	8	7-9-8	100	1319	131900
78	7	8	7-6-4-5-8	100	4623	462300
78	7	8	7-9-13-12-5-8	100	5586	558600
78	7	8	7-1-2-5-8	100	5654	565400
79	7	9	7-9	100	777	77700
79	7	9	7-6-4-5-8-9	100	5165	516500
79	7	9	7-1-2-5-8-9	100	6196	619600
79	7	9	7-6-4-3-10-11-9	100	6433	643300
710	7	10	7-9-11-10	100	2063	206300
710	7	10	7-9-13-10	100	2076	207600
710	7	10	7-9-13-12-11-10	100	3421	342100
710	7	10	7-9-11-12-13-10	100	3948	394800
711	7	11	7-9-11	100	1768	176800
711	7	11	7-9-13-10-11	100	2371	237100
711	7	11	7-9-13-12-11	100	3126	312600
711	7	11	7-6-4-3-10-11	100	5442	544200
712	7	12	7-9-13-12	100	2022	202200
712	7	12	7-9-11-12	100	2872	287200
712	7	12	7-9-11-10-13-12	100	3139	313900
712	7	12	7-9-13-10-11-12	100	3475	347500
713	7	13	7-9-13	100	1511	151100
713	7	13	7-9-11-10-13	100	2628	262800
713	7	13	7-9-11-12-13	100	3383	338300
713	7	13	7-9-8-5-12-13	100	5394	539400
80	8	0	8-9-7-1-0	100	3897	389700
80	8	0	8-9-7-1-2-0	100	5345	534500
80	8	0	8-5-2-0	100	5676	567600
80	8	0	8-5-2-1-0	100	5768	576800
81	8	1	8-9-7-1	100	2551	255100
81	8	1	8-5-2-1	100	4422	442200
81	8	1	8-5-4-6-7-1	100	5855	585500
81	8	1	8-5-12-13-9-7-1	100	6818	681800
82	8	2	8-9-7-1-2	100	3321	332100
82	8	2	8-5-2	100	3652	365200
82	8	2	8-9-7-1-0-2	100	5921	592100
82	8	2	8-9-13-12-5-2	100	6445	644500
83	8	3	8-5-4-3	100	3788	378800
83	8	3	8-9-7-6-4-3	100	3850	385000
83	8	3	8-9-11-10-3	100	4444	444400
83	8	3	8-9-13-10-3	100	4457	445700
84	8	4	8-5-4	100	2940	294000
84	8	4	8-9-7-6-4	100	3002	300200
84	8	4	8-9-11-10-3-4	100	5292	529200
84	8	4	8-9-13-10-3-4	100	5305	530500
85	8	5	8-5	100	1279	127900
85	8	5	8-9-13-12-5	100	4072	407200
85	8	5	8-9-7-6-4-5	100	4663	466300
85	8	5	8-9-11-12-5	100	4922	492200
86	8	6	8-9-7-6	100	2197	219700
86	8	6	8-5-4-6	100	3745	374500
86	8	6	8-9-11-10-3-4-6	100	6097	609700
86	8	6	8-9-13-10-3-4-6	100	6110	611000
87	8	7	8-9-7	100	1319	131900
87	8	7	8-5-4-6-7	100	4623	462300
87	8	7	8-5-12-13-9-7	100	5586	558600
87	8	7	8-5-2-1-7	100	5654	565400
89	8	9	8-9	100	542	54200
89	8	9	8-5-12-13-9	100	4809	480900
89	8	9	8-5-4-6-7-9	100	5400	540000
89	8	9	8-5-12-11-9	100	5659	565900
810	8	10	8-9-11-10	100	1828	182800
810	8	10	8-9-13-10	100	1841	184100
810	8	10	8-9-13-12-11-10	100	3186	318600
810	8	10	8-9-11-12-13-10	100	3713	371300
811	8	11	8-9-11	100	1533	153300
811	8	11	8-9-13-10-11	100	2136	213600
811	8	11	8-9-13-12-11	100	2891	289100
811	8	11	8-5-12-11	100	4668	466800
812	8	12	8-9-13-12	100	1787	178700
812	8	12	8-9-11-12	100	2637	263700
812	8	12	8-9-11-10-13-12	100	2904	290400
812	8	12	8-9-13-10-11-12	100	3240	324000
813	8	13	8-9-13	100	1276	127600
813	8	13	8-9-11-10-13	100	2393	239300
813	8	13	8-9-11-12-13	100	3148	314800
813	8	13	8-5-12-13	100	4075	407500
90	9	0	9-7-1-0	100	3355	335500
90	9	0	9-7-1-2-0	100	4803	480300
90	9	0	9-8-5-2-0	100	6218	621800
90	9	0	9-8-5-2-1-0	100	6310	631000
91	9	1	9-7-1	100	2009	200900
91	9	1	9-8-5-2-1	100	4964	496400
91	9	1	9-8-5-4-6-7-1	100	6397	639700
91	9	1	9-13-12-5-2-1	100	6673	667300
92	9	2	9-7-1-2	100	2779	277900
92	9	2	9-8-5-2	100	4194	419400
92	9	2	9-7-1-0-2	100	5379	537900
92	9	2	9-13-12-5-2	100	5903	590300
93	9	3	9-7-6-4-3	100	3308	330800
93	9	3	9-11-10-3	100	3902	390200
93	9	3	9-13-10-3	100	3915	391500
93	9	3	9-8-5-4-3	100	4330	433000
94	9	4	9-7-6-4	100	2460	246000
94	9	4	9-8-5-4	100	3482	348200
94	9	4	9-11-10-3-4	100	4750	475000
94	9	4	9-13-10-3-4	100	4763	476300
95	9	5	9-8-5	100	1821	182100
95	9	5	9-13-12-5	100	3530	353000
95	9	5	9-7-6-4-5	100	4121	412100
95	9	5	9-11-12-5	100	4380	438000
96	9	6	9-7-6	100	1655	165500
96	9	6	9-8-5-4-6	100	4287	428700
96	9	6	9-11-10-3-4-6	100	5555	555500
96	9	6	9-13-10-3-4-6	100	5568	556800
97	9	7	9-7	100	777	77700
97	9	7	9-8-5-4-6-7	100	5165	516500
97	9	7	9-8-5-2-1-7	100	6196	619600
97	9	7	9-11-10-3-4-6-7	100	6433	643300
98	9	8	9-8	100	542	54200
98	9	8	9-13-12-5-8	100	4809	480900
98	9	8	9-7-6-4-5-8	100	5400	540000
98	9	8	9-11-12-5-8	100	5659	565900
910	9	10	9-11-10	100	1286	128600
910	9	10	9-13-10	100	1299	129900
910	9	10	9-13-12-11-10	100	2644	264400
910	9	10	9-11-12-13-10	100	3171	317100
911	9	11	9-11	100	991	99100
911	9	11	9-13-10-11	100	1594	159400
911	9	11	9-13-12-11	100	2349	234900
911	9	11	9-8-5-12-11	100	5210	521000
912	9	12	9-13-12	100	1245	124500
912	9	12	9-11-12	100	2095	209500
912	9	12	9-11-10-13-12	100	2362	236200
912	9	12	9-13-10-11-12	100	2698	269800
913	9	13	9-13	100	734	73400
913	9	13	9-11-10-13	100	1851	185100
913	9	13	9-11-12-13	100	2606	260600
913	9	13	9-8-5-12-13	100	4617	461700
100	10	0	10-11-9-7-1-0	100	4641	464100
100	10	0	10-13-9-7-1-0	100	4654	465400
100	10	0	10-11-12-13-9-7-1-0	100	5999	599900
100	10	0	10-3-0	100	6030	603000
101	10	1	10-11-9-7-1	100	3295	329500
101	10	1	10-13-9-7-1	100	3308	330800
101	10	1	10-11-12-13-9-7-1	100	4653	465300
101	10	1	10-13-12-11-9-7-1	100	5180	518000
102	10	2	10-11-9-7-1-2	100	4065	406500
102	10	2	10-13-9-7-1-2	100	4078	407800
102	10	2	10-11-12-13-9-7-1-2	100	5423	542300
102	10	2	10-11-9-8-5-2	100	5480	548000
103	10	3	10-3	100	2616	261600
103	10	3	10-11-9-7-6-4-3	100	4594	459400
103	10	3	10-13-9-7-6-4-3	100	4607	460700
103	10	3	10-11-9-8-5-4-3	100	5616	561600
104	10	4	10-3-4	100	3464	346400
104	10	4	10-11-9-7-6-4	100	3746	374600
104	10	4	10-13-9-7-6-4	100	3759	375900
104	10	4	10-11-9-8-5-4	100	4768	476800
105	10	5	10-11-9-8-5	100	3107	310700
105	10	5	10-13-9-8-5	100	3120	312000
105	10	5	10-13-12-5	100	3361	336100
105	10	5	10-11-12-5	100	3684	368400
106	10	6	10-11-9-7-6	100	2941	294100
106	10	6	10-13-9-7-6	100	2954	295400
106	10	6	10-3-4-6	100	4269	426900
106	10	6	10-11-12-13-9-7-6	100	4299	429900
107	10	7	10-11-9-7	100	2063	206300
107	10	7	10-13-9-7	100	2076	207600
107	10	7	10-11-12-13-9-7	100	3421	342100
107	10	7	10-13-12-11-9-7	100	3948	394800
108	10	8	10-11-9-8	100	1828	182800
108	10	8	10-13-9-8	100	1841	184100
108	10	8	10-11-12-13-9-8	100	3186	318600
108	10	8	10-13-12-11-9-8	100	3713	371300
109	10	9	10-11-9	100	1286	128600
109	10	9	10-13-9	100	1299	129900
109	10	9	10-11-12-13-9	100	2644	264400
109	10	9	10-13-12-11-9	100	3171	317100
1011	10	11	10-11	100	295	29500
1011	10	11	10-13-12-11	100	2180	218000
1011	10	11	10-13-9-11	100	2290	229000
1011	10	11	10-13-12-5-8-9-11	100	6173	617300
1012	10	12	10-13-12	100	1076	107600
1012	10	12	10-11-12	100	1399	139900
1012	10	12	10-11-9-13-12	100	2531	253100
1012	10	12	10-13-9-11-12	100	3394	339400
1013	10	13	10-13	100	565	56500
1013	10	13	10-11-12-13	100	1910	191000
1013	10	13	10-11-9-13	100	2020	202000
1013	10	13	10-11-9-8-5-12-13	100	5903	590300
110	11	0	11-9-7-1-0	100	4346	434600
110	11	0	11-10-13-9-7-1-0	100	4949	494900
110	11	0	11-12-13-9-7-1-0	100	5704	570400
110	11	0	11-9-7-1-2-0	100	5794	579400
111	11	1	11-9-7-1	100	3000	300000
111	11	1	11-10-13-9-7-1	100	3603	360300
111	11	1	11-12-13-9-7-1	100	4358	435800
111	11	1	11-9-8-5-2-1	100	5955	595500
112	11	2	11-9-7-1-2	100	3770	377000
112	11	2	11-10-13-9-7-1-2	100	4373	437300
112	11	2	11-12-13-9-7-1-2	100	5128	512800
112	11	2	11-9-8-5-2	100	5185	518500
113	11	3	11-10-3	100	2911	291100
113	11	3	11-9-7-6-4-3	100	4299	429900
113	11	3	11-12-13-10-3	100	4796	479600
113	11	3	11-10-13-9-7-6-4-3	100	4902	490200
114	11	4	11-9-7-6-4	100	3451	345100
114	11	4	11-10-3-4	100	3759	375900
114	11	4	11-10-13-9-7-6-4	100	4054	405400
114	11	4	11-9-8-5-4	100	4473	447300
115	11	5	11-9-8-5	100	2812	281200
115	11	5	11-12-5	100	3389	338900
115	11	5	11-10-13-9-8-5	100	3415	341500
115	11	5	11-10-13-12-5	100	3656	365600
116	11	6	11-9-7-6	100	2646	264600
116	11	6	11-10-13-9-7-6	100	3249	324900
116	11	6	11-12-13-9-7-6	100	4004	400400
116	11	6	11-10-3-4-6	100	4564	456400
117	11	7	11-9-7	100	1768	176800
117	11	7	11-10-13-9-7	100	2371	237100
117	11	7	11-12-13-9-7	100	3126	312600
117	11	7	11-10-3-4-6-7	100	5442	544200
118	11	8	11-9-8	100	1533	153300
118	11	8	11-10-13-9-8	100	2136	213600
118	11	8	11-12-13-9-8	100	2891	289100
118	11	8	11-12-5-8	100	4668	466800
119	11	9	11-9	100	991	99100
119	11	9	11-10-13-9	100	1594	159400
119	11	9	11-12-13-9	100	2349	234900
119	11	9	11-12-5-8-9	100	5210	521000
1110	11	10	11-10	100	295	29500
1110	11	10	11-12-13-10	100	2180	218000
1110	11	10	11-9-13-10	100	2290	229000
1110	11	10	11-9-8-5-12-13-10	100	6173	617300
1112	11	12	11-12	100	1104	110400
1112	11	12	11-10-13-12	100	1371	137100
1112	11	12	11-9-13-12	100	2236	223600
1112	11	12	11-9-8-5-12	100	5097	509700
1113	11	13	11-10-13	100	860	86000
1113	11	13	11-12-13	100	1615	161500
1113	11	13	11-9-13	100	1725	172500
1113	11	13	11-9-8-5-12-13	100	5608	560800
120	12	0	12-13-9-7-1-0	100	4600	460000
120	12	0	12-11-9-7-1-0	100	5450	545000
120	12	0	12-13-10-11-9-7-1-0	100	5717	571700
120	12	0	12-13-9-7-1-2-0	100	6048	604800
121	12	1	12-13-9-7-1	100	3254	325400
121	12	1	12-11-9-7-1	100	4104	410400
121	12	1	12-13-10-11-9-7-1	100	4371	437100
121	12	1	12-11-10-13-9-7-1	100	4707	470700
122	12	2	12-13-9-7-1-2	100	4024	402400
122	12	2	12-5-2	100	4658	465800
122	12	2	12-11-9-7-1-2	100	4874	487400
122	12	2	12-13-10-11-9-7-1-2	100	5141	514100
123	12	3	12-13-10-3	100	3692	369200
123	12	3	12-11-10-3	100	4015	401500
123	12	3	12-13-9-7-6-4-3	100	4553	455300
123	12	3	12-5-4-3	100	4794	479400
124	12	4	12-13-9-7-6-4	100	3705	370500
124	12	4	12-5-4	100	3946	394600
124	12	4	12-13-10-3-4	100	4540	454000
124	12	4	12-11-9-7-6-4	100	4555	455500
125	12	5	12-5	100	2285	228500
125	12	5	12-13-9-8-5	100	3066	306600
125	12	5	12-11-9-8-5	100	3916	391600
125	12	5	12-13-10-11-9-8-5	100	4183	418300
126	12	6	12-13-9-7-6	100	2900	290000
126	12	6	12-11-9-7-6	100	3750	375000
126	12	6	12-13-10-11-9-7-6	100	4017	401700
126	12	6	12-11-10-13-9-7-6	100	4353	435300
127	12	7	12-13-9-7	100	2022	202200
127	12	7	12-11-9-7	100	2872	287200
127	12	7	12-13-10-11-9-7	100	3139	313900
127	12	7	12-11-10-13-9-7	100	3475	347500
128	12	8	12-13-9-8	100	1787	178700
128	12	8	12-11-9-8	100	2637	263700
128	12	8	12-13-10-11-9-8	100	2904	290400
128	12	8	12-11-10-13-9-8	100	3240	324000
129	12	9	12-13-9	100	1245	124500
129	12	9	12-11-9	100	2095	209500
129	12	9	12-13-10-11-9	100	2362	236200
129	12	9	12-11-10-13-9	100	2698	269800
1210	12	10	12-13-10	100	1076	107600
1210	12	10	12-11-10	100	1399	139900
1210	12	10	12-13-9-11-10	100	2531	253100
1210	12	10	12-11-9-13-10	100	3394	339400
1211	12	11	12-11	100	1104	110400
1211	12	11	12-13-10-11	100	1371	137100
1211	12	11	12-13-9-11	100	2236	223600
1211	12	11	12-5-8-9-11	100	5097	509700
1213	12	13	12-13	100	511	51100
1213	12	13	12-11-10-13	100	1964	196400
1213	12	13	12-11-9-13	100	2829	282900
1213	12	13	12-5-8-9-13	100	4840	484000
130	13	0	13-9-7-1-0	100	4089	408900
130	13	0	13-10-11-9-7-1-0	100	5206	520600
130	13	0	13-9-7-1-2-0	100	5537	553700
130	13	0	13-12-11-9-7-1-0	100	5961	596100
131	13	1	13-9-7-1	100	2743	274300
131	13	1	13-10-11-9-7-1	100	3860	386000
131	13	1	13-12-11-9-7-1	100	4615	461500
131	13	1	13-9-8-5-2-1	100	5698	569800
132	13	2	13-9-7-1-2	100	3513	351300
132	13	2	13-10-11-9-7-1-2	100	4630	463000
132	13	2	13-9-8-5-2	100	4928	492800
132	13	2	13-12-5-2	100	5169	516900
133	13	3	13-10-3	100	3181	318100
133	13	3	13-9-7-6-4-3	100	4042	404200
133	13	3	13-12-11-10-3	100	4526	452600
133	13	3	13-9-11-10-3	100	4636	463600
134	13	4	13-9-7-6-4	100	3194	319400
134	13	4	13-10-3-4	100	4029	402900
134	13	4	13-9-8-5-4	100	4216	421600
134	13	4	13-10-11-9-7-6-4	100	4311	431100
135	13	5	13-9-8-5	100	2555	255500
135	13	5	13-12-5	100	2796	279600
135	13	5	13-10-11-9-8-5	100	3672	367200
135	13	5	13-10-11-12-5	100	4249	424900
136	13	6	13-9-7-6	100	2389	238900
136	13	6	13-10-11-9-7-6	100	3506	350600
136	13	6	13-12-11-9-7-6	100	4261	426100
136	13	6	13-10-3-4-6	100	4834	483400
137	13	7	13-9-7	100	1511	151100
137	13	7	13-10-11-9-7	100	2628	262800
137	13	7	13-12-11-9-7	100	3383	338300
137	13	7	13-12-5-8-9-7	100	5394	539400
138	13	8	13-9-8	100	1276	127600
138	13	8	13-10-11-9-8	100	2393	239300
138	13	8	13-12-11-9-8	100	3148	314800
138	13	8	13-12-5-8	100	4075	407500
139	13	9	13-9	100	734	73400
139	13	9	13-10-11-9	100	1851	185100
139	13	9	13-12-11-9	100	2606	260600
139	13	9	13-12-5-8-9	100	4617	461700
1310	13	10	13-10	100	565	56500
1310	13	10	13-12-11-10	100	1910	191000
1310	13	10	13-9-11-10	100	2020	202000
1310	13	10	13-12-5-8-9-11-10	100	5903	590300
1311	13	11	13-10-11	100	860	86000
1311	13	11	13-12-11	100	1615	161500
1311	13	11	13-9-11	100	1725	172500
1311	13	11	13-12-5-8-9-11	100	5608	560800
1312	13	12	13-12	100	511	51100
1312	13	12	13-10-11-12	100	1964	196400
1312	13	12	13-9-11-12	100	2829	282900
1312	13	12	13-9-8-5-12	100	4840	484000
