01	0	1	0-1	52	1	52
02	0	2	0-2	113	1	113
03	0	3	0-1-3	186	2	372
04	0	4	0-1-3-4	15	3	45
05	0	5	0-2-5	108	2	216
06	0	6	0-2-5-6	130	3	390
07	0	7	0-1-7	62	2	124
08	0	8	0-1-7-8	62	3	186
09	0	9	0-1-7-9	123	3	369
010	0	10	0-2-5-10	49	3	147
011	0	11	0-1-7-8-11	5	4	20
012	0	12	0-1-7-8-11-12	3	5	15
013	0	13	0-1-7-9-14-13	39	5	195
014	0	14	0-1-7-9-14	109	4	436
015	0	15	0-2-5-10-15	93	4	372
016	0	16	0-1-7-8-11-12-16	146	6	876
017	0	17	0-2-5-10-15-17	97	5	485
018	0	18	0-1-7-8-11-12-16-18	109	7	763
019	0	19	0-2-5-10-15-17-19	16	6	96
020	0	20	0-2-5-10-15-17-19-20	74	7	518
10	1	0	1-0	147	1	147
12	1	2	1-2	62	1	62
13	1	3	1-3	93	1	93
14	1	4	1-3-4	183	2	366
15	1	5	1-2-5	147	2	294
16	1	6	1-7-6	89	2	178
17	1	7	1-7	115	1	115
18	1	8	1-7-8	134	2	268
19	1	9	1-7-9	0	2	0
110	1	10	1-2-5-10	110	3	330
111	1	11	1-7-8-11	62	3	186
112	1	12	1-7-8-11-12	84	4	336
113	1	13	1-7-9-14-13	95	4	380
114	1	14	1-7-9-14	191	3	573
115	1	15	1-7-9-14-15	139	4	556
116	1	16	1-7-8-11-12-16	191	5	955
117	1	17	1-7-9-14-15-17	126	5	630
118	1	18	1-7-8-11-12-16-18	81	6	486
119	1	19	1-7-9-14-15-17-19	7	6	42
120	1	20	1-7-8-11-12-16-18-20	171	7	1197
20	2	0	2-0	7	1	7
21	2	1	2-1	90	1	90
23	2	3	2-1-3	99	2	198
24	2	4	2-5-4	153	2	306
25	2	5	2-5	10	1	10
26	2	6	2-5-6	21	2	42
27	2	7	2-1-7	19	2	38
28	2	8	2-1-7-8	15	3	45
29	2	9	2-1-7-9	174	3	522
210	2	10	2-5-10	37	2	74
211	2	11	2-1-7-8-11	8	4	32
212	2	12	2-1-7-8-11-12	150	5	750
213	2	13	2-5-10-15-14-13	27	5	135
214	2	14	2-5-10-15-14	76	4	304
215	2	15	2-5-10-15	182	3	546
216	2	16	2-1-7-8-11-12-16	8	6	48
217	2	17	2-5-10-15-17	34	4	136
218	2	18	2-1-7-8-11-12-16-18	72	7	504
219	2	19	2-5-10-15-17-19	17	5	85
220	2	20	2-5-10-15-17-19-20	73	6	438
30	3	0	3-1-0	84	2	168
31	3	1	3-1	103	1	103
32	3	2	3-1-2	42	2	84
34	3	4	3-4	41	1	41
35	3	5	3-4-5	109	2	218
36	3	6	3-4-5-6	151	3	453
37	3	7	3-1-7	153	2	306
38	3	8	3-1-7-8	31	3	93
39	3	9	3-1-7-9	188	3	564
310	3	10	3-4-5-10	82	3	246
311	3	11	3-1-7-8-11	100	4	400
312	3	12	3-1-7-8-11-12	167	5	835
313	3	13	3-1-7-9-14-13	68	5	340
314	3	14	3-1-7-9-14	111	4	444
315	3	15	3-4-5-10-15	113	4	452
316	3	16	3-1-7-8-11-12-16	176	6	1056
317	3	17	3-4-5-10-15-17	102	5	510
318	3	18	3-1-7-8-11-12-16-18	141	7	987
319	3	19	3-4-5-10-15-17-19	92	6	552
320	3	20	3-4-5-10-15-17-19-20	156	7	1092
40	4	0	4-3-1-0	7	3	21
41	4	1	4-3-1	16	2	32
42	4	2	4-5-2	145	2	290
43	4	3	4-3	177	1	177
45	4	5	4-5	91	1	91
46	4	6	4-5-6	183	2	366
47	4	7	4-3-1-7	88	3	264
48	4	8	4-3-1-7-8	48	4	192
49	4	9	4-3-1-7-9	73	4	292
410	4	10	4-5-10	25	2	50
411	4	11	4-3-1-7-8-11	74	5	370
412	4	12	4-3-1-7-8-11-12	84	6	504
413	4	13	4-5-10-15-14-13	164	5	820
414	4	14	4-5-10-15-14	55	4	220
415	4	15	4-5-10-15	178	3	534
416	4	16	4-3-1-7-8-11-12-16	60	7	420
417	4	17	4-5-10-15-17	181	4	724
418	4	18	4-5-10-15-17-19-20-18	192	7	1344
419	4	19	4-5-10-15-17-19	170	5	850
420	4	20	4-5-10-15-17-19-20	81	6	486
50	5	0	5-2-0	132	2	264
51	5	1	5-2-1	130	2	260
52	5	2	5-2	49	1	49
53	5	3	5-4-3	188	2	376
54	5	4	5-4	12	1	12
56	5	6	5-6	157	1	157
57	5	7	5-6-7	111	2	222
58	5	8	5-6-7-8	179	3	537
59	5	9	5-6-7-9	31	3	93
510	5	10	5-10	41	1	41
511	5	11	5-6-7-8-11	46	4	184
512	5	12	5-6-7-8-11-12	57	5	285
513	5	13	5-10-15-14-13	140	4	560
514	5	14	5-10-15-14	29	3	87
515	5	15	5-10-15	104	2	208
516	5	16	5-6-7-8-11-12-16	159	6	954
517	5	17	5-10-15-17	186	3	558
518	5	18	5-10-15-17-19-20-18	74	6	444
519	5	19	5-10-15-17-19	173	4	692
520	5	20	5-10-15-17-19-20	78	5	390
60	6	0	6-7-1-0	60	3	180
61	6	1	6-7-1	112	2	224
62	6	2	6-5-2	41	2	82
63	6	3	6-7-1-3	73	3	219
64	6	4	6-5-4	177	2	354
65	6	5	6-5	182	1	182
67	6	7	6-7	42	1	42
68	6	8	6-7-8	6	2	12
69	6	9	6-7-9	85	2	170
610	6	10	6-5-10	35	2	70
611	6	11	6-7-8-11	23	3	69
612	6	12	6-7-8-11-12	121	4	484
613	6	13	6-7-9-14-13	139	4	556
614	6	14	6-7-9-14	86	3	258
615	6	15	6-5-10-15	121	3	363
616	6	16	6-7-8-11-12-16	132	5	660
617	6	17	6-5-10-15-17	163	4	652
618	6	18	6-7-8-11-12-16-18	102	6	612
619	6	19	6-5-10-15-17-19	82	5	410
620	6	20	6-5-10-15-17-19-20	80	6	480
70	7	0	7-1-0	115	2	230
71	7	1	7-1	148	1	148
72	7	2	7-1-2	137	2	274
73	7	3	7-1-3	12	2	24
74	7	4	7-1-3-4	147	3	441
75	7	5	7-6-5	164	2	328
76	7	6	7-6	106	1	106
78	7	8	7-8	187	1	187
79	7	9	7-9	108	1	108
710	7	10	7-6-5-10	18	3	54
711	7	11	7-8-11	136	2	272
712	7	12	7-8-11-12	105	3	315
713	7	13	7-9-14-13	61	3	183
714	7	14	7-9-14	55	2	110
715	7	15	7-9-14-15	46	3	138
716	7	16	7-8-11-12-16	74	4	296
717	7	17	7-9-14-15-17	90	4	360
718	7	18	7-8-11-12-16-18	79	5	395
719	7	19	7-9-14-15-17-19	33	5	165
720	7	20	7-8-11-12-16-18-20	92	6	552
80	8	0	8-7-1-0	124	3	372
81	8	1	8-7-1	107	2	214
82	8	2	8-7-1-2	32	3	96
83	8	3	8-7-1-3	122	3	366
84	8	4	8-7-1-3-4	119	4	476
85	8	5	8-7-6-5	72	3	216
86	8	6	8-7-6	58	2	116
87	8	7	8-7	115	1	115
89	8	9	8-7-9	76	2	152
810	8	10	8-7-6-5-10	26	4	104
811	8	11	8-11	180	1	180
812	8	12	8-11-12	58	2	116
813	8	13	8-11-12-13	139	3	417
814	8	14	8-7-9-14	167	3	501
815	8	15	8-7-9-14-15	161	4	644
816	8	16	8-11-12-16	152	3	456
817	8	17	8-7-9-14-15-17	86	5	430
818	8	18	8-11-12-16-18	181	4	724
819	8	19	8-7-9-14-15-17-19	94	6	564
820	8	20	8-11-12-16-18-20	118	5	590
90	9	0	9-7-1-0	63	3	189
91	9	1	9-7-1	40	2	80
92	9	2	9-7-1-2	129	3	387
93	9	3	9-7-1-3	174	3	522
94	9	4	9-7-1-3-4	35	4	140
95	9	5	9-7-6-5	176	3	528
96	9	6	9-7-6	108	2	216
97	9	7	9-7	39	1	39
98	9	8	9-7-8	195	2	390
910	9	10	9-14-15-10	73	3	219
911	9	11	9-7-8-11	101	3	303
912	9	12	9-14-13-12	9	3	27
913	9	13	9-14-13	42	2	84
914	9	14	9-14	122	1	122
915	9	15	9-14-15	15	2	30
916	9	16	9-14-13-12-16	36	4	144
917	9	17	9-14-15-17	19	3	57
918	9	18	9-14-13-12-16-18	187	5	935
919	9	19	9-14-15-17-19	119	4	476
920	9	20	9-14-15-17-19-20	6	5	30
100	10	0	10-5-2-0	175	3	525
101	10	1	10-5-2-1	185	3	555
102	10	2	10-5-2	4	2	8
103	10	3	10-5-4-3	63	3	189
104	10	4	10-5-4	90	2	180
105	10	5	10-5	140	1	140
106	10	6	10-5-6	58	2	116
107	10	7	10-5-6-7	67	3	201
108	10	8	10-5-6-7-8	175	4	700
109	10	9	10-15-14-9	45	3	135
1011	10	11	10-15-14-13-12-11	166	5	830
1012	10	12	10-15-14-13-12	55	4	220
1013	10	13	10-15-14-13	82	3	246
1014	10	14	10-15-14	119	2	238
1015	10	15	10-15	52	1	52
1016	10	16	10-15-14-13-12-16	63	5	315
1017	10	17	10-15-17	159	2	318
1018	10	18	10-15-17-19-20-18	127	5	635
1019	10	19	10-15-17-19	93	3	279
1020	10	20	10-15-17-19-20	167	4	668
110	11	0	11-8-7-1-0	107	4	428
111	11	1	11-8-7-1	70	3	210
112	11	2	11-8-7-1-2	64	4	256
113	11	3	11-8-7-1-3	174	4	696
114	11	4	11-8-7-1-3-4	143	5	715
115	11	5	11-8-7-6-5	86	4	344
116	11	6	11-8-7-6	53	3	159
117	11	7	11-8-7	190	2	380
118	11	8	11-8	106	1	106
119	11	9	11-8-7-9	22	3	66
1110	11	10	11-12-13-14-15-10	31	5	155
1112	11	12	11-12	116	1	116
1113	11	13	11-12-13	91	2	182
1114	11	14	11-12-13-14	164	3	492
1115	11	15	11-12-13-14-15	137	4	548
1116	11	16	11-12-16	142	2	284
1117	11	17	11-12-13-14-15-17	66	5	330
1118	11	18	11-12-16-18	197	3	591
1119	11	19	11-12-16-18-20-19	152	5	760
1120	11	20	11-12-16-18-20	129	4	516
120	12	0	12-11-8-7-1-0	41	5	205
121	12	1	12-11-8-7-1	189	4	756
122	12	2	12-11-8-7-1-2	176	5	880
123	12	3	12-11-8-7-1-3	48	5	240
124	12	4	12-11-8-7-1-3-4	103	6	618
125	12	5	12-11-8-7-6-5	198	5	990
126	12	6	12-11-8-7-6	80	4	320
127	12	7	12-11-8-7	175	3	525
128	12	8	12-11-8	81	2	162
129	12	9	12-13-14-9	11	3	33
1210	12	10	12-13-14-15-10	45	4	180
1211	12	11	12-11	38	1	38
1213	12	13	12-13	14	1	14
1214	12	14	12-13-14	173	2	346
1215	12	15	12-13-14-15	39	3	117
1216	12	16	12-16	178	1	178
1217	12	17	12-13-14-15-17	39	4	156
1218	12	18	12-16-18	24	2	48
1219	12	19	12-16-18-20-19	178	4	712
1220	12	20	12-16-18-20	66	3	198
130	13	0	13-14-9-7-1-0	49	5	245
131	13	1	13-14-9-7-1	27	4	108
132	13	2	13-14-9-7-1-2	186	5	930
133	13	3	13-14-9-7-1-3	162	5	810
134	13	4	13-14-15-10-5-4	4	5	20
135	13	5	13-14-15-10-5	131	4	524
136	13	6	13-14-9-7-6	176	4	704
137	13	7	13-14-9-7	131	3	393
138	13	8	13-12-11-8	133	3	399
139	13	9	13-14-9	81	2	162
1310	13	10	13-14-15-10	63	3	189
1311	13	11	13-12-11	126	2	252
1312	13	12	13-12	53	1	53
1314	13	14	13-14	63	1	63
1315	13	15	13-14-15	91	2	182
1316	13	16	13-12-16	58	2	116
1317	13	17	13-14-15-17	81	3	243
1318	13	18	13-12-16-18	112	3	336
1319	13	19	13-14-15-17-19	40	4	160
1320	13	20	13-12-16-18-20	33	4	132
140	14	0	14-9-7-1-0	19	4	76
141	14	1	14-9-7-1	194	3	582
142	14	2	14-9-7-1-2	78	4	312
143	14	3	14-9-7-1-3	30	4	120
144	14	4	14-15-10-5-4	38	4	152
145	14	5	14-15-10-5	174	3	522
146	14	6	14-9-7-6	52	3	156
147	14	7	14-9-7	132	2	264
148	14	8	14-9-7-8	188	3	564
149	14	9	14-9	9	1	9
1410	14	10	14-15-10	173	2	346
1411	14	11	14-13-12-11	179	3	537
1412	14	12	14-13-12	142	2	284
1413	14	13	14-13	137	1	137
1415	14	15	14-15	18	1	18
1416	14	16	14-13-12-16	118	3	354
1417	14	17	14-15-17	84	2	168
1418	14	18	14-13-12-16-18	8	4	32
1419	14	19	14-15-17-19	108	3	324
1420	14	20	14-15-17-19-20	78	4	312
150	15	0	15-10-5-2-0	33	4	132
151	15	1	15-10-5-2-1	135	4	540
152	15	2	15-10-5-2	114	3	342
153	15	3	15-10-5-4-3	189	4	756
154	15	4	15-10-5-4	194	3	582
155	15	5	15-10-5	172	2	344
156	15	6	15-10-5-6	6	3	18
157	15	7	15-14-9-7	58	3	174
158	15	8	15-14-9-7-8	156	4	624
159	15	9	15-14-9	88	2	176
1510	15	10	15-10	42	1	42
1511	15	11	15-14-13-12-11	163	4	652
1512	15	12	15-14-13-12	30	3	90
1513	15	13	15-14-13	57	2	114
1514	15	14	15-14	150	1	150
1516	15	16	15-14-13-12-16	69	4	276
1517	15	17	15-17	99	1	99
1518	15	18	15-17-19-20-18	136	4	544
1519	15	19	15-17-19	132	2	264
1520	15	20	15-17-19-20	136	3	408
160	16	0	16-12-11-8-7-1-0	129	6	774
161	16	1	16-12-11-8-7-1	59	5	295
162	16	2	16-12-11-8-7-1-2	90	6	540
163	16	3	16-12-11-8-7-1-3	110	6	660
164	16	4	16-12-11-8-7-1-3-4	178	7	1246
165	16	5	16-12-11-8-7-6-5	72	6	432
166	16	6	16-12-11-8-7-6	146	5	730
167	16	7	16-12-11-8-7	98	4	392
168	16	8	16-12-11-8	85	3	255
169	16	9	16-12-13-14-9	138	4	552
1610	16	10	16-12-13-14-15-10	75	5	375
1611	16	11	16-12-11	121	2	242
1612	16	12	16-12	103	1	103
1613	16	13	16-12-13	27	2	54
1614	16	14	16-12-13-14	99	3	297
1615	16	15	16-12-13-14-15	125	4	500
1617	16	17	16-18-20-19-17	188	4	752
1618	16	18	16-18	31	1	31
1619	16	19	16-18-20-19	21	3	63
1620	16	20	16-18-20	93	2	186
170	17	0	17-15-10-5-2-0	148	5	740
171	17	1	17-15-10-5-2-1	15	5	75
172	17	2	17-15-10-5-2	64	4	256
173	17	3	17-15-10-5-4-3	74	5	370
174	17	4	17-15-10-5-4	81	4	324
175	17	5	17-15-10-5	15	3	45
176	17	6	17-15-10-5-6	75	4	300
177	17	7	17-15-14-9-7	47	4	188
178	17	8	17-15-14-9-7-8	129	5	645
179	17	9	17-15-14-9	86	3	258
1710	17	10	17-15-10	70	2	140
1711	17	11	17-15-14-13-12-11	19	5	95
1712	17	12	17-15-14-13-12	51	4	204
1713	17	13	17-15-14-13	139	3	417
1714	17	14	17-15-14	158	2	316
1715	17	15	17-15	67	1	67
1716	17	16	17-19-20-18-16	38	4	152
1718	17	18	17-19-20-18	40	3	120
1719	17	19	17-19	18	1	18
1720	17	20	17-19-20	147	2	294
180	18	0	18-16-12-11-8-7-1-0	184	7	1288
181	18	1	18-16-12-11-8-7-1	148	6	888
182	18	2	18-16-12-11-8-7-1-2	148	7	1036
183	18	3	18-16-12-11-8-7-1-3	92	7	644
184	18	4	18-20-19-17-15-10-5-4	143	7	1001
185	18	5	18-20-19-17-15-10-5	63	6	378
186	18	6	18-16-12-11-8-7-6	196	6	1176
187	18	7	18-16-12-11-8-7	101	5	505
188	18	8	18-16-12-11-8	153	4	612
189	18	9	18-16-12-13-14-9	0	5	0
1810	18	10	18-20-19-17-15-10	143	5	715
1811	18	11	18-16-12-11	36	3	108
1812	18	12	18-16-12	30	2	60
1813	18	13	18-16-12-13	128	3	384
1814	18	14	18-16-12-13-14	86	4	344
1815	18	15	18-20-19-17-15	145	4	580
1816	18	16	18-16	158	1	158
1817	18	17	18-20-19-17	149	3	447
1819	18	19	18-20-19	27	2	54
1820	18	20	18-20	24	1	24
190	19	0	19-17-15-10-5-2-0	49	6	294
191	19	1	19-17-15-10-5-2-1	84	6	504
192	19	2	19-17-15-10-5-2	50	5	250
193	19	3	19-17-15-10-5-4-3	13	6	78
194	19	4	19-17-15-10-5-4	151	5	755
195	19	5	19-17-15-10-5	126	4	504
196	19	6	19-17-15-10-5-6	137	5	685
197	19	7	19-17-15-14-9-7	118	5	590
198	19	8	19-20-18-16-12-11-8	74	6	444
199	19	9	19-17-15-14-9	147	4	588
1910	19	10	19-17-15-10	140	3	420
1911	19	11	19-20-18-16-12-11	152	5	760
1912	19	12	19-20-18-16-12	40	4	160
1913	19	13	19-17-15-14-13	37	4	148
1914	19	14	19-17-15-14	198	3	594
1915	19	15	19-17-15	94	2	188
1916	19	16	19-20-18-16	185	3	555
1917	19	17	19-17	23	1	23
1918	19	18	19-20-18	73	2	146
1920	19	20	19-20	140	1	140
200	20	0	20-19-17-15-10-5-2-0	28	7	196
201	20	1	20-19-17-15-10-5-2-1	183	7	1281
202	20	2	20-19-17-15-10-5-2	39	6	234
203	20	3	20-19-17-15-10-5-4-3	183	7	1281
204	20	4	20-19-17-15-10-5-4	1	6	6
205	20	5	20-19-17-15-10-5	137	5	685
206	20	6	20-19-17-15-10-5-6	89	6	534
207	20	7	20-18-16-12-11-8-7	142	6	852
208	20	8	20-18-16-12-11-8	43	5	215
209	20	9	20-19-17-15-14-9	63	5	315
2010	20	10	20-19-17-15-10	131	4	524
2011	20	11	20-18-16-12-11	170	4	680
2012	20	12	20-18-16-12	111	3	333
2013	20	13	20-18-16-12-13	106	4	424
2014	20	14	20-19-17-15-14	136	4	544
2015	20	15	20-19-17-15	47	3	141
2016	20	16	20-18-16	111	2	222
2017	20	17	20-19-17	132	2	264
2018	20	18	20-18	164	1	164
2019	20	19	20-19	71	1	71
