01	0	1	0-1	38	1	38
01	0	1	0-2-1	38	2	76
01	0	1	0-2-5-4-3-1	38	5	190
01	0	1	0-2-5-6-7-1	38	5	190
01	0	1	0-2-5-10-15-14-9-7-1	38	8	304
01	0	1	0-2-5-10-15-14-13-12-11-8-7-1	38	11	418
02	0	2	0-2	52	1	52
02	0	2	0-1-2	52	2	104
02	0	2	0-1-3-4-5-2	52	5	260
02	0	2	0-1-7-6-5-2	52	5	260
02	0	2	0-1-7-9-14-15-10-5-2	52	8	416
02	0	2	0-1-7-8-11-12-13-14-15-10-5-2	52	11	572
03	0	3	0-1-3	62	2	124
03	0	3	0-2-1-3	62	3	186
03	0	3	0-2-5-4-3	62	4	248
03	0	3	0-1-2-5-4-3	62	5	310
03	0	3	0-2-5-6-7-1-3	62	6	372
03	0	3	0-1-7-6-5-4-3	62	6	372
04	0	4	0-1-3-4	143	3	429
04	0	4	0-2-5-4	143	3	429
04	0	4	0-2-1-3-4	143	4	572
04	0	4	0-1-2-5-4	143	4	572
04	0	4	0-1-7-6-5-4	143	5	715
04	0	4	0-2-1-7-6-5-4	143	6	858
05	0	5	0-2-5	146	2	292
05	0	5	0-1-2-5	146	3	438
05	0	5	0-1-3-4-5	146	4	584
05	0	5	0-1-7-6-5	146	4	584
05	0	5	0-2-1-3-4-5	146	5	730
05	0	5	0-2-1-7-6-5	146	5	730
06	0	6	0-2-5-6	81	3	243
06	0	6	0-1-7-6	81	3	243
06	0	6	0-1-2-5-6	81	4	324
06	0	6	0-2-1-7-6	81	4	324
06	0	6	0-1-3-4-5-6	81	5	405
06	0	6	0-2-1-3-4-5-6	81	6	486
07	0	7	0-1-7	4	2	8
07	0	7	0-2-1-7	4	3	12
07	0	7	0-2-5-6-7	4	4	16
07	0	7	0-1-2-5-6-7	4	5	20
07	0	7	0-2-5-4-3-1-7	4	6	24
07	0	7	0-1-3-4-5-6-7	4	6	24
08	0	8	0-1-7-8	52	3	156
08	0	8	0-2-1-7-8	52	4	208
08	0	8	0-2-5-6-7-8	52	5	260
08	0	8	0-1-2-5-6-7-8	52	6	312
08	0	8	0-2-5-4-3-1-7-8	52	7	364
08	0	8	0-1-3-4-5-6-7-8	52	7	364
09	0	9	0-1-7-9	39	3	117
09	0	9	0-2-1-7-9	39	4	156
09	0	9	0-2-5-6-7-9	39	5	195
09	0	9	0-2-5-10-15-14-9	39	6	234
09	0	9	0-1-2-5-6-7-9	39	6	234
09	0	9	0-1-2-5-10-15-14-9	39	7	273
010	0	10	0-2-5-10	38	3	114
010	0	10	0-1-2-5-10	38	4	152
010	0	10	0-1-3-4-5-10	38	5	190
010	0	10	0-1-7-6-5-10	38	5	190
010	0	10	0-1-7-9-14-15-10	38	6	228
010	0	10	0-2-1-7-6-5-10	38	6	228
011	0	11	0-1-7-8-11	76	4	304
011	0	11	0-2-1-7-8-11	76	5	380
011	0	11	0-2-5-6-7-8-11	76	6	456
011	0	11	0-1-7-9-14-13-12-11	76	7	532
011	0	11	0-1-2-5-6-7-8-11	76	7	532
011	0	11	0-2-5-10-15-14-13-12-11	76	8	608
012	0	12	0-1-7-8-11-12	39	5	195
012	0	12	0-2-1-7-8-11-12	39	6	234
012	0	12	0-1-7-9-14-13-12	39	6	234
012	0	12	0-2-5-6-7-8-11-12	39	7	273
012	0	12	0-2-1-7-9-14-13-12	39	7	273
012	0	12	0-2-5-10-15-14-13-12	39	7	273
013	0	13	0-1-7-9-14-13	80	5	400
013	0	13	0-1-7-8-11-12-13	80	6	480
013	0	13	0-2-1-7-9-14-13	80	6	480
013	0	13	0-2-5-10-15-14-13	80	6	480
013	0	13	0-2-1-7-8-11-12-13	80	7	560
013	0	13	0-2-5-6-7-9-14-13	80	7	560
014	0	14	0-1-7-9-14	49	4	196
014	0	14	0-2-5-10-15-14	49	5	245
014	0	14	0-2-1-7-9-14	49	5	245
014	0	14	0-1-2-5-10-15-14	49	6	294
014	0	14	0-2-5-6-7-9-14	49	6	294
014	0	14	0-1-7-8-11-12-13-14	49	7	343
015	0	15	0-2-5-10-15	55	4	220
015	0	15	0-1-7-9-14-15	55	5	275
015	0	15	0-1-2-5-10-15	55	5	275
015	0	15	0-2-1-7-9-14-15	55	6	330
015	0	15	0-1-7-6-5-10-15	55	6	330
015	0	15	0-1-3-4-5-10-15	55	6	330
016	0	16	0-1-7-8-11-12-16	50	6	300
016	0	16	0-2-1-7-8-11-12-16	50	7	350
016	0	16	0-1-7-9-14-13-12-16	50	7	350
016	0	16	0-2-5-6-7-8-11-12-16	50	8	400
016	0	16	0-2-1-7-9-14-13-12-16	50	8	400
016	0	16	0-2-5-10-15-14-13-12-16	50	8	400
017	0	17	0-2-5-10-15-17	122	5	610
017	0	17	0-1-7-9-14-15-17	122	6	732
017	0	17	0-1-2-5-10-15-17	122	6	732
017	0	17	0-2-1-7-9-14-15-17	122	7	854
017	0	17	0-1-3-4-5-10-15-17	122	7	854
017	0	17	0-1-7-6-5-10-15-17	122	7	854
018	0	18	0-1-7-8-11-12-16-18	123	7	861
018	0	18	0-2-1-7-8-11-12-16-18	123	8	984
018	0	18	0-2-5-10-15-17-19-20-18	123	8	984
018	0	18	0-1-7-9-14-13-12-16-18	123	8	984
018	0	18	0-2-5-6-7-8-11-12-16-18	123	9	1107
018	0	18	0-1-2-5-10-15-17-19-20-18	123	9	1107
019	0	19	0-2-5-10-15-17-19	120	6	720
019	0	19	0-1-7-9-14-15-17-19	120	7	840
019	0	19	0-1-2-5-10-15-17-19	120	7	840
019	0	19	0-2-1-7-9-14-15-17-19	120	8	960
019	0	19	0-1-7-6-5-10-15-17-19	120	8	960
019	0	19	0-1-3-4-5-10-15-17-19	120	8	960
020	0	20	0-2-5-10-15-17-19-20	45	7	315
020	0	20	0-1-7-8-11-12-16-18-20	45	8	360
020	0	20	0-1-2-5-10-15-17-19-20	45	8	360
020	0	20	0-1-7-9-14-15-17-19-20	45	8	360
020	0	20	0-2-1-7-8-11-12-16-18-20	45	9	405
020	0	20	0-1-3-4-5-10-15-17-19-20	45	9	405
10	1	0	1-0	58	1	58
10	1	0	1-2-0	58	2	116
10	1	0	1-3-4-5-2-0	58	5	290
10	1	0	1-7-6-5-2-0	58	5	290
10	1	0	1-7-9-14-15-10-5-2-0	58	8	464
10	1	0	1-7-8-11-12-13-14-15-10-5-2-0	58	11	638
12	1	2	1-2	56	1	56
12	1	2	1-0-2	56	2	112
12	1	2	1-3-4-5-2	56	4	224
12	1	2	1-7-6-5-2	56	4	224
12	1	2	1-7-9-14-15-10-5-2	56	7	392
12	1	2	1-7-8-11-12-13-14-15-10-5-2	56	10	560
13	1	3	1-3	77	1	77
13	1	3	1-2-5-4-3	77	4	308
13	1	3	1-0-2-5-4-3	77	5	385
13	1	3	1-7-6-5-4-3	77	5	385
13	1	3	1-7-9-14-15-10-5-4-3	77	8	616
13	1	3	1-7-8-11-12-13-14-15-10-5-4-3	77	11	847
14	1	4	1-3-4	109	2	218
14	1	4	1-2-5-4	109	3	327
14	1	4	1-0-2-5-4	109	4	436
14	1	4	1-7-6-5-4	109	4	436
14	1	4	1-7-9-14-15-10-5-4	109	7	763
14	1	4	1-7-8-11-12-13-14-15-10-5-4	109	10	1090
15	1	5	1-2-5	57	2	114
15	1	5	1-0-2-5	57	3	171
15	1	5	1-7-6-5	57	3	171
15	1	5	1-3-4-5	57	3	171
15	1	5	1-7-9-14-15-10-5	57	6	342
15	1	5	1-7-8-11-12-13-14-15-10-5	57	9	513
16	1	6	1-7-6	56	2	112
16	1	6	1-2-5-6	56	3	168
16	1	6	1-0-2-5-6	56	4	224
16	1	6	1-3-4-5-6	56	4	224
16	1	6	1-7-9-14-15-10-5-6	56	7	392
16	1	6	1-2-5-10-15-14-9-7-6	56	8	448
17	1	7	1-7	28	1	28
17	1	7	1-2-5-6-7	28	4	112
17	1	7	1-0-2-5-6-7	28	5	140
17	1	7	1-3-4-5-6-7	28	5	140
17	1	7	1-2-5-10-15-14-9-7	28	7	196
17	1	7	1-0-2-5-10-15-14-9-7	28	8	224
18	1	8	1-7-8	15	2	30
18	1	8	1-2-5-6-7-8	15	5	75
18	1	8	1-0-2-5-6-7-8	15	6	90
18	1	8	1-3-4-5-6-7-8	15	6	90
18	1	8	1-7-9-14-13-12-11-8	15	7	105
18	1	8	1-2-5-10-15-14-9-7-8	15	8	120
19	1	9	1-7-9	85	2	170
19	1	9	1-2-5-6-7-9	85	5	425
19	1	9	1-2-5-10-15-14-9	85	6	510
19	1	9	1-3-4-5-6-7-9	85	6	510
19	1	9	1-0-2-5-6-7-9	85	6	510
19	1	9	1-7-8-11-12-13-14-9	85	7	595
110	1	10	1-2-5-10	88	3	264
110	1	10	1-0-2-5-10	88	4	352
110	1	10	1-3-4-5-10	88	4	352
110	1	10	1-7-6-5-10	88	4	352
110	1	10	1-7-9-14-15-10	88	5	440
110	1	10	1-7-8-11-12-13-14-15-10	88	8	704
111	1	11	1-7-8-11	31	3	93
111	1	11	1-7-9-14-13-12-11	31	6	186
111	1	11	1-2-5-6-7-8-11	31	6	186
111	1	11	1-0-2-5-6-7-8-11	31	7	217
111	1	11	1-3-4-5-6-7-8-11	31	7	217
111	1	11	1-2-5-10-15-14-13-12-11	31	8	248
112	1	12	1-7-8-11-12	50	4	200
112	1	12	1-7-9-14-13-12	50	5	250
112	1	12	1-2-5-6-7-8-11-12	50	7	350
112	1	12	1-2-5-10-15-14-13-12	50	7	350
112	1	12	1-0-2-5-6-7-8-11-12	50	8	400
112	1	12	1-2-5-6-7-9-14-13-12	50	8	400
113	1	13	1-7-9-14-13	117	4	468
113	1	13	1-7-8-11-12-13	117	5	585
113	1	13	1-2-5-10-15-14-13	117	6	702
113	1	13	1-0-2-5-10-15-14-13	117	7	819
113	1	13	1-7-6-5-10-15-14-13	117	7	819
113	1	13	1-3-4-5-10-15-14-13	117	7	819
114	1	14	1-7-9-14	112	3	336
114	1	14	1-2-5-10-15-14	112	5	560
114	1	14	1-7-8-11-12-13-14	112	6	672
114	1	14	1-2-5-6-7-9-14	112	6	672
114	1	14	1-3-4-5-10-15-14	112	6	672
114	1	14	1-7-6-5-10-15-14	112	6	672
115	1	15	1-7-9-14-15	93	4	372
115	1	15	1-2-5-10-15	93	4	372
115	1	15	1-0-2-5-10-15	93	5	465
115	1	15	1-7-6-5-10-15	93	5	465
115	1	15	1-3-4-5-10-15	93	5	465
115	1	15	1-7-8-11-12-13-14-15	93	7	651
116	1	16	1-7-8-11-12-16	14	5	70
116	1	16	1-7-9-14-13-12-16	14	6	84
116	1	16	1-2-5-6-7-8-11-12-16	14	8	112
116	1	16	1-2-5-10-15-14-13-12-16	14	8	112
116	1	16	1-0-2-5-6-7-8-11-12-16	14	9	126
116	1	16	1-2-5-10-15-17-19-20-18-16	14	9	126
117	1	17	1-7-9-14-15-17	10	5	50
117	1	17	1-2-5-10-15-17	10	5	50
117	1	17	1-0-2-5-10-15-17	10	6	60
117	1	17	1-3-4-5-10-15-17	10	6	60
117	1	17	1-7-6-5-10-15-17	10	6	60
117	1	17	1-7-8-11-12-13-14-15-17	10	8	80
118	1	18	1-7-8-11-12-16-18	28	6	168
118	1	18	1-7-9-14-13-12-16-18	28	7	196
118	1	18	1-7-9-14-15-17-19-20-18	28	8	224
118	1	18	1-2-5-10-15-17-19-20-18	28	8	224
118	1	18	1-2-5-6-7-8-11-12-16-18	28	9	252
118	1	18	1-7-6-5-10-15-17-19-20-18	28	9	252
119	1	19	1-7-9-14-15-17-19	34	6	204
119	1	19	1-2-5-10-15-17-19	34	6	204
119	1	19	1-0-2-5-10-15-17-19	34	7	238
119	1	19	1-7-6-5-10-15-17-19	34	7	238
119	1	19	1-3-4-5-10-15-17-19	34	7	238
119	1	19	1-7-8-11-12-16-18-20-19	34	8	272
120	1	20	1-7-8-11-12-16-18-20	64	7	448
120	1	20	1-2-5-10-15-17-19-20	64	7	448
120	1	20	1-7-9-14-15-17-19-20	64	7	448
120	1	20	1-7-9-14-13-12-16-18-20	64	8	512
120	1	20	1-3-4-5-10-15-17-19-20	64	8	512
120	1	20	1-7-6-5-10-15-17-19-20	64	8	512
20	2	0	2-0	63	1	63
20	2	0	2-1-0	63	2	126
20	2	0	2-5-4-3-1-0	63	5	315
20	2	0	2-5-6-7-1-0	63	5	315
20	2	0	2-5-10-15-14-9-7-1-0	63	8	504
20	2	0	2-5-10-15-14-13-12-11-8-7-1-0	63	11	693
21	2	1	2-1	56	1	56
21	2	1	2-0-1	56	2	112
21	2	1	2-5-4-3-1	56	4	224
21	2	1	2-5-6-7-1	56	4	224
21	2	1	2-5-10-15-14-9-7-1	56	7	392
21	2	1	2-5-10-15-14-13-12-11-8-7-1	56	10	560
23	2	3	2-1-3	126	2	252
23	2	3	2-0-1-3	126	3	378
23	2	3	2-5-4-3	126	3	378
23	2	3	2-5-6-7-1-3	126	5	630
23	2	3	2-1-7-6-5-4-3	126	6	756
23	2	3	2-0-1-7-6-5-4-3	126	7	882
24	2	4	2-5-4	84	2	168
24	2	4	2-1-3-4	84	3	252
24	2	4	2-0-1-3-4	84	4	336
24	2	4	2-1-7-6-5-4	84	5	420
24	2	4	2-5-6-7-1-3-4	84	6	504
24	2	4	2-0-1-7-6-5-4	84	6	504
25	2	5	2-5	143	1	143
25	2	5	2-1-3-4-5	143	4	572
25	2	5	2-1-7-6-5	143	4	572
25	2	5	2-0-1-3-4-5	143	5	715
25	2	5	2-0-1-7-6-5	143	5	715
25	2	5	2-1-7-9-14-15-10-5	143	7	1001
26	2	6	2-5-6	137	2	274
26	2	6	2-1-7-6	137	3	411
26	2	6	2-0-1-7-6	137	4	548
26	2	6	2-1-3-4-5-6	137	5	685
26	2	6	2-0-1-3-4-5-6	137	6	822
26	2	6	2-5-4-3-1-7-6	137	6	822
27	2	7	2-1-7	73	2	146
27	2	7	2-0-1-7	73	3	219
27	2	7	2-5-6-7	73	3	219
27	2	7	2-5-4-3-1-7	73	5	365
27	2	7	2-1-3-4-5-6-7	73	6	438
27	2	7	2-5-10-15-14-9-7	73	6	438
28	2	8	2-1-7-8	134	3	402
28	2	8	2-0-1-7-8	134	4	536
28	2	8	2-5-6-7-8	134	4	536
28	2	8	2-5-4-3-1-7-8	134	6	804
28	2	8	2-1-3-4-5-6-7-8	134	7	938
28	2	8	2-5-10-15-14-9-7-8	134	7	938
29	2	9	2-1-7-9	100	3	300
29	2	9	2-0-1-7-9	100	4	400
29	2	9	2-5-6-7-9	100	4	400
29	2	9	2-5-10-15-14-9	100	5	500
29	2	9	2-5-4-3-1-7-9	100	6	600
29	2	9	2-1-3-4-5-6-7-9	100	7	700
210	2	10	2-5-10	119	2	238
210	2	10	2-1-3-4-5-10	119	5	595
210	2	10	2-1-7-6-5-10	119	5	595
210	2	10	2-1-7-9-14-15-10	119	6	714
210	2	10	2-0-1-7-6-5-10	119	6	714
210	2	10	2-0-1-3-4-5-10	119	6	714
211	2	11	2-1-7-8-11	24	4	96
211	2	11	2-0-1-7-8-11	24	5	120
211	2	11	2-5-6-7-8-11	24	5	120
211	2	11	2-5-10-15-14-13-12-11	24	7	168
211	2	11	2-5-4-3-1-7-8-11	24	7	168
211	2	11	2-1-7-9-14-13-12-11	24	7	168
212	2	12	2-1-7-8-11-12	86	5	430
212	2	12	2-0-1-7-8-11-12	86	6	516
212	2	12	2-1-7-9-14-13-12	86	6	516
212	2	12	2-5-10-15-14-13-12	86	6	516
212	2	12	2-5-6-7-8-11-12	86	6	516
212	2	12	2-0-1-7-9-14-13-12	86	7	602
213	2	13	2-5-10-15-14-13	148	5	740
213	2	13	2-1-7-9-14-13	148	5	740
213	2	13	2-1-7-8-11-12-13	148	6	888
213	2	13	2-5-6-7-9-14-13	148	6	888
213	2	13	2-0-1-7-9-14-13	148	6	888
213	2	13	2-0-1-7-8-11-12-13	148	7	1036
214	2	14	2-5-10-15-14	23	4	92
214	2	14	2-1-7-9-14	23	4	92
214	2	14	2-0-1-7-9-14	23	5	115
214	2	14	2-5-6-7-9-14	23	5	115
214	2	14	2-1-7-8-11-12-13-14	23	7	161
214	2	14	2-5-4-3-1-7-9-14	23	7	161
215	2	15	2-5-10-15	95	3	285
215	2	15	2-1-7-9-14-15	95	5	475
215	2	15	2-0-1-7-9-14-15	95	6	570
215	2	15	2-1-7-6-5-10-15	95	6	570
215	2	15	2-1-3-4-5-10-15	95	6	570
215	2	15	2-5-6-7-9-14-15	95	6	570
216	2	16	2-1-7-8-11-12-16	135	6	810
216	2	16	2-0-1-7-8-11-12-16	135	7	945
216	2	16	2-5-6-7-8-11-12-16	135	7	945
216	2	16	2-5-10-15-14-13-12-16	135	7	945
216	2	16	2-1-7-9-14-13-12-16	135	7	945
216	2	16	2-5-6-7-9-14-13-12-16	135	8	1080
217	2	17	2-5-10-15-17	127	4	508
217	2	17	2-1-7-9-14-15-17	127	6	762
217	2	17	2-0-1-7-9-14-15-17	127	7	889
217	2	17	2-5-6-7-9-14-15-17	127	7	889
217	2	17	2-1-3-4-5-10-15-17	127	7	889
217	2	17	2-1-7-6-5-10-15-17	127	7	889
218	2	18	2-1-7-8-11-12-16-18	136	7	952
218	2	18	2-5-10-15-17-19-20-18	136	7	952
218	2	18	2-0-1-7-8-11-12-16-18	136	8	1088
218	2	18	2-1-7-9-14-13-12-16-18	136	8	1088
218	2	18	2-5-10-15-14-13-12-16-18	136	8	1088
218	2	18	2-5-6-7-8-11-12-16-18	136	8	1088
219	2	19	2-5-10-15-17-19	103	5	515
219	2	19	2-1-7-9-14-15-17-19	103	7	721
219	2	19	2-0-1-7-9-14-15-17-19	103	8	824
219	2	19	2-1-7-6-5-10-15-17-19	103	8	824
219	2	19	2-1-3-4-5-10-15-17-19	103	8	824
219	2	19	2-5-6-7-9-14-15-17-19	103	8	824
220	2	20	2-5-10-15-17-19-20	104	6	624
220	2	20	2-1-7-8-11-12-16-18-20	104	8	832
220	2	20	2-1-7-9-14-15-17-19-20	104	8	832
220	2	20	2-0-1-7-8-11-12-16-18-20	104	9	936
220	2	20	2-5-6-7-9-14-15-17-19-20	104	9	936
220	2	20	2-1-3-4-5-10-15-17-19-20	104	9	936
30	3	0	3-1-0	76	2	152
30	3	0	3-1-2-0	76	3	228
30	3	0	3-4-5-2-0	76	4	304
30	3	0	3-4-5-2-1-0	76	5	380
30	3	0	3-4-5-6-7-1-0	76	6	456
30	3	0	3-1-7-6-5-2-0	76	6	456
31	3	1	3-1	88	1	88
31	3	1	3-4-5-2-1	88	4	352
31	3	1	3-4-5-2-0-1	88	5	440
31	3	1	3-4-5-6-7-1	88	5	440
31	3	1	3-4-5-10-15-14-9-7-1	88	8	704
31	3	1	3-4-5-10-15-14-13-12-11-8-7-1	88	11	968
32	3	2	3-1-2	105	2	210
32	3	2	3-1-0-2	105	3	315
32	3	2	3-4-5-2	105	3	315
32	3	2	3-1-7-6-5-2	105	5	525
32	3	2	3-4-5-6-7-1-2	105	6	630
32	3	2	3-4-5-6-7-1-0-2	105	7	735
34	3	4	3-4	23	1	23
34	3	4	3-1-2-5-4	23	4	92
34	3	4	3-1-0-2-5-4	23	5	115
34	3	4	3-1-7-6-5-4	23	5	115
34	3	4	3-1-7-9-14-15-10-5-4	23	8	184
34	3	4	3-1-7-8-11-12-13-14-15-10-5-4	23	11	253
35	3	5	3-4-5	76	2	152
35	3	5	3-1-2-5	76	3	228
35	3	5	3-1-0-2-5	76	4	304
35	3	5	3-1-7-6-5	76	4	304
35	3	5	3-1-7-9-14-15-10-5	76	7	532
35	3	5	3-1-7-8-11-12-13-14-15-10-5	76	10	760
36	3	6	3-4-5-6	0	3	0
36	3	6	3-1-7-6	0	3	0
36	3	6	3-1-2-5-6	0	4	0
36	3	6	3-1-0-2-5-6	0	5	0
36	3	6	3-4-5-2-1-7-6	0	6	0
36	3	6	3-4-5-2-0-1-7-6	0	7	0
37	3	7	3-1-7	126	2	252
37	3	7	3-4-5-6-7	126	4	504
37	3	7	3-4-5-2-1-7	126	5	630
37	3	7	3-1-2-5-6-7	126	5	630
37	3	7	3-4-5-2-0-1-7	126	6	756
37	3	7	3-1-0-2-5-6-7	126	6	756
38	3	8	3-1-7-8	22	3	66
38	3	8	3-4-5-6-7-8	22	5	110
38	3	8	3-4-5-2-1-7-8	22	6	132
38	3	8	3-1-2-5-6-7-8	22	6	132
38	3	8	3-4-5-2-0-1-7-8	22	7	154
38	3	8	3-1-0-2-5-6-7-8	22	7	154
39	3	9	3-1-7-9	22	3	66
39	3	9	3-4-5-6-7-9	22	5	110
39	3	9	3-4-5-10-15-14-9	22	6	132
39	3	9	3-1-2-5-6-7-9	22	6	132
39	3	9	3-4-5-2-1-7-9	22	6	132
39	3	9	3-1-2-5-10-15-14-9	22	7	154
310	3	10	3-4-5-10	33	3	99
310	3	10	3-1-2-5-10	33	4	132
310	3	10	3-1-0-2-5-10	33	5	165
310	3	10	3-1-7-6-5-10	33	5	165
310	3	10	3-1-7-9-14-15-10	33	6	198
310	3	10	3-4-5-6-7-9-14-15-10	33	8	264
311	3	11	3-1-7-8-11	24	4	96
311	3	11	3-4-5-6-7-8-11	24	6	144
311	3	11	3-1-7-9-14-13-12-11	24	7	168
311	3	11	3-1-2-5-6-7-8-11	24	7	168
311	3	11	3-4-5-2-1-7-8-11	24	7	168
311	3	11	3-4-5-10-15-14-13-12-11	24	8	192
312	3	12	3-1-7-8-11-12	40	5	200
312	3	12	3-1-7-9-14-13-12	40	6	240
312	3	12	3-4-5-6-7-8-11-12	40	7	280
312	3	12	3-4-5-10-15-14-13-12	40	7	280
312	3	12	3-4-5-2-1-7-8-11-12	40	8	320
312	3	12	3-4-5-6-7-9-14-13-12	40	8	320
313	3	13	3-1-7-9-14-13	67	5	335
313	3	13	3-1-7-8-11-12-13	67	6	402
313	3	13	3-4-5-10-15-14-13	67	6	402
313	3	13	3-1-2-5-10-15-14-13	67	7	469
313	3	13	3-4-5-6-7-9-14-13	67	7	469
313	3	13	3-4-5-6-7-8-11-12-13	67	8	536
314	3	14	3-1-7-9-14	1	4	4
314	3	14	3-4-5-10-15-14	1	5	5
314	3	14	3-1-2-5-10-15-14	1	6	6
314	3	14	3-4-5-6-7-9-14	1	6	6
314	3	14	3-1-7-8-11-12-13-14	1	7	7
314	3	14	3-1-2-5-6-7-9-14	1	7	7
315	3	15	3-4-5-10-15	52	4	208
315	3	15	3-1-7-9-14-15	52	5	260
315	3	15	3-1-2-5-10-15	52	5	260
315	3	15	3-1-0-2-5-10-15	52	6	312
315	3	15	3-1-7-6-5-10-15	52	6	312
315	3	15	3-4-5-6-7-9-14-15	52	7	364
316	3	16	3-1-7-8-11-12-16	58	6	348
316	3	16	3-1-7-9-14-13-12-16	58	7	406
316	3	16	3-4-5-6-7-8-11-12-16	58	8	464
316	3	16	3-4-5-10-15-14-13-12-16	58	8	464
316	3	16	3-4-5-2-1-7-8-11-12-16	58	9	522
316	3	16	3-4-5-10-15-17-19-20-18-16	58	9	522
317	3	17	3-4-5-10-15-17	52	5	260
317	3	17	3-1-7-9-14-15-17	52	6	312
317	3	17	3-1-2-5-10-15-17	52	6	312
317	3	17	3-1-0-2-5-10-15-17	52	7	364
317	3	17	3-1-7-6-5-10-15-17	52	7	364
317	3	17	3-4-5-6-7-9-14-15-17	52	8	416
318	3	18	3-1-7-8-11-12-16-18	131	7	917
318	3	18	3-1-7-9-14-13-12-16-18	131	8	1048
318	3	18	3-4-5-10-15-17-19-20-18	131	8	1048
318	3	18	3-4-5-6-7-8-11-12-16-18	131	9	1179
318	3	18	3-1-2-5-10-15-17-19-20-18	131	9	1179
318	3	18	3-1-7-9-14-15-17-19-20-18	131	9	1179
319	3	19	3-4-5-10-15-17-19	65	6	390
319	3	19	3-1-7-9-14-15-17-19	65	7	455
319	3	19	3-1-2-5-10-15-17-19	65	7	455
319	3	19	3-1-0-2-5-10-15-17-19	65	8	520
319	3	19	3-1-7-6-5-10-15-17-19	65	8	520
319	3	19	3-4-5-6-7-9-14-15-17-19	65	9	585
320	3	20	3-4-5-10-15-17-19-20	44	7	308
320	3	20	3-1-7-8-11-12-16-18-20	44	8	352
320	3	20	3-1-2-5-10-15-17-19-20	44	8	352
320	3	20	3-1-7-9-14-15-17-19-20	44	8	352
320	3	20	3-1-7-9-14-13-12-16-18-20	44	9	396
320	3	20	3-1-7-6-5-10-15-17-19-20	44	9	396
40	4	0	4-3-1-0	63	3	189
40	4	0	4-5-2-0	63	3	189
40	4	0	4-5-2-1-0	63	4	252
40	4	0	4-3-1-2-0	63	4	252
40	4	0	4-5-6-7-1-0	63	5	315
40	4	0	4-5-6-7-1-2-0	63	6	378
41	4	1	4-3-1	22	2	44
41	4	1	4-5-2-1	22	3	66
41	4	1	4-5-2-0-1	22	4	88
41	4	1	4-5-6-7-1	22	4	88
41	4	1	4-5-10-15-14-9-7-1	22	7	154
41	4	1	4-5-10-15-14-13-12-11-8-7-1	22	10	220
42	4	2	4-5-2	101	2	202
42	4	2	4-3-1-2	101	3	303
42	4	2	4-3-1-0-2	101	4	404
42	4	2	4-5-6-7-1-2	101	5	505
42	4	2	4-5-6-7-1-0-2	101	6	606
42	4	2	4-3-1-7-6-5-2	101	6	606
43	4	3	4-3	77	1	77
43	4	3	4-5-2-1-3	77	4	308
43	4	3	4-5-2-0-1-3	77	5	385
43	4	3	4-5-6-7-1-3	77	5	385
43	4	3	4-5-10-15-14-9-7-1-3	77	8	616
43	4	3	4-5-10-15-14-13-12-11-8-7-1-3	77	11	847
45	4	5	4-5	70	1	70
45	4	5	4-3-1-2-5	70	4	280
45	4	5	4-3-1-0-2-5	70	5	350
45	4	5	4-3-1-7-6-5	70	5	350
45	4	5	4-3-1-7-9-14-15-10-5	70	8	560
45	4	5	4-3-1-7-8-11-12-13-14-15-10-5	70	11	770
46	4	6	4-5-6	80	2	160
46	4	6	4-3-1-7-6	80	4	320
46	4	6	4-3-1-2-5-6	80	5	400
46	4	6	4-5-2-1-7-6	80	5	400
46	4	6	4-3-1-0-2-5-6	80	6	480
46	4	6	4-5-2-0-1-7-6	80	6	480
47	4	7	4-3-1-7	147	3	441
47	4	7	4-5-6-7	147	3	441
47	4	7	4-5-2-1-7	147	4	588
47	4	7	4-5-2-0-1-7	147	5	735
47	4	7	4-3-1-2-5-6-7	147	6	882
47	4	7	4-5-10-15-14-9-7	147	6	882
48	4	8	4-3-1-7-8	26	4	104
48	4	8	4-5-6-7-8	26	4	104
48	4	8	4-5-2-1-7-8	26	5	130
48	4	8	4-5-2-0-1-7-8	26	6	156
48	4	8	4-3-1-2-5-6-7-8	26	7	182
48	4	8	4-5-10-15-14-9-7-8	26	7	182
49	4	9	4-3-1-7-9	47	4	188
49	4	9	4-5-6-7-9	47	4	188
49	4	9	4-5-10-15-14-9	47	5	235
49	4	9	4-5-2-1-7-9	47	5	235
49	4	9	4-5-2-0-1-7-9	47	6	282
49	4	9	4-3-1-2-5-6-7-9	47	7	329
410	4	10	4-5-10	137	2	274
410	4	10	4-3-1-2-5-10	137	5	685
410	4	10	4-3-1-0-2-5-10	137	6	822
410	4	10	4-3-1-7-6-5-10	137	6	822
410	4	10	4-3-1-7-9-14-15-10	137	7	959
410	4	10	4-5-6-7-9-14-15-10	137	7	959
411	4	11	4-3-1-7-8-11	104	5	520
411	4	11	4-5-6-7-8-11	104	5	520
411	4	11	4-5-2-1-7-8-11	104	6	624
411	4	11	4-5-10-15-14-13-12-11	104	7	728
411	4	11	4-5-2-0-1-7-8-11	104	7	728
411	4	11	4-3-1-7-9-14-13-12-11	104	8	832
412	4	12	4-3-1-7-8-11-12	113	6	678
412	4	12	4-5-10-15-14-13-12	113	6	678
412	4	12	4-5-6-7-8-11-12	113	6	678
412	4	12	4-5-2-1-7-8-11-12	113	7	791
412	4	12	4-5-6-7-9-14-13-12	113	7	791
412	4	12	4-3-1-7-9-14-13-12	113	7	791
413	4	13	4-5-10-15-14-13	124	5	620
413	4	13	4-3-1-7-9-14-13	124	6	744
413	4	13	4-5-6-7-9-14-13	124	6	744
413	4	13	4-3-1-7-8-11-12-13	124	7	868
413	4	13	4-5-2-1-7-9-14-13	124	7	868
413	4	13	4-5-6-7-8-11-12-13	124	7	868
414	4	14	4-5-10-15-14	30	4	120
414	4	14	4-3-1-7-9-14	30	5	150
414	4	14	4-5-6-7-9-14	30	5	150
414	4	14	4-5-2-1-7-9-14	30	6	180
414	4	14	4-3-1-2-5-10-15-14	30	7	210
414	4	14	4-5-2-0-1-7-9-14	30	7	210
415	4	15	4-5-10-15	28	3	84
415	4	15	4-3-1-7-9-14-15	28	6	168
415	4	15	4-3-1-2-5-10-15	28	6	168
415	4	15	4-5-6-7-9-14-15	28	6	168
415	4	15	4-5-2-1-7-9-14-15	28	7	196
415	4	15	4-3-1-7-6-5-10-15	28	7	196
416	4	16	4-3-1-7-8-11-12-16	32	7	224
416	4	16	4-5-10-15-14-13-12-16	32	7	224
416	4	16	4-5-6-7-8-11-12-16	32	7	224
416	4	16	4-5-2-1-7-8-11-12-16	32	8	256
416	4	16	4-5-10-15-17-19-20-18-16	32	8	256
416	4	16	4-3-1-7-9-14-13-12-16	32	8	256
417	4	17	4-5-10-15-17	4	4	16
417	4	17	4-3-1-7-9-14-15-17	4	7	28
417	4	17	4-5-6-7-9-14-15-17	4	7	28
417	4	17	4-3-1-2-5-10-15-17	4	7	28
417	4	17	4-5-2-1-7-9-14-15-17	4	8	32
417	4	17	4-3-1-7-6-5-10-15-17	4	8	32
418	4	18	4-5-10-15-17-19-20-18	18	7	126
418	4	18	4-3-1-7-8-11-12-16-18	18	8	144
418	4	18	4-5-6-7-8-11-12-16-18	18	8	144
418	4	18	4-5-10-15-14-13-12-16-18	18	8	144
418	4	18	4-5-2-1-7-8-11-12-16-18	18	9	162
418	4	18	4-5-6-7-9-14-13-12-16-18	18	9	162
419	4	19	4-5-10-15-17-19	26	5	130
419	4	19	4-3-1-7-9-14-15-17-19	26	8	208
419	4	19	4-3-1-2-5-10-15-17-19	26	8	208
419	4	19	4-5-6-7-9-14-15-17-19	26	8	208
419	4	19	4-5-2-1-7-9-14-15-17-19	26	9	234
419	4	19	4-3-1-7-6-5-10-15-17-19	26	9	234
420	4	20	4-5-10-15-17-19-20	81	6	486
420	4	20	4-3-1-7-8-11-12-16-18-20	81	9	729
420	4	20	4-5-6-7-9-14-15-17-19-20	81	9	729
420	4	20	4-3-1-2-5-10-15-17-19-20	81	9	729
420	4	20	4-3-1-7-9-14-15-17-19-20	81	9	729
420	4	20	4-5-6-7-8-11-12-16-18-20	81	9	729
50	5	0	5-2-0	46	2	92
50	5	0	5-2-1-0	46	3	138
50	5	0	5-4-3-1-0	46	4	184
50	5	0	5-6-7-1-0	46	4	184
50	5	0	5-4-3-1-2-0	46	5	230
50	5	0	5-6-7-1-2-0	46	5	230
51	5	1	5-2-1	43	2	86
51	5	1	5-2-0-1	43	3	129
51	5	1	5-6-7-1	43	3	129
51	5	1	5-4-3-1	43	3	129
51	5	1	5-10-15-14-9-7-1	43	6	258
51	5	1	5-10-15-14-13-12-11-8-7-1	43	9	387
52	5	2	5-2	35	1	35
52	5	2	5-4-3-1-2	35	4	140
52	5	2	5-6-7-1-2	35	4	140
52	5	2	5-4-3-1-0-2	35	5	175
52	5	2	5-6-7-1-0-2	35	5	175
52	5	2	5-10-15-14-9-7-1-2	35	7	245
53	5	3	5-4-3	119	2	238
53	5	3	5-2-1-3	119	3	357
53	5	3	5-2-0-1-3	119	4	476
53	5	3	5-6-7-1-3	119	4	476
53	5	3	5-10-15-14-9-7-1-3	119	7	833
53	5	3	5-10-15-14-13-12-11-8-7-1-3	119	10	1190
54	5	4	5-4	126	1	126
54	5	4	5-2-1-3-4	126	4	504
54	5	4	5-2-0-1-3-4	126	5	630
54	5	4	5-6-7-1-3-4	126	5	630
54	5	4	5-10-15-14-9-7-1-3-4	126	8	1008
54	5	4	5-10-15-14-13-12-11-8-7-1-3-4	126	11	1386
56	5	6	5-6	117	1	117
56	5	6	5-2-1-7-6	117	4	468
56	5	6	5-2-0-1-7-6	117	5	585
56	5	6	5-4-3-1-7-6	117	5	585
56	5	6	5-10-15-14-9-7-6	117	6	702
56	5	6	5-10-15-14-13-12-11-8-7-6	117	9	1053
57	5	7	5-6-7	31	2	62
57	5	7	5-2-1-7	31	3	93
57	5	7	5-2-0-1-7	31	4	124
57	5	7	5-4-3-1-7	31	4	124
57	5	7	5-10-15-14-9-7	31	5	155
57	5	7	5-10-15-14-13-12-11-8-7	31	8	248
58	5	8	5-6-7-8	13	3	39
58	5	8	5-2-1-7-8	13	4	52
58	5	8	5-2-0-1-7-8	13	5	65
58	5	8	5-4-3-1-7-8	13	5	65
58	5	8	5-10-15-14-9-7-8	13	6	78
58	5	8	5-10-15-14-13-12-11-8	13	7	91
59	5	9	5-6-7-9	38	3	114
59	5	9	5-10-15-14-9	38	4	152
59	5	9	5-2-1-7-9	38	4	152
59	5	9	5-2-0-1-7-9	38	5	190
59	5	9	5-4-3-1-7-9	38	5	190
59	5	9	5-6-7-8-11-12-13-14-9	38	8	304
510	5	10	5-10	9	1	9
510	5	10	5-6-7-9-14-15-10	9	6	54
510	5	10	5-2-1-7-9-14-15-10	9	7	63
510	5	10	5-2-0-1-7-9-14-15-10	9	8	72
510	5	10	5-4-3-1-7-9-14-15-10	9	8	72
510	5	10	5-6-7-8-11-12-13-14-15-10	9	9	81
511	5	11	5-6-7-8-11	98	4	392
511	5	11	5-2-1-7-8-11	98	5	490
511	5	11	5-10-15-14-13-12-11	98	6	588
511	5	11	5-4-3-1-7-8-11	98	6	588
511	5	11	5-2-0-1-7-8-11	98	6	588
511	5	11	5-6-7-9-14-13-12-11	98	7	686
512	5	12	5-6-7-8-11-12	57	5	285
512	5	12	5-10-15-14-13-12	57	5	285
512	5	12	5-2-1-7-8-11-12	57	6	342
512	5	12	5-6-7-9-14-13-12	57	6	342
512	5	12	5-2-0-1-7-8-11-12	57	7	399
512	5	12	5-2-1-7-9-14-13-12	57	7	399
513	5	13	5-10-15-14-13	13	4	52
513	5	13	5-6-7-9-14-13	13	5	65
513	5	13	5-6-7-8-11-12-13	13	6	78
513	5	13	5-2-1-7-9-14-13	13	6	78
513	5	13	5-2-1-7-8-11-12-13	13	7	91
513	5	13	5-4-3-1-7-9-14-13	13	7	91
514	5	14	5-10-15-14	110	3	330
514	5	14	5-6-7-9-14	110	4	440
514	5	14	5-2-1-7-9-14	110	5	550
514	5	14	5-2-0-1-7-9-14	110	6	660
514	5	14	5-4-3-1-7-9-14	110	6	660
514	5	14	5-6-7-8-11-12-13-14	110	7	770
515	5	15	5-10-15	60	2	120
515	5	15	5-6-7-9-14-15	60	5	300
515	5	15	5-2-1-7-9-14-15	60	6	360
515	5	15	5-2-0-1-7-9-14-15	60	7	420
515	5	15	5-4-3-1-7-9-14-15	60	7	420
515	5	15	5-6-7-8-11-12-13-14-15	60	8	480
516	5	16	5-6-7-8-11-12-16	105	6	630
516	5	16	5-10-15-14-13-12-16	105	6	630
516	5	16	5-2-1-7-8-11-12-16	105	7	735
516	5	16	5-10-15-17-19-20-18-16	105	7	735
516	5	16	5-6-7-9-14-13-12-16	105	7	735
516	5	16	5-2-0-1-7-8-11-12-16	105	8	840
517	5	17	5-10-15-17	14	3	42
517	5	17	5-6-7-9-14-15-17	14	6	84
517	5	17	5-2-1-7-9-14-15-17	14	7	98
517	5	17	5-2-0-1-7-9-14-15-17	14	8	112
517	5	17	5-4-3-1-7-9-14-15-17	14	8	112
517	5	17	5-6-7-8-11-12-13-14-15-17	14	9	126
518	5	18	5-10-15-17-19-20-18	88	6	528
518	5	18	5-6-7-8-11-12-16-18	88	7	616
518	5	18	5-10-15-14-13-12-16-18	88	7	616
518	5	18	5-2-1-7-8-11-12-16-18	88	8	704
518	5	18	5-6-7-9-14-13-12-16-18	88	8	704
518	5	18	5-2-0-1-7-8-11-12-16-18	88	9	792
519	5	19	5-10-15-17-19	22	4	88
519	5	19	5-6-7-9-14-15-17-19	22	7	154
519	5	19	5-2-1-7-9-14-15-17-19	22	8	176
519	5	19	5-2-0-1-7-9-14-15-17-19	22	9	198
519	5	19	5-10-15-14-13-12-16-18-20-19	22	9	198
519	5	19	5-6-7-8-11-12-16-18-20-19	22	9	198
520	5	20	5-10-15-17-19-20	136	5	680
520	5	20	5-6-7-8-11-12-16-18-20	136	8	1088
520	5	20	5-6-7-9-14-15-17-19-20	136	8	1088
520	5	20	5-10-15-14-13-12-16-18-20	136	8	1088
520	5	20	5-2-1-7-8-11-12-16-18-20	136	9	1224
520	5	20	5-2-1-7-9-14-15-17-19-20	136	9	1224
60	6	0	6-7-1-0	95	3	285
60	6	0	6-5-2-0	95	3	285
60	6	0	6-5-2-1-0	95	4	380
60	6	0	6-7-1-2-0	95	4	380
60	6	0	6-5-4-3-1-0	95	5	475
60	6	0	6-5-4-3-1-2-0	95	6	570
61	6	1	6-7-1	145	2	290
61	6	1	6-5-2-1	145	3	435
61	6	1	6-5-2-0-1	145	4	580
61	6	1	6-5-4-3-1	145	4	580
61	6	1	6-5-10-15-14-9-7-1	145	7	1015
61	6	1	6-7-9-14-15-10-5-2-1	145	8	1160
62	6	2	6-5-2	83	2	166
62	6	2	6-7-1-2	83	3	249
62	6	2	6-7-1-0-2	83	4	332
62	6	2	6-5-4-3-1-2	83	5	415
62	6	2	6-5-4-3-1-0-2	83	6	498
62	6	2	6-7-1-3-4-5-2	83	6	498
63	6	3	6-7-1-3	26	3	78
63	6	3	6-5-4-3	26	3	78
63	6	3	6-5-2-1-3	26	4	104
63	6	3	6-5-2-0-1-3	26	5	130
63	6	3	6-7-1-2-5-4-3	26	6	156
63	6	3	6-7-1-0-2-5-4-3	26	7	182
64	6	4	6-5-4	17	2	34
64	6	4	6-7-1-3-4	17	4	68
64	6	4	6-5-2-1-3-4	17	5	85
64	6	4	6-7-1-2-5-4	17	5	85
64	6	4	6-5-2-0-1-3-4	17	6	102
64	6	4	6-7-1-0-2-5-4	17	6	102
65	6	5	6-5	77	1	77
65	6	5	6-7-1-2-5	77	4	308
65	6	5	6-7-1-0-2-5	77	5	385
65	6	5	6-7-1-3-4-5	77	5	385
65	6	5	6-7-9-14-15-10-5	77	6	462
65	6	5	6-7-8-11-12-13-14-15-10-5	77	9	693
67	6	7	6-7	133	1	133
67	6	7	6-5-2-1-7	133	4	532
67	6	7	6-5-2-0-1-7	133	5	665
67	6	7	6-5-4-3-1-7	133	5	665
67	6	7	6-5-10-15-14-9-7	133	6	798
67	6	7	6-5-10-15-14-13-12-11-8-7	133	9	1197
68	6	8	6-7-8	82	2	164
68	6	8	6-5-2-1-7-8	82	5	410
68	6	8	6-5-2-0-1-7-8	82	6	492
68	6	8	6-5-4-3-1-7-8	82	6	492
68	6	8	6-7-9-14-13-12-11-8	82	7	574
68	6	8	6-5-10-15-14-9-7-8	82	7	574
69	6	9	6-7-9	115	2	230
69	6	9	6-5-10-15-14-9	115	5	575
69	6	9	6-5-2-1-7-9	115	5	575
69	6	9	6-5-2-0-1-7-9	115	6	690
69	6	9	6-5-4-3-1-7-9	115	6	690
69	6	9	6-7-8-11-12-13-14-9	115	7	805
610	6	10	6-5-10	97	2	194
610	6	10	6-7-9-14-15-10	97	5	485
610	6	10	6-7-1-2-5-10	97	5	485
610	6	10	6-7-1-0-2-5-10	97	6	582
610	6	10	6-7-1-3-4-5-10	97	6	582
610	6	10	6-7-8-11-12-13-14-15-10	97	8	776
611	6	11	6-7-8-11	22	3	66
611	6	11	6-7-9-14-13-12-11	22	6	132
611	6	11	6-5-2-1-7-8-11	22	6	132
611	6	11	6-5-10-15-14-13-12-11	22	7	154
611	6	11	6-5-4-3-1-7-8-11	22	7	154
611	6	11	6-5-2-0-1-7-8-11	22	7	154
612	6	12	6-7-8-11-12	130	4	520
612	6	12	6-7-9-14-13-12	130	5	650
612	6	12	6-5-10-15-14-13-12	130	6	780
612	6	12	6-5-2-1-7-8-11-12	130	7	910
612	6	12	6-5-2-0-1-7-8-11-12	130	8	1040
612	6	12	6-5-2-1-7-9-14-13-12	130	8	1040
613	6	13	6-7-9-14-13	50	4	200
613	6	13	6-7-8-11-12-13	50	5	250
613	6	13	6-5-10-15-14-13	50	5	250
613	6	13	6-5-2-1-7-9-14-13	50	7	350
613	6	13	6-5-2-1-7-8-11-12-13	50	8	400
613	6	13	6-5-2-0-1-7-9-14-13	50	8	400
614	6	14	6-7-9-14	11	3	33
614	6	14	6-5-10-15-14	11	4	44
614	6	14	6-7-8-11-12-13-14	11	6	66
614	6	14	6-5-2-1-7-9-14	11	6	66
614	6	14	6-7-1-2-5-10-15-14	11	7	77
614	6	14	6-5-4-3-1-7-9-14	11	7	77
615	6	15	6-5-10-15	4	3	12
615	6	15	6-7-9-14-15	4	4	16
615	6	15	6-7-1-2-5-10-15	4	6	24
615	6	15	6-7-8-11-12-13-14-15	4	7	28
615	6	15	6-7-1-3-4-5-10-15	4	7	28
615	6	15	6-7-1-0-2-5-10-15	4	7	28
616	6	16	6-7-8-11-12-16	97	5	485
616	6	16	6-7-9-14-13-12-16	97	6	582
616	6	16	6-5-10-15-14-13-12-16	97	7	679
616	6	16	6-5-2-1-7-8-11-12-16	97	8	776
616	6	16	6-5-10-15-17-19-20-18-16	97	8	776
616	6	16	6-5-2-0-1-7-8-11-12-16	97	9	873
617	6	17	6-5-10-15-17	30	4	120
617	6	17	6-7-9-14-15-17	30	5	150
617	6	17	6-7-1-2-5-10-15-17	30	7	210
617	6	17	6-7-8-11-12-13-14-15-17	30	8	240
617	6	17	6-7-1-0-2-5-10-15-17	30	8	240
617	6	17	6-7-1-3-4-5-10-15-17	30	8	240
618	6	18	6-7-8-11-12-16-18	19	6	114
618	6	18	6-7-9-14-13-12-16-18	19	7	133
618	6	18	6-5-10-15-17-19-20-18	19	7	133
618	6	18	6-5-10-15-14-13-12-16-18	19	8	152
618	6	18	6-7-9-14-15-17-19-20-18	19	8	152
618	6	18	6-5-2-1-7-8-11-12-16-18	19	9	171
619	6	19	6-5-10-15-17-19	3	5	15
619	6	19	6-7-9-14-15-17-19	3	6	18
619	6	19	6-7-1-2-5-10-15-17-19	3	8	24
619	6	19	6-7-8-11-12-16-18-20-19	3	8	24
619	6	19	6-7-8-11-12-13-14-15-17-19	3	9	27
619	6	19	6-7-9-14-13-12-16-18-20-19	3	9	27
620	6	20	6-5-10-15-17-19-20	79	6	474
620	6	20	6-7-8-11-12-16-18-20	79	7	553
620	6	20	6-7-9-14-15-17-19-20	79	7	553
620	6	20	6-7-9-14-13-12-16-18-20	79	8	632
620	6	20	6-5-10-15-14-13-12-16-18-20	79	9	711
620	6	20	6-7-1-2-5-10-15-17-19-20	79	9	711
70	7	0	7-1-0	115	2	230
70	7	0	7-1-2-0	115	3	345
70	7	0	7-6-5-2-0	115	4	460
70	7	0	7-6-5-2-1-0	115	5	575
70	7	0	7-6-5-4-3-1-0	115	6	690
70	7	0	7-1-3-4-5-2-0	115	6	690
71	7	1	7-1	17	1	17
71	7	1	7-6-5-2-1	17	4	68
71	7	1	7-6-5-2-0-1	17	5	85
71	7	1	7-6-5-4-3-1	17	5	85
71	7	1	7-9-14-15-10-5-2-1	17	7	119
71	7	1	7-9-14-15-10-5-2-0-1	17	8	136
72	7	2	7-1-2	51	2	102
72	7	2	7-1-0-2	51	3	153
72	7	2	7-6-5-2	51	3	153
72	7	2	7-1-3-4-5-2	51	5	255
72	7	2	7-6-5-4-3-1-2	51	6	306
72	7	2	7-9-14-15-10-5-2	51	6	306
73	7	3	7-1-3	28	2	56
73	7	3	7-6-5-4-3	28	4	112
73	7	3	7-6-5-2-1-3	28	5	140
73	7	3	7-1-2-5-4-3	28	5	140
73	7	3	7-6-5-2-0-1-3	28	6	168
73	7	3	7-1-0-2-5-4-3	28	6	168
74	7	4	7-1-3-4	97	3	291
74	7	4	7-6-5-4	97	3	291
74	7	4	7-1-2-5-4	97	4	388
74	7	4	7-1-0-2-5-4	97	5	485
74	7	4	7-6-5-2-1-3-4	97	6	582
74	7	4	7-9-14-15-10-5-4	97	6	582
75	7	5	7-6-5	127	2	254
75	7	5	7-1-2-5	127	3	381
75	7	5	7-1-0-2-5	127	4	508
75	7	5	7-1-3-4-5	127	4	508
75	7	5	7-9-14-15-10-5	127	5	635
75	7	5	7-8-11-12-13-14-15-10-5	127	8	1016
76	7	6	7-6	8	1	8
76	7	6	7-1-2-5-6	8	4	32
76	7	6	7-1-0-2-5-6	8	5	40
76	7	6	7-1-3-4-5-6	8	5	40
76	7	6	7-9-14-15-10-5-6	8	6	48
76	7	6	7-8-11-12-13-14-15-10-5-6	8	9	72
78	7	8	7-8	97	1	97
78	7	8	7-9-14-13-12-11-8	97	6	582
78	7	8	7-6-5-10-15-14-13-12-11-8	97	9	873
78	7	8	7-1-2-5-10-15-14-13-12-11-8	97	10	970
78	7	8	7-1-0-2-5-10-15-14-13-12-11-8	97	11	1067
78	7	8	7-9-14-15-17-19-20-18-16-12-11-8	97	11	1067
79	7	9	7-9	74	1	74
79	7	9	7-8-11-12-13-14-9	74	6	444
79	7	9	7-6-5-10-15-14-9	74	6	444
79	7	9	7-1-2-5-10-15-14-9	74	7	518
79	7	9	7-1-0-2-5-10-15-14-9	74	8	592
79	7	9	7-1-3-4-5-10-15-14-9	74	8	592
710	7	10	7-6-5-10	28	3	84
710	7	10	7-9-14-15-10	28	4	112
710	7	10	7-1-2-5-10	28	4	112
710	7	10	7-1-0-2-5-10	28	5	140
710	7	10	7-1-3-4-5-10	28	5	140
710	7	10	7-8-11-12-13-14-15-10	28	7	196
711	7	11	7-8-11	16	2	32
711	7	11	7-9-14-13-12-11	16	5	80
711	7	11	7-6-5-10-15-14-13-12-11	16	8	128
711	7	11	7-1-2-5-10-15-14-13-12-11	16	9	144
711	7	11	7-1-0-2-5-10-15-14-13-12-11	16	10	160
711	7	11	7-1-3-4-5-10-15-14-13-12-11	16	10	160
712	7	12	7-8-11-12	6	3	18
712	7	12	7-9-14-13-12	6	4	24
712	7	12	7-6-5-10-15-14-13-12	6	7	42
712	7	12	7-1-2-5-10-15-14-13-12	6	8	48
712	7	12	7-1-0-2-5-10-15-14-13-12	6	9	54
712	7	12	7-9-14-15-17-19-20-18-16-12	6	9	54
713	7	13	7-9-14-13	64	3	192
713	7	13	7-8-11-12-13	64	4	256
713	7	13	7-6-5-10-15-14-13	64	6	384
713	7	13	7-1-2-5-10-15-14-13	64	7	448
713	7	13	7-1-0-2-5-10-15-14-13	64	8	512
713	7	13	7-1-3-4-5-10-15-14-13	64	8	512
714	7	14	7-9-14	57	2	114
714	7	14	7-8-11-12-13-14	57	5	285
714	7	14	7-6-5-10-15-14	57	5	285
714	7	14	7-1-2-5-10-15-14	57	6	342
714	7	14	7-1-0-2-5-10-15-14	57	7	399
714	7	14	7-1-3-4-5-10-15-14	57	7	399
715	7	15	7-9-14-15	66	3	198
715	7	15	7-6-5-10-15	66	4	264
715	7	15	7-1-2-5-10-15	66	5	330
715	7	15	7-8-11-12-13-14-15	66	6	396
715	7	15	7-1-3-4-5-10-15	66	6	396
715	7	15	7-1-0-2-5-10-15	66	6	396
716	7	16	7-8-11-12-16	116	4	464
716	7	16	7-9-14-13-12-16	116	5	580
716	7	16	7-6-5-10-15-14-13-12-16	116	8	928
716	7	16	7-9-14-15-17-19-20-18-16	116	8	928
716	7	16	7-1-2-5-10-15-14-13-12-16	116	9	1044
716	7	16	7-6-5-10-15-17-19-20-18-16	116	9	1044
717	7	17	7-9-14-15-17	144	4	576
717	7	17	7-6-5-10-15-17	144	5	720
717	7	17	7-1-2-5-10-15-17	144	6	864
717	7	17	7-8-11-12-13-14-15-17	144	7	1008
717	7	17	7-1-0-2-5-10-15-17	144	7	1008
717	7	17	7-1-3-4-5-10-15-17	144	7	1008
718	7	18	7-8-11-12-16-18	127	5	635
718	7	18	7-9-14-13-12-16-18	127	6	762
718	7	18	7-9-14-15-17-19-20-18	127	7	889
718	7	18	7-6-5-10-15-17-19-20-18	127	8	1016
718	7	18	7-6-5-10-15-14-13-12-16-18	127	9	1143
718	7	18	7-1-2-5-10-15-17-19-20-18	127	9	1143
719	7	19	7-9-14-15-17-19	50	5	250
719	7	19	7-6-5-10-15-17-19	50	6	300
719	7	19	7-1-2-5-10-15-17-19	50	7	350
719	7	19	7-8-11-12-16-18-20-19	50	7	350
719	7	19	7-8-11-12-13-14-15-17-19	50	8	400
719	7	19	7-9-14-13-12-16-18-20-19	50	8	400
720	7	20	7-8-11-12-16-18-20	44	6	264
720	7	20	7-9-14-15-17-19-20	44	6	264
720	7	20	7-9-14-13-12-16-18-20	44	7	308
720	7	20	7-6-5-10-15-17-19-20	44	7	308
720	7	20	7-1-2-5-10-15-17-19-20	44	8	352
720	7	20	7-8-11-12-13-14-15-17-19-20	44	9	396
80	8	0	8-7-1-0	10	3	30
80	8	0	8-7-1-2-0	10	4	40
80	8	0	8-7-6-5-2-0	10	5	50
80	8	0	8-7-6-5-2-1-0	10	6	60
80	8	0	8-7-6-5-4-3-1-0	10	7	70
80	8	0	8-7-1-3-4-5-2-0	10	7	70
81	8	1	8-7-1	33	2	66
81	8	1	8-7-6-5-2-1	33	5	165
81	8	1	8-7-6-5-2-0-1	33	6	198
81	8	1	8-7-6-5-4-3-1	33	6	198
81	8	1	8-11-12-13-14-9-7-1	33	7	231
81	8	1	8-7-9-14-15-10-5-2-1	33	8	264
82	8	2	8-7-1-2	69	3	207
82	8	2	8-7-1-0-2	69	4	276
82	8	2	8-7-6-5-2	69	4	276
82	8	2	8-7-1-3-4-5-2	69	6	414
82	8	2	8-7-6-5-4-3-1-2	69	7	483
82	8	2	8-7-9-14-15-10-5-2	69	7	483
83	8	3	8-7-1-3	136	3	408
83	8	3	8-7-6-5-4-3	136	5	680
83	8	3	8-7-6-5-2-1-3	136	6	816
83	8	3	8-7-1-2-5-4-3	136	6	816
83	8	3	8-7-6-5-2-0-1-3	136	7	952
83	8	3	8-7-1-0-2-5-4-3	136	7	952
84	8	4	8-7-1-3-4	123	4	492
84	8	4	8-7-6-5-4	123	4	492
84	8	4	8-7-1-2-5-4	123	5	615
84	8	4	8-7-1-0-2-5-4	123	6	738
84	8	4	8-7-6-5-2-1-3-4	123	7	861
84	8	4	8-7-9-14-15-10-5-4	123	7	861
85	8	5	8-7-6-5	76	3	228
85	8	5	8-7-1-2-5	76	4	304
85	8	5	8-7-1-0-2-5	76	5	380
85	8	5	8-7-1-3-4-5	76	5	380
85	8	5	8-7-9-14-15-10-5	76	6	456
85	8	5	8-11-12-13-14-15-10-5	76	7	532
86	8	6	8-7-6	6	2	12
86	8	6	8-7-1-2-5-6	6	5	30
86	8	6	8-7-1-0-2-5-6	6	6	36
86	8	6	8-7-1-3-4-5-6	6	6	36
86	8	6	8-7-9-14-15-10-5-6	6	7	42
86	8	6	8-11-12-13-14-9-7-6	6	7	42
87	8	7	8-7	106	1	106
87	8	7	8-11-12-13-14-9-7	106	6	636
87	8	7	8-11-12-13-14-15-10-5-6-7	106	9	954
87	8	7	8-11-12-13-14-15-10-5-2-1-7	106	10	1060
87	8	7	8-11-12-13-14-15-10-5-2-0-1-7	106	11	1166
87	8	7	8-11-12-16-18-20-19-17-15-14-9-7	106	11	1166
89	8	9	8-7-9	98	2	196
89	8	9	8-11-12-13-14-9	98	5	490
89	8	9	8-7-6-5-10-15-14-9	98	7	686
89	8	9	8-7-1-2-5-10-15-14-9	98	8	784
89	8	9	8-7-1-3-4-5-10-15-14-9	98	9	882
89	8	9	8-7-1-0-2-5-10-15-14-9	98	9	882
810	8	10	8-7-6-5-10	39	4	156
810	8	10	8-7-9-14-15-10	39	5	195
810	8	10	8-7-1-2-5-10	39	5	195
810	8	10	8-11-12-13-14-15-10	39	6	234
810	8	10	8-7-1-3-4-5-10	39	6	234
810	8	10	8-7-1-0-2-5-10	39	6	234
811	8	11	8-11	38	1	38
811	8	11	8-7-9-14-13-12-11	38	6	228
811	8	11	8-7-6-5-10-15-14-13-12-11	38	9	342
811	8	11	8-7-1-2-5-10-15-14-13-12-11	38	10	380
811	8	11	8-7-1-0-2-5-10-15-14-13-12-11	38	11	418
811	8	11	8-7-1-3-4-5-10-15-14-13-12-11	38	11	418
812	8	12	8-11-12	106	2	212
812	8	12	8-7-9-14-13-12	106	5	530
812	8	12	8-7-6-5-10-15-14-13-12	106	8	848
812	8	12	8-7-1-2-5-10-15-14-13-12	106	9	954
812	8	12	8-7-1-0-2-5-10-15-14-13-12	106	10	1060
812	8	12	8-7-9-14-15-17-19-20-18-16-12	106	10	1060
813	8	13	8-11-12-13	31	3	93
813	8	13	8-7-9-14-13	31	4	124
813	8	13	8-7-6-5-10-15-14-13	31	7	217
813	8	13	8-7-1-2-5-10-15-14-13	31	8	248
813	8	13	8-7-1-0-2-5-10-15-14-13	31	9	279
813	8	13	8-7-1-3-4-5-10-15-14-13	31	9	279
814	8	14	8-7-9-14	48	3	144
814	8	14	8-11-12-13-14	48	4	192
814	8	14	8-7-6-5-10-15-14	48	6	288
814	8	14	8-7-1-2-5-10-15-14	48	7	336
814	8	14	8-7-1-0-2-5-10-15-14	48	8	384
814	8	14	8-7-1-3-4-5-10-15-14	48	8	384
815	8	15	8-7-9-14-15	61	4	244
815	8	15	8-11-12-13-14-15	61	5	305
815	8	15	8-7-6-5-10-15	61	5	305
815	8	15	8-7-1-2-5-10-15	61	6	366
815	8	15	8-7-1-0-2-5-10-15	61	7	427
815	8	15	8-7-1-3-4-5-10-15	61	7	427
816	8	16	8-11-12-16	114	3	342
816	8	16	8-7-9-14-13-12-16	114	6	684
816	8	16	8-7-6-5-10-15-14-13-12-16	114	9	1026
816	8	16	8-7-9-14-15-17-19-20-18-16	114	9	1026
816	8	16	8-7-1-2-5-10-15-14-13-12-16	114	10	1140
816	8	16	8-7-6-5-10-15-17-19-20-18-16	114	10	1140
817	8	17	8-7-9-14-15-17	98	5	490
817	8	17	8-11-12-13-14-15-17	98	6	588
817	8	17	8-7-6-5-10-15-17	98	6	588
817	8	17	8-7-1-2-5-10-15-17	98	7	686
817	8	17	8-11-12-16-18-20-19-17	98	7	686
817	8	17	8-7-1-0-2-5-10-15-17	98	8	784
818	8	18	8-11-12-16-18	26	4	104
818	8	18	8-7-9-14-13-12-16-18	26	7	182
818	8	18	8-7-9-14-15-17-19-20-18	26	8	208
818	8	18	8-11-12-13-14-15-17-19-20-18	26	9	234
818	8	18	8-7-6-5-10-15-17-19-20-18	26	9	234
818	8	18	8-7-6-5-10-15-14-13-12-16-18	26	10	260
819	8	19	8-7-9-14-15-17-19	22	6	132
819	8	19	8-11-12-16-18-20-19	22	6	132
819	8	19	8-11-12-13-14-15-17-19	22	7	154
819	8	19	8-7-6-5-10-15-17-19	22	7	154
819	8	19	8-7-1-2-5-10-15-17-19	22	8	176
819	8	19	8-7-1-0-2-5-10-15-17-19	22	9	198
820	8	20	8-11-12-16-18-20	5	5	25
820	8	20	8-7-9-14-15-17-19-20	5	7	35
820	8	20	8-7-9-14-13-12-16-18-20	5	8	40
820	8	20	8-7-6-5-10-15-17-19-20	5	8	40
820	8	20	8-11-12-13-14-15-17-19-20	5	8	40
820	8	20	8-7-1-2-5-10-15-17-19-20	5	9	45
90	9	0	9-7-1-0	6	3	18
90	9	0	9-7-1-2-0	6	4	24
90	9	0	9-7-6-5-2-0	6	5	30
90	9	0	9-7-6-5-2-1-0	6	6	36
90	9	0	9-14-15-10-5-2-0	6	6	36
90	9	0	9-14-15-10-5-2-1-0	6	7	42
91	9	1	9-7-1	35	2	70
91	9	1	9-7-6-5-2-1	35	5	175
91	9	1	9-7-6-5-2-0-1	35	6	210
91	9	1	9-7-6-5-4-3-1	35	6	210
91	9	1	9-14-15-10-5-2-1	35	6	210
91	9	1	9-14-15-10-5-2-0-1	35	7	245
92	9	2	9-7-1-2	145	3	435
92	9	2	9-7-1-0-2	145	4	580
92	9	2	9-7-6-5-2	145	4	580
92	9	2	9-14-15-10-5-2	145	5	725
92	9	2	9-7-1-3-4-5-2	145	6	870
92	9	2	9-7-6-5-4-3-1-2	145	7	1015
93	9	3	9-7-1-3	96	3	288
93	9	3	9-7-6-5-4-3	96	5	480
93	9	3	9-7-6-5-2-1-3	96	6	576
93	9	3	9-14-15-10-5-4-3	96	6	576
93	9	3	9-7-1-2-5-4-3	96	6	576
93	9	3	9-7-6-5-2-0-1-3	96	7	672
94	9	4	9-7-1-3-4	73	4	292
94	9	4	9-7-6-5-4	73	4	292
94	9	4	9-7-1-2-5-4	73	5	365
94	9	4	9-14-15-10-5-4	73	5	365
94	9	4	9-7-1-0-2-5-4	73	6	438
94	9	4	9-7-6-5-2-1-3-4	73	7	511
95	9	5	9-7-6-5	113	3	339
95	9	5	9-7-1-2-5	113	4	452
95	9	5	9-14-15-10-5	113	4	452
95	9	5	9-7-1-0-2-5	113	5	565
95	9	5	9-7-1-3-4-5	113	5	565
95	9	5	9-14-13-12-11-8-7-6-5	113	8	904
96	9	6	9-7-6	120	2	240
96	9	6	9-7-1-2-5-6	120	5	600
96	9	6	9-14-15-10-5-6	120	5	600
96	9	6	9-7-1-0-2-5-6	120	6	720
96	9	6	9-7-1-3-4-5-6	120	6	720
96	9	6	9-14-13-12-11-8-7-6	120	7	840
97	9	7	9-7	29	1	29
97	9	7	9-14-15-10-5-6-7	29	6	174
97	9	7	9-14-13-12-11-8-7	29	6	174
97	9	7	9-14-15-10-5-2-1-7	29	7	203
97	9	7	9-14-15-10-5-2-0-1-7	29	8	232
97	9	7	9-14-15-10-5-4-3-1-7	29	8	232
98	9	8	9-7-8	122	2	244
98	9	8	9-14-13-12-11-8	122	5	610
98	9	8	9-14-15-10-5-6-7-8	122	7	854
98	9	8	9-14-15-10-5-2-1-7-8	122	8	976
98	9	8	9-14-15-10-5-2-0-1-7-8	122	9	1098
98	9	8	9-14-15-10-5-4-3-1-7-8	122	9	1098
910	9	10	9-14-15-10	90	3	270
910	9	10	9-7-6-5-10	90	4	360
910	9	10	9-7-1-2-5-10	90	5	450
910	9	10	9-7-1-0-2-5-10	90	6	540
910	9	10	9-7-1-3-4-5-10	90	6	540
910	9	10	9-7-8-11-12-13-14-15-10	90	8	720
911	9	11	9-7-8-11	41	3	123
911	9	11	9-14-13-12-11	41	4	164
911	9	11	9-14-15-10-5-6-7-8-11	41	8	328
911	9	11	9-7-6-5-10-15-14-13-12-11	41	9	369
911	9	11	9-14-15-10-5-2-1-7-8-11	41	9	369
911	9	11	9-14-15-17-19-20-18-16-12-11	41	9	369
912	9	12	9-14-13-12	46	3	138
912	9	12	9-7-8-11-12	46	4	184
912	9	12	9-7-6-5-10-15-14-13-12	46	8	368
912	9	12	9-14-15-17-19-20-18-16-12	46	8	368
912	9	12	9-14-15-10-5-6-7-8-11-12	46	9	414
912	9	12	9-7-1-2-5-10-15-14-13-12	46	9	414
913	9	13	9-14-13	115	2	230
913	9	13	9-7-8-11-12-13	115	5	575
913	9	13	9-7-6-5-10-15-14-13	115	7	805
913	9	13	9-7-1-2-5-10-15-14-13	115	8	920
913	9	13	9-14-15-17-19-20-18-16-12-13	115	9	1035
913	9	13	9-7-1-3-4-5-10-15-14-13	115	9	1035
914	9	14	9-14	136	1	136
914	9	14	9-7-8-11-12-13-14	136	6	816
914	9	14	9-7-6-5-10-15-14	136	6	816
914	9	14	9-7-1-2-5-10-15-14	136	7	952
914	9	14	9-7-1-0-2-5-10-15-14	136	8	1088
914	9	14	9-7-1-3-4-5-10-15-14	136	8	1088
915	9	15	9-14-15	29	2	58
915	9	15	9-7-6-5-10-15	29	5	145
915	9	15	9-7-1-2-5-10-15	29	6	174
915	9	15	9-7-8-11-12-13-14-15	29	7	203
915	9	15	9-7-1-3-4-5-10-15	29	7	203
915	9	15	9-7-1-0-2-5-10-15	29	7	203
916	9	16	9-14-13-12-16	18	4	72
916	9	16	9-7-8-11-12-16	18	5	90
916	9	16	9-14-15-17-19-20-18-16	18	7	126
916	9	16	9-7-6-5-10-15-14-13-12-16	18	9	162
916	9	16	9-14-15-10-5-6-7-8-11-12-16	18	10	180
916	9	16	9-7-6-5-10-15-17-19-20-18-16	18	10	180
917	9	17	9-14-15-17	47	3	141
917	9	17	9-7-6-5-10-15-17	47	6	282
917	9	17	9-7-1-2-5-10-15-17	47	7	329
917	9	17	9-7-8-11-12-13-14-15-17	47	8	376
917	9	17	9-14-13-12-16-18-20-19-17	47	8	376
917	9	17	9-7-1-0-2-5-10-15-17	47	8	376
918	9	18	9-14-13-12-16-18	10	5	50
918	9	18	9-7-8-11-12-16-18	10	6	60
918	9	18	9-14-15-17-19-20-18	10	6	60
918	9	18	9-7-6-5-10-15-17-19-20-18	10	9	90
918	9	18	9-7-6-5-10-15-14-13-12-16-18	10	10	100
918	9	18	9-7-1-2-5-10-15-17-19-20-18	10	10	100
919	9	19	9-14-15-17-19	1	4	4
919	9	19	9-7-6-5-10-15-17-19	1	7	7
919	9	19	9-14-13-12-16-18-20-19	1	7	7
919	9	19	9-7-1-2-5-10-15-17-19	1	8	8
919	9	19	9-7-8-11-12-16-18-20-19	1	8	8
919	9	19	9-7-8-11-12-13-14-15-17-19	1	9	9
920	9	20	9-14-15-17-19-20	26	5	130
920	9	20	9-14-13-12-16-18-20	26	6	156
920	9	20	9-7-8-11-12-16-18-20	26	7	182
920	9	20	9-7-6-5-10-15-17-19-20	26	8	208
920	9	20	9-7-1-2-5-10-15-17-19-20	26	9	234
920	9	20	9-7-8-11-12-13-14-15-17-19-20	26	10	260
100	10	0	10-5-2-0	96	3	288
100	10	0	10-5-2-1-0	96	4	384
100	10	0	10-5-4-3-1-0	96	5	480
100	10	0	10-5-6-7-1-0	96	5	480
100	10	0	10-15-14-9-7-1-0	96	6	576
100	10	0	10-5-6-7-1-2-0	96	6	576
101	10	1	10-5-2-1	31	3	93
101	10	1	10-5-2-0-1	31	4	124
101	10	1	10-5-6-7-1	31	4	124
101	10	1	10-5-4-3-1	31	4	124
101	10	1	10-15-14-9-7-1	31	5	155
101	10	1	10-15-14-9-7-6-5-2-1	31	8	248
102	10	2	10-5-2	11	2	22
102	10	2	10-5-4-3-1-2	11	5	55
102	10	2	10-5-6-7-1-2	11	5	55
102	10	2	10-5-4-3-1-0-2	11	6	66
102	10	2	10-15-14-9-7-1-2	11	6	66
102	10	2	10-5-6-7-1-0-2	11	6	66
103	10	3	10-5-4-3	0	3	0
103	10	3	10-5-2-1-3	0	4	0
103	10	3	10-5-2-0-1-3	0	5	0
103	10	3	10-5-6-7-1-3	0	5	0
103	10	3	10-15-14-9-7-1-3	0	6	0
103	10	3	10-15-14-9-7-6-5-4-3	0	8	0
104	10	4	10-5-4	143	2	286
104	10	4	10-5-2-1-3-4	143	5	715
104	10	4	10-5-2-0-1-3-4	143	6	858
104	10	4	10-5-6-7-1-3-4	143	6	858
104	10	4	10-15-14-9-7-1-3-4	143	7	1001
104	10	4	10-15-14-9-7-6-5-4	143	7	1001
105	10	5	10-5	37	1	37
105	10	5	10-15-14-9-7-6-5	37	6	222
105	10	5	10-15-14-9-7-1-2-5	37	7	259
105	10	5	10-15-14-9-7-1-0-2-5	37	8	296
105	10	5	10-15-14-9-7-1-3-4-5	37	8	296
105	10	5	10-15-14-13-12-11-8-7-6-5	37	9	333
106	10	6	10-5-6	107	2	214
106	10	6	10-5-2-1-7-6	107	5	535
106	10	6	10-15-14-9-7-6	107	5	535
106	10	6	10-5-2-0-1-7-6	107	6	642
106	10	6	10-5-4-3-1-7-6	107	6	642
106	10	6	10-15-14-9-7-1-2-5-6	107	8	856
107	10	7	10-5-6-7	97	3	291
107	10	7	10-5-2-1-7	97	4	388
107	10	7	10-15-14-9-7	97	4	388
107	10	7	10-5-2-0-1-7	97	5	485
107	10	7	10-5-4-3-1-7	97	5	485
107	10	7	10-15-14-13-12-11-8-7	97	7	679
108	10	8	10-5-6-7-8	120	4	480
108	10	8	10-5-2-1-7-8	120	5	600
108	10	8	10-15-14-9-7-8	120	5	600
108	10	8	10-15-14-13-12-11-8	120	6	720
108	10	8	10-5-4-3-1-7-8	120	6	720
108	10	8	10-5-2-0-1-7-8	120	6	720
109	10	9	10-15-14-9	99	3	297
109	10	9	10-5-6-7-9	99	4	396
109	10	9	10-5-2-1-7-9	99	5	495
109	10	9	10-5-2-0-1-7-9	99	6	594
109	10	9	10-5-4-3-1-7-9	99	6	594
109	10	9	10-15-14-13-12-11-8-7-9	99	8	792
1011	10	11	10-15-14-13-12-11	85	5	425
1011	10	11	10-5-6-7-8-11	85	5	425
1011	10	11	10-5-2-1-7-8-11	85	6	510
1011	10	11	10-15-14-9-7-8-11	85	6	510
1011	10	11	10-5-2-0-1-7-8-11	85	7	595
1011	10	11	10-5-4-3-1-7-8-11	85	7	595
1012	10	12	10-15-14-13-12	88	4	352
1012	10	12	10-5-6-7-8-11-12	88	6	528
1012	10	12	10-5-2-1-7-8-11-12	88	7	616
1012	10	12	10-15-17-19-20-18-16-12	88	7	616
1012	10	12	10-5-6-7-9-14-13-12	88	7	616
1012	10	12	10-15-14-9-7-8-11-12	88	7	616
1013	10	13	10-15-14-13	143	3	429
1013	10	13	10-5-6-7-9-14-13	143	6	858
1013	10	13	10-5-6-7-8-11-12-13	143	7	1001
1013	10	13	10-5-2-1-7-9-14-13	143	7	1001
1013	10	13	10-5-2-1-7-8-11-12-13	143	8	1144
1013	10	13	10-5-4-3-1-7-9-14-13	143	8	1144
1014	10	14	10-15-14	83	2	166
1014	10	14	10-5-6-7-9-14	83	5	415
1014	10	14	10-5-2-1-7-9-14	83	6	498
1014	10	14	10-5-2-0-1-7-9-14	83	7	581
1014	10	14	10-5-4-3-1-7-9-14	83	7	581
1014	10	14	10-5-6-7-8-11-12-13-14	83	8	664
1015	10	15	10-15	51	1	51
1015	10	15	10-5-6-7-9-14-15	51	6	306
1015	10	15	10-5-2-1-7-9-14-15	51	7	357
1015	10	15	10-5-2-0-1-7-9-14-15	51	8	408
1015	10	15	10-5-4-3-1-7-9-14-15	51	8	408
1015	10	15	10-5-6-7-8-11-12-13-14-15	51	9	459
1016	10	16	10-15-14-13-12-16	114	5	570
1016	10	16	10-15-17-19-20-18-16	114	6	684
1016	10	16	10-5-6-7-8-11-12-16	114	7	798
1016	10	16	10-5-2-1-7-8-11-12-16	114	8	912
1016	10	16	10-15-14-9-7-8-11-12-16	114	8	912
1016	10	16	10-5-6-7-9-14-13-12-16	114	8	912
1017	10	17	10-15-17	57	2	114
1017	10	17	10-5-6-7-9-14-15-17	57	7	399
1017	10	17	10-5-2-1-7-9-14-15-17	57	8	456
1017	10	17	10-5-2-0-1-7-9-14-15-17	57	9	513
1017	10	17	10-15-14-13-12-16-18-20-19-17	57	9	513
1017	10	17	10-5-4-3-1-7-9-14-15-17	57	9	513
1018	10	18	10-15-17-19-20-18	146	5	730
1018	10	18	10-15-14-13-12-16-18	146	6	876
1018	10	18	10-5-6-7-8-11-12-16-18	146	8	1168
1018	10	18	10-5-2-1-7-8-11-12-16-18	146	9	1314
1018	10	18	10-5-6-7-9-14-13-12-16-18	146	9	1314
1018	10	18	10-15-14-9-7-8-11-12-16-18	146	9	1314
1019	10	19	10-15-17-19	81	3	243
1019	10	19	10-5-6-7-9-14-15-17-19	81	8	648
1019	10	19	10-15-14-13-12-16-18-20-19	81	8	648
1019	10	19	10-5-2-1-7-9-14-15-17-19	81	9	729
1019	10	19	10-5-2-0-1-7-9-14-15-17-19	81	10	810
1019	10	19	10-5-6-7-8-11-12-16-18-20-19	81	10	810
1020	10	20	10-15-17-19-20	75	4	300
1020	10	20	10-15-14-13-12-16-18-20	75	7	525
1020	10	20	10-5-6-7-8-11-12-16-18-20	75	9	675
1020	10	20	10-5-6-7-9-14-15-17-19-20	75	9	675
1020	10	20	10-5-2-1-7-8-11-12-16-18-20	75	10	750
1020	10	20	10-5-2-1-7-9-14-15-17-19-20	75	10	750
110	11	0	11-8-7-1-0	141	4	564
110	11	0	11-8-7-1-2-0	141	5	705
110	11	0	11-8-7-6-5-2-0	141	6	846
110	11	0	11-8-7-6-5-2-1-0	141	7	987
110	11	0	11-12-13-14-9-7-1-0	141	7	987
110	11	0	11-8-7-6-5-4-3-1-0	141	8	1128
111	11	1	11-8-7-1	65	3	195
111	11	1	11-8-7-6-5-2-1	65	6	390
111	11	1	11-12-13-14-9-7-1	65	6	390
111	11	1	11-8-7-6-5-2-0-1	65	7	455
111	11	1	11-8-7-6-5-4-3-1	65	7	455
111	11	1	11-12-13-14-15-10-5-2-1	65	8	520
112	11	2	11-8-7-1-2	51	4	204
112	11	2	11-8-7-1-0-2	51	5	255
112	11	2	11-8-7-6-5-2	51	5	255
112	11	2	11-12-13-14-9-7-1-2	51	7	357
112	11	2	11-12-13-14-15-10-5-2	51	7	357
112	11	2	11-8-7-1-3-4-5-2	51	7	357
113	11	3	11-8-7-1-3	111	4	444
113	11	3	11-8-7-6-5-4-3	111	6	666
113	11	3	11-8-7-6-5-2-1-3	111	7	777
113	11	3	11-8-7-1-2-5-4-3	111	7	777
113	11	3	11-12-13-14-9-7-1-3	111	7	777
113	11	3	11-8-7-6-5-2-0-1-3	111	8	888
114	11	4	11-8-7-1-3-4	21	5	105
114	11	4	11-8-7-6-5-4	21	5	105
114	11	4	11-8-7-1-2-5-4	21	6	126
114	11	4	11-8-7-1-0-2-5-4	21	7	147
114	11	4	11-12-13-14-15-10-5-4	21	7	147
114	11	4	11-8-7-6-5-2-1-3-4	21	8	168
115	11	5	11-8-7-6-5	136	4	544
115	11	5	11-8-7-1-2-5	136	5	680
115	11	5	11-8-7-1-0-2-5	136	6	816
115	11	5	11-12-13-14-15-10-5	136	6	816
115	11	5	11-8-7-1-3-4-5	136	6	816
115	11	5	11-12-13-14-9-7-6-5	136	7	952
116	11	6	11-8-7-6	48	3	144
116	11	6	11-8-7-1-2-5-6	48	6	288
116	11	6	11-12-13-14-9-7-6	48	6	288
116	11	6	11-8-7-1-0-2-5-6	48	7	336
116	11	6	11-8-7-1-3-4-5-6	48	7	336
116	11	6	11-12-13-14-15-10-5-6	48	7	336
117	11	7	11-8-7	61	2	122
117	11	7	11-12-13-14-9-7	61	5	305
117	11	7	11-12-13-14-15-10-5-6-7	61	8	488
117	11	7	11-12-13-14-15-10-5-2-1-7	61	9	549
117	11	7	11-12-13-14-15-10-5-2-0-1-7	61	10	610
117	11	7	11-12-16-18-20-19-17-15-14-9-7	61	10	610
118	11	8	11-8	27	1	27
118	11	8	11-12-13-14-9-7-8	27	6	162
118	11	8	11-12-13-14-15-10-5-6-7-8	27	9	243
118	11	8	11-12-13-14-15-10-5-2-1-7-8	27	10	270
118	11	8	11-12-13-14-15-10-5-2-0-1-7-8	27	11	297
118	11	8	11-12-13-14-15-10-5-4-3-1-7-8	27	11	297
119	11	9	11-8-7-9	96	3	288
119	11	9	11-12-13-14-9	96	4	384
119	11	9	11-8-7-6-5-10-15-14-9	96	8	768
119	11	9	11-12-16-18-20-19-17-15-14-9	96	9	864
119	11	9	11-12-13-14-15-10-5-6-7-9	96	9	864
119	11	9	11-8-7-1-2-5-10-15-14-9	96	9	864
1110	11	10	11-12-13-14-15-10	30	5	150
1110	11	10	11-8-7-6-5-10	30	5	150
1110	11	10	11-8-7-9-14-15-10	30	6	180
1110	11	10	11-8-7-1-2-5-10	30	6	180
1110	11	10	11-8-7-1-0-2-5-10	30	7	210
1110	11	10	11-8-7-1-3-4-5-10	30	7	210
1112	11	12	11-12	135	1	135
1112	11	12	11-8-7-9-14-13-12	135	6	810
1112	11	12	11-8-7-6-5-10-15-14-13-12	135	9	1215
1112	11	12	11-8-7-1-2-5-10-15-14-13-12	135	10	1350
1112	11	12	11-8-7-1-0-2-5-10-15-14-13-12	135	11	1485
1112	11	12	11-8-7-9-14-15-17-19-20-18-16-12	135	11	1485
1113	11	13	11-12-13	104	2	208
1113	11	13	11-8-7-9-14-13	104	5	520
1113	11	13	11-8-7-6-5-10-15-14-13	104	8	832
1113	11	13	11-12-16-18-20-19-17-15-14-13	104	9	936
1113	11	13	11-8-7-1-2-5-10-15-14-13	104	9	936
1113	11	13	11-8-7-1-0-2-5-10-15-14-13	104	10	1040
1114	11	14	11-12-13-14	55	3	165
1114	11	14	11-8-7-9-14	55	4	220
1114	11	14	11-8-7-6-5-10-15-14	55	7	385
1114	11	14	11-12-16-18-20-19-17-15-14	55	8	440
1114	11	14	11-8-7-1-2-5-10-15-14	55	8	440
1114	11	14	11-8-7-1-0-2-5-10-15-14	55	9	495
1115	11	15	11-12-13-14-15	33	4	132
1115	11	15	11-8-7-9-14-15	33	5	165
1115	11	15	11-8-7-6-5-10-15	33	6	198
1115	11	15	11-12-16-18-20-19-17-15	33	7	231
1115	11	15	11-8-7-1-2-5-10-15	33	7	231
1115	11	15	11-8-7-1-0-2-5-10-15	33	8	264
1116	11	16	11-12-16	87	2	174
1116	11	16	11-8-7-9-14-13-12-16	87	7	609
1116	11	16	11-12-13-14-15-17-19-20-18-16	87	9	783
1116	11	16	11-8-7-6-5-10-15-14-13-12-16	87	10	870
1116	11	16	11-8-7-9-14-15-17-19-20-18-16	87	10	870
1116	11	16	11-8-7-1-2-5-10-15-14-13-12-16	87	11	957
1117	11	17	11-12-13-14-15-17	76	5	380
1117	11	17	11-8-7-9-14-15-17	76	6	456
1117	11	17	11-12-16-18-20-19-17	76	6	456
1117	11	17	11-8-7-6-5-10-15-17	76	7	532
1117	11	17	11-8-7-1-2-5-10-15-17	76	8	608
1117	11	17	11-8-7-1-0-2-5-10-15-17	76	9	684
1118	11	18	11-12-16-18	120	3	360
1118	11	18	11-8-7-9-14-13-12-16-18	120	8	960
1118	11	18	11-12-13-14-15-17-19-20-18	120	8	960
1118	11	18	11-8-7-9-14-15-17-19-20-18	120	9	1080
1118	11	18	11-8-7-6-5-10-15-17-19-20-18	120	10	1200
1118	11	18	11-8-7-6-5-10-15-14-13-12-16-18	120	11	1320
1119	11	19	11-12-16-18-20-19	9	5	45
1119	11	19	11-12-13-14-15-17-19	9	6	54
1119	11	19	11-8-7-9-14-15-17-19	9	7	63
1119	11	19	11-8-7-6-5-10-15-17-19	9	8	72
1119	11	19	11-8-7-1-2-5-10-15-17-19	9	9	81
1119	11	19	11-8-7-1-0-2-5-10-15-17-19	9	10	90
1120	11	20	11-12-16-18-20	32	4	128
1120	11	20	11-12-13-14-15-17-19-20	32	7	224
1120	11	20	11-8-7-9-14-15-17-19-20	32	8	256
1120	11	20	11-8-7-9-14-13-12-16-18-20	32	9	288
1120	11	20	11-8-7-6-5-10-15-17-19-20	32	9	288
1120	11	20	11-8-7-1-2-5-10-15-17-19-20	32	10	320
120	12	0	12-11-8-7-1-0	114	5	570
120	12	0	12-13-14-9-7-1-0	114	6	684
120	12	0	12-11-8-7-1-2-0	114	6	684
120	12	0	12-13-14-9-7-1-2-0	114	7	798
120	12	0	12-11-8-7-6-5-2-0	114	7	798
120	12	0	12-13-14-15-10-5-2-0	114	7	798
121	12	1	12-11-8-7-1	131	4	524
121	12	1	12-13-14-9-7-1	131	5	655
121	12	1	12-11-8-7-6-5-2-1	131	7	917
121	12	1	12-13-14-15-10-5-2-1	131	7	917
121	12	1	12-11-8-7-6-5-2-0-1	131	8	1048
121	12	1	12-13-14-15-10-5-6-7-1	131	8	1048
122	12	2	12-11-8-7-1-2	131	5	655
122	12	2	12-11-8-7-1-0-2	131	6	786
122	12	2	12-13-14-15-10-5-2	131	6	786
122	12	2	12-11-8-7-6-5-2	131	6	786
122	12	2	12-13-14-9-7-1-2	131	6	786
122	12	2	12-13-14-9-7-1-0-2	131	7	917
123	12	3	12-11-8-7-1-3	112	5	560
123	12	3	12-13-14-9-7-1-3	112	6	672
123	12	3	12-11-8-7-6-5-4-3	112	7	784
123	12	3	12-13-14-15-10-5-4-3	112	7	784
123	12	3	12-13-14-15-10-5-2-1-3	112	8	896
123	12	3	12-13-14-9-7-6-5-4-3	112	8	896
124	12	4	12-11-8-7-1-3-4	86	6	516
124	12	4	12-13-14-15-10-5-4	86	6	516
124	12	4	12-11-8-7-6-5-4	86	6	516
124	12	4	12-13-14-9-7-1-3-4	86	7	602
124	12	4	12-13-14-9-7-6-5-4	86	7	602
124	12	4	12-11-8-7-1-2-5-4	86	7	602
125	12	5	12-11-8-7-6-5	145	5	725
125	12	5	12-13-14-15-10-5	145	5	725
125	12	5	12-11-8-7-1-2-5	145	6	870
125	12	5	12-13-14-9-7-6-5	145	6	870
125	12	5	12-11-8-7-1-0-2-5	145	7	1015
125	12	5	12-11-8-7-1-3-4-5	145	7	1015
126	12	6	12-11-8-7-6	40	4	160
126	12	6	12-13-14-9-7-6	40	5	200
126	12	6	12-13-14-15-10-5-6	40	6	240
126	12	6	12-11-8-7-1-2-5-6	40	7	280
126	12	6	12-11-8-7-1-0-2-5-6	40	8	320
126	12	6	12-13-14-9-7-1-2-5-6	40	8	320
127	12	7	12-11-8-7	32	3	96
127	12	7	12-13-14-9-7	32	4	128
127	12	7	12-13-14-15-10-5-6-7	32	7	224
127	12	7	12-13-14-15-10-5-2-1-7	32	8	256
127	12	7	12-13-14-15-10-5-2-0-1-7	32	9	288
127	12	7	12-16-18-20-19-17-15-14-9-7	32	9	288
128	12	8	12-11-8	30	2	60
128	12	8	12-13-14-9-7-8	30	5	150
128	12	8	12-13-14-15-10-5-6-7-8	30	8	240
128	12	8	12-13-14-15-10-5-2-1-7-8	30	9	270
128	12	8	12-13-14-15-10-5-2-0-1-7-8	30	10	300
128	12	8	12-13-14-15-10-5-4-3-1-7-8	30	10	300
129	12	9	12-13-14-9	23	3	69
129	12	9	12-11-8-7-9	23	4	92
129	12	9	12-16-18-20-19-17-15-14-9	23	8	184
129	12	9	12-13-14-15-10-5-6-7-9	23	8	184
129	12	9	12-11-8-7-6-5-10-15-14-9	23	9	207
129	12	9	12-13-14-15-10-5-2-1-7-9	23	9	207
1210	12	10	12-13-14-15-10	58	4	232
1210	12	10	12-11-8-7-6-5-10	58	6	348
1210	12	10	12-11-8-7-9-14-15-10	58	7	406
1210	12	10	12-13-14-9-7-6-5-10	58	7	406
1210	12	10	12-11-8-7-1-2-5-10	58	7	406
1210	12	10	12-16-18-20-19-17-15-10	58	7	406
1211	12	11	12-11	65	1	65
1211	12	11	12-13-14-9-7-8-11	65	6	390
1211	12	11	12-13-14-15-10-5-6-7-8-11	65	9	585
1211	12	11	12-13-14-15-10-5-2-1-7-8-11	65	10	650
1211	12	11	12-13-14-15-10-5-2-0-1-7-8-11	65	11	715
1211	12	11	12-16-18-20-19-17-15-14-9-7-8-11	65	11	715
1213	12	13	12-13	146	1	146
1213	12	13	12-11-8-7-9-14-13	146	6	876
1213	12	13	12-16-18-20-19-17-15-14-13	146	8	1168
1213	12	13	12-11-8-7-6-5-10-15-14-13	146	9	1314
1213	12	13	12-11-8-7-1-2-5-10-15-14-13	146	10	1460
1213	12	13	12-11-8-7-1-0-2-5-10-15-14-13	146	11	1606
1214	12	14	12-13-14	49	2	98
1214	12	14	12-11-8-7-9-14	49	5	245
1214	12	14	12-16-18-20-19-17-15-14	49	7	343
1214	12	14	12-11-8-7-6-5-10-15-14	49	8	392
1214	12	14	12-11-8-7-1-2-5-10-15-14	49	9	441
1214	12	14	12-11-8-7-1-0-2-5-10-15-14	49	10	490
1215	12	15	12-13-14-15	135	3	405
1215	12	15	12-11-8-7-9-14-15	135	6	810
1215	12	15	12-16-18-20-19-17-15	135	6	810
1215	12	15	12-11-8-7-6-5-10-15	135	7	945
1215	12	15	12-11-8-7-1-2-5-10-15	135	8	1080
1215	12	15	12-13-14-9-7-6-5-10-15	135	8	1080
1216	12	16	12-16	118	1	118
1216	12	16	12-13-14-15-17-19-20-18-16	118	8	944
1216	12	16	12-11-8-7-9-14-15-17-19-20-18-16	118	11	1298
1216	12	16	12-11-8-7-6-5-10-15-17-19-20-18-16	118	12	1416
1216	12	16	12-11-8-7-1-2-5-10-15-17-19-20-18-16	118	13	1534
1216	12	16	12-13-14-9-7-6-5-10-15-17-19-20-18-16	118	13	1534
1217	12	17	12-13-14-15-17	48	4	192
1217	12	17	12-16-18-20-19-17	48	5	240
1217	12	17	12-11-8-7-9-14-15-17	48	7	336
1217	12	17	12-11-8-7-6-5-10-15-17	48	8	384
1217	12	17	12-11-8-7-1-2-5-10-15-17	48	9	432
1217	12	17	12-13-14-9-7-6-5-10-15-17	48	9	432
1218	12	18	12-16-18	86	2	172
1218	12	18	12-13-14-15-17-19-20-18	86	7	602
1218	12	18	12-11-8-7-9-14-15-17-19-20-18	86	10	860
1218	12	18	12-11-8-7-6-5-10-15-17-19-20-18	86	11	946
1218	12	18	12-11-8-7-1-2-5-10-15-17-19-20-18	86	12	1032
1218	12	18	12-13-14-9-7-6-5-10-15-17-19-20-18	86	12	1032
1219	12	19	12-16-18-20-19	102	4	408
1219	12	19	12-13-14-15-17-19	102	5	510
1219	12	19	12-11-8-7-9-14-15-17-19	102	8	816
1219	12	19	12-11-8-7-6-5-10-15-17-19	102	9	918
1219	12	19	12-11-8-7-1-2-5-10-15-17-19	102	10	1020
1219	12	19	12-13-14-9-7-6-5-10-15-17-19	102	10	1020
1220	12	20	12-16-18-20	15	3	45
1220	12	20	12-13-14-15-17-19-20	15	6	90
1220	12	20	12-11-8-7-9-14-15-17-19-20	15	9	135
1220	12	20	12-11-8-7-6-5-10-15-17-19-20	15	10	150
1220	12	20	12-11-8-7-1-2-5-10-15-17-19-20	15	11	165
1220	12	20	12-13-14-9-7-6-5-10-15-17-19-20	15	11	165
130	13	0	13-14-9-7-1-0	33	5	165
130	13	0	13-12-11-8-7-1-0	33	6	198
130	13	0	13-14-15-10-5-2-0	33	6	198
130	13	0	13-14-9-7-1-2-0	33	6	198
130	13	0	13-14-15-10-5-2-1-0	33	7	231
130	13	0	13-14-9-7-6-5-2-0	33	7	231
131	13	1	13-14-9-7-1	75	4	300
131	13	1	13-12-11-8-7-1	75	5	375
131	13	1	13-14-15-10-5-2-1	75	6	450
131	13	1	13-14-15-10-5-2-0-1	75	7	525
131	13	1	13-14-15-10-5-6-7-1	75	7	525
131	13	1	13-14-15-10-5-4-3-1	75	7	525
132	13	2	13-14-9-7-1-2	10	5	50
132	13	2	13-14-15-10-5-2	10	5	50
132	13	2	13-14-9-7-1-0-2	10	6	60
132	13	2	13-14-9-7-6-5-2	10	6	60
132	13	2	13-12-11-8-7-1-2	10	6	60
132	13	2	13-12-11-8-7-1-0-2	10	7	70
133	13	3	13-14-9-7-1-3	29	5	145
133	13	3	13-12-11-8-7-1-3	29	6	174
133	13	3	13-14-15-10-5-4-3	29	6	174
133	13	3	13-14-15-10-5-2-1-3	29	7	203
133	13	3	13-14-9-7-6-5-4-3	29	7	203
133	13	3	13-14-15-10-5-2-0-1-3	29	8	232
134	13	4	13-14-15-10-5-4	102	5	510
134	13	4	13-14-9-7-1-3-4	102	6	612
134	13	4	13-14-9-7-6-5-4	102	6	612
134	13	4	13-12-11-8-7-1-3-4	102	7	714
134	13	4	13-12-11-8-7-6-5-4	102	7	714
134	13	4	13-14-9-7-1-2-5-4	102	7	714
135	13	5	13-14-15-10-5	83	4	332
135	13	5	13-14-9-7-6-5	83	5	415
135	13	5	13-14-9-7-1-2-5	83	6	498
135	13	5	13-12-11-8-7-6-5	83	6	498
135	13	5	13-14-9-7-1-0-2-5	83	7	581
135	13	5	13-14-9-7-1-3-4-5	83	7	581
136	13	6	13-14-9-7-6	61	4	244
136	13	6	13-14-15-10-5-6	61	5	305
136	13	6	13-12-11-8-7-6	61	5	305
136	13	6	13-14-9-7-1-2-5-6	61	7	427
136	13	6	13-14-9-7-1-0-2-5-6	61	8	488
136	13	6	13-14-15-10-5-2-1-7-6	61	8	488
137	13	7	13-14-9-7	59	3	177
137	13	7	13-12-11-8-7	59	4	236
137	13	7	13-14-15-10-5-6-7	59	6	354
137	13	7	13-14-15-10-5-2-1-7	59	7	413
137	13	7	13-14-15-10-5-2-0-1-7	59	8	472
137	13	7	13-14-15-10-5-4-3-1-7	59	8	472
138	13	8	13-12-11-8	34	3	102
138	13	8	13-14-9-7-8	34	4	136
138	13	8	13-14-15-10-5-6-7-8	34	7	238
138	13	8	13-14-15-10-5-2-1-7-8	34	8	272
138	13	8	13-14-15-10-5-2-0-1-7-8	34	9	306
138	13	8	13-14-15-10-5-4-3-1-7-8	34	9	306
139	13	9	13-14-9	120	2	240
139	13	9	13-12-11-8-7-9	120	5	600
139	13	9	13-14-15-10-5-6-7-9	120	7	840
139	13	9	13-14-15-10-5-2-1-7-9	120	8	960
139	13	9	13-12-16-18-20-19-17-15-14-9	120	9	1080
139	13	9	13-14-15-10-5-4-3-1-7-9	120	9	1080
1310	13	10	13-14-15-10	76	3	228
1310	13	10	13-14-9-7-6-5-10	76	6	456
1310	13	10	13-14-9-7-1-2-5-10	76	7	532
1310	13	10	13-12-11-8-7-6-5-10	76	7	532
1310	13	10	13-12-11-8-7-9-14-15-10	76	8	608
1310	13	10	13-12-11-8-7-1-2-5-10	76	8	608
1311	13	11	13-12-11	134	2	268
1311	13	11	13-14-9-7-8-11	134	5	670
1311	13	11	13-14-15-10-5-6-7-8-11	134	8	1072
1311	13	11	13-14-15-17-19-20-18-16-12-11	134	9	1206
1311	13	11	13-14-15-10-5-2-1-7-8-11	134	9	1206
1311	13	11	13-14-15-10-5-2-0-1-7-8-11	134	10	1340
1312	13	12	13-12	72	1	72
1312	13	12	13-14-9-7-8-11-12	72	6	432
1312	13	12	13-14-15-17-19-20-18-16-12	72	8	576
1312	13	12	13-14-15-10-5-6-7-8-11-12	72	9	648
1312	13	12	13-14-15-10-5-2-1-7-8-11-12	72	10	720
1312	13	12	13-14-15-10-5-2-0-1-7-8-11-12	72	11	792
1314	13	14	13-14	77	1	77
1314	13	14	13-12-11-8-7-9-14	77	6	462
1314	13	14	13-12-16-18-20-19-17-15-14	77	8	616
1314	13	14	13-12-11-8-7-6-5-10-15-14	77	9	693
1314	13	14	13-12-11-8-7-1-2-5-10-15-14	77	10	770
1314	13	14	13-12-11-8-7-1-0-2-5-10-15-14	77	11	847
1315	13	15	13-14-15	77	2	154
1315	13	15	13-12-11-8-7-9-14-15	77	7	539
1315	13	15	13-14-9-7-6-5-10-15	77	7	539
1315	13	15	13-12-16-18-20-19-17-15	77	7	539
1315	13	15	13-14-9-7-1-2-5-10-15	77	8	616
1315	13	15	13-12-11-8-7-6-5-10-15	77	8	616
1316	13	16	13-12-16	63	2	126
1316	13	16	13-14-9-7-8-11-12-16	63	7	441
1316	13	16	13-14-15-17-19-20-18-16	63	7	441
1316	13	16	13-14-15-10-5-6-7-8-11-12-16	63	10	630
1316	13	16	13-14-15-10-5-2-1-7-8-11-12-16	63	11	693
1316	13	16	13-14-15-10-5-2-0-1-7-8-11-12-16	63	12	756
1317	13	17	13-14-15-17	138	3	414
1317	13	17	13-12-16-18-20-19-17	138	6	828
1317	13	17	13-12-11-8-7-9-14-15-17	138	8	1104
1317	13	17	13-14-9-7-6-5-10-15-17	138	8	1104
1317	13	17	13-14-9-7-1-2-5-10-15-17	138	9	1242
1317	13	17	13-12-11-8-7-6-5-10-15-17	138	9	1242
1318	13	18	13-12-16-18	94	3	282
1318	13	18	13-14-15-17-19-20-18	94	6	564
1318	13	18	13-14-9-7-8-11-12-16-18	94	8	752
1318	13	18	13-14-15-10-5-6-7-8-11-12-16-18	94	11	1034
1318	13	18	13-14-9-7-6-5-10-15-17-19-20-18	94	11	1034
1318	13	18	13-12-11-8-7-9-14-15-17-19-20-18	94	11	1034
1319	13	19	13-14-15-17-19	48	4	192
1319	13	19	13-12-16-18-20-19	48	5	240
1319	13	19	13-12-11-8-7-9-14-15-17-19	48	9	432
1319	13	19	13-14-9-7-6-5-10-15-17-19	48	9	432
1319	13	19	13-14-9-7-1-2-5-10-15-17-19	48	10	480
1319	13	19	13-14-9-7-8-11-12-16-18-20-19	48	10	480
1320	13	20	13-12-16-18-20	94	4	376
1320	13	20	13-14-15-17-19-20	94	5	470
1320	13	20	13-14-9-7-8-11-12-16-18-20	94	9	846
1320	13	20	13-12-11-8-7-9-14-15-17-19-20	94	10	940
1320	13	20	13-14-9-7-6-5-10-15-17-19-20	94	10	940
1320	13	20	13-14-9-7-1-2-5-10-15-17-19-20	94	11	1034
140	14	0	14-9-7-1-0	16	4	64
140	14	0	14-9-7-1-2-0	16	5	80
140	14	0	14-15-10-5-2-0	16	5	80
140	14	0	14-15-10-5-2-1-0	16	6	96
140	14	0	14-9-7-6-5-2-0	16	6	96
140	14	0	14-9-7-6-5-2-1-0	16	7	112
141	14	1	14-9-7-1	95	3	285
141	14	1	14-15-10-5-2-1	95	5	475
141	14	1	14-15-10-5-2-0-1	95	6	570
141	14	1	14-13-12-11-8-7-1	95	6	570
141	14	1	14-15-10-5-6-7-1	95	6	570
141	14	1	14-15-10-5-4-3-1	95	6	570
142	14	2	14-9-7-1-2	134	4	536
142	14	2	14-15-10-5-2	134	4	536
142	14	2	14-9-7-1-0-2	134	5	670
142	14	2	14-9-7-6-5-2	134	5	670
142	14	2	14-15-10-5-4-3-1-2	134	7	938
142	14	2	14-9-7-1-3-4-5-2	134	7	938
143	14	3	14-9-7-1-3	28	4	112
143	14	3	14-15-10-5-4-3	28	5	140
143	14	3	14-15-10-5-2-1-3	28	6	168
143	14	3	14-9-7-6-5-4-3	28	6	168
143	14	3	14-15-10-5-2-0-1-3	28	7	196
143	14	3	14-9-7-1-2-5-4-3	28	7	196
144	14	4	14-15-10-5-4	135	4	540
144	14	4	14-9-7-1-3-4	135	5	675
144	14	4	14-9-7-6-5-4	135	5	675
144	14	4	14-9-7-1-2-5-4	135	6	810
144	14	4	14-15-10-5-2-1-3-4	135	7	945
144	14	4	14-9-7-1-0-2-5-4	135	7	945
145	14	5	14-15-10-5	103	3	309
145	14	5	14-9-7-6-5	103	4	412
145	14	5	14-9-7-1-2-5	103	5	515
145	14	5	14-9-7-1-0-2-5	103	6	618
145	14	5	14-9-7-1-3-4-5	103	6	618
145	14	5	14-13-12-11-8-7-6-5	103	7	721
146	14	6	14-9-7-6	46	3	138
146	14	6	14-15-10-5-6	46	4	184
146	14	6	14-9-7-1-2-5-6	46	6	276
146	14	6	14-13-12-11-8-7-6	46	6	276
146	14	6	14-9-7-1-0-2-5-6	46	7	322
146	14	6	14-15-10-5-2-1-7-6	46	7	322
147	14	7	14-9-7	122	2	244
147	14	7	14-15-10-5-6-7	122	5	610
147	14	7	14-13-12-11-8-7	122	5	610
147	14	7	14-15-10-5-2-1-7	122	6	732
147	14	7	14-15-10-5-2-0-1-7	122	7	854
147	14	7	14-15-10-5-4-3-1-7	122	7	854
148	14	8	14-9-7-8	67	3	201
148	14	8	14-13-12-11-8	67	4	268
148	14	8	14-15-10-5-6-7-8	67	6	402
148	14	8	14-15-10-5-2-1-7-8	67	7	469
148	14	8	14-15-10-5-2-0-1-7-8	67	8	536
148	14	8	14-15-10-5-4-3-1-7-8	67	8	536
149	14	9	14-9	133	1	133
149	14	9	14-15-10-5-6-7-9	133	6	798
149	14	9	14-13-12-11-8-7-9	133	6	798
149	14	9	14-15-10-5-2-1-7-9	133	7	931
149	14	9	14-15-10-5-2-0-1-7-9	133	8	1064
149	14	9	14-15-10-5-4-3-1-7-9	133	8	1064
1410	14	10	14-15-10	48	2	96
1410	14	10	14-9-7-6-5-10	48	5	240
1410	14	10	14-9-7-1-2-5-10	48	6	288
1410	14	10	14-9-7-1-0-2-5-10	48	7	336
1410	14	10	14-9-7-1-3-4-5-10	48	7	336
1410	14	10	14-13-12-11-8-7-6-5-10	48	8	384
1411	14	11	14-13-12-11	113	3	339
1411	14	11	14-9-7-8-11	113	4	452
1411	14	11	14-15-10-5-6-7-8-11	113	7	791
1411	14	11	14-15-17-19-20-18-16-12-11	113	8	904
1411	14	11	14-15-10-5-2-1-7-8-11	113	8	904
1411	14	11	14-15-10-5-2-0-1-7-8-11	113	9	1017
1412	14	12	14-13-12	114	2	228
1412	14	12	14-9-7-8-11-12	114	5	570
1412	14	12	14-15-17-19-20-18-16-12	114	7	798
1412	14	12	14-15-10-5-6-7-8-11-12	114	8	912
1412	14	12	14-15-10-5-2-1-7-8-11-12	114	9	1026
1412	14	12	14-15-10-5-2-0-1-7-8-11-12	114	10	1140
1413	14	13	14-13	36	1	36
1413	14	13	14-9-7-8-11-12-13	36	6	216
1413	14	13	14-15-17-19-20-18-16-12-13	36	8	288
1413	14	13	14-15-10-5-6-7-8-11-12-13	36	9	324
1413	14	13	14-15-10-5-2-1-7-8-11-12-13	36	10	360
1413	14	13	14-15-10-5-2-0-1-7-8-11-12-13	36	11	396
1415	14	15	14-15	137	1	137
1415	14	15	14-9-7-6-5-10-15	137	6	822
1415	14	15	14-9-7-1-2-5-10-15	137	7	959
1415	14	15	14-13-12-16-18-20-19-17-15	137	8	1096
1415	14	15	14-9-7-1-3-4-5-10-15	137	8	1096
1415	14	15	14-9-7-1-0-2-5-10-15	137	8	1096
1416	14	16	14-13-12-16	112	3	336
1416	14	16	14-9-7-8-11-12-16	112	6	672
1416	14	16	14-15-17-19-20-18-16	112	6	672
1416	14	16	14-15-10-5-6-7-8-11-12-16	112	9	1008
1416	14	16	14-15-10-5-2-1-7-8-11-12-16	112	10	1120
1416	14	16	14-15-10-5-2-0-1-7-8-11-12-16	112	11	1232
1417	14	17	14-15-17	11	2	22
1417	14	17	14-9-7-6-5-10-15-17	11	7	77
1417	14	17	14-13-12-16-18-20-19-17	11	7	77
1417	14	17	14-9-7-1-2-5-10-15-17	11	8	88
1417	14	17	14-9-7-1-0-2-5-10-15-17	11	9	99
1417	14	17	14-9-7-1-3-4-5-10-15-17	11	9	99
1418	14	18	14-13-12-16-18	16	4	64
1418	14	18	14-15-17-19-20-18	16	5	80
1418	14	18	14-9-7-8-11-12-16-18	16	7	112
1418	14	18	14-15-10-5-6-7-8-11-12-16-18	16	10	160
1418	14	18	14-9-7-6-5-10-15-17-19-20-18	16	10	160
1418	14	18	14-15-10-5-2-1-7-8-11-12-16-18	16	11	176
1419	14	19	14-15-17-19	94	3	282
1419	14	19	14-13-12-16-18-20-19	94	6	564
1419	14	19	14-9-7-6-5-10-15-17-19	94	8	752
1419	14	19	14-9-7-1-2-5-10-15-17-19	94	9	846
1419	14	19	14-9-7-8-11-12-16-18-20-19	94	9	846
1419	14	19	14-9-7-1-0-2-5-10-15-17-19	94	10	940
1420	14	20	14-15-17-19-20	20	4	80
1420	14	20	14-13-12-16-18-20	20	5	100
1420	14	20	14-9-7-8-11-12-16-18-20	20	8	160
1420	14	20	14-9-7-6-5-10-15-17-19-20	20	9	180
1420	14	20	14-9-7-1-2-5-10-15-17-19-20	20	10	200
1420	14	20	14-15-10-5-6-7-8-11-12-16-18-20	20	11	220
150	15	0	15-10-5-2-0	34	4	136
150	15	0	15-10-5-2-1-0	34	5	170
150	15	0	15-14-9-7-1-0	34	5	170
150	15	0	15-10-5-4-3-1-0	34	6	204
150	15	0	15-14-9-7-1-2-0	34	6	204
150	15	0	15-10-5-6-7-1-0	34	6	204
151	15	1	15-10-5-2-1	127	4	508
151	15	1	15-14-9-7-1	127	4	508
151	15	1	15-10-5-2-0-1	127	5	635
151	15	1	15-10-5-6-7-1	127	5	635
151	15	1	15-10-5-4-3-1	127	5	635
151	15	1	15-14-9-7-6-5-2-1	127	7	889
152	15	2	15-10-5-2	127	3	381
152	15	2	15-14-9-7-1-2	127	5	635
152	15	2	15-14-9-7-1-0-2	127	6	762
152	15	2	15-14-9-7-6-5-2	127	6	762
152	15	2	15-10-5-6-7-1-2	127	6	762
152	15	2	15-10-5-4-3-1-2	127	6	762
153	15	3	15-10-5-4-3	23	4	92
153	15	3	15-10-5-2-1-3	23	5	115
153	15	3	15-14-9-7-1-3	23	5	115
153	15	3	15-10-5-2-0-1-3	23	6	138
153	15	3	15-10-5-6-7-1-3	23	6	138
153	15	3	15-14-9-7-6-5-4-3	23	7	161
154	15	4	15-10-5-4	121	3	363
154	15	4	15-10-5-2-1-3-4	121	6	726
154	15	4	15-14-9-7-6-5-4	121	6	726
154	15	4	15-14-9-7-1-3-4	121	6	726
154	15	4	15-10-5-2-0-1-3-4	121	7	847
154	15	4	15-14-9-7-1-2-5-4	121	7	847
155	15	5	15-10-5	121	2	242
155	15	5	15-14-9-7-6-5	121	5	605
155	15	5	15-14-9-7-1-2-5	121	6	726
155	15	5	15-14-9-7-1-0-2-5	121	7	847
155	15	5	15-14-9-7-1-3-4-5	121	7	847
155	15	5	15-14-13-12-11-8-7-6-5	121	8	968
156	15	6	15-10-5-6	84	3	252
156	15	6	15-14-9-7-6	84	4	336
156	15	6	15-10-5-2-1-7-6	84	6	504
156	15	6	15-14-9-7-1-2-5-6	84	7	588
156	15	6	15-10-5-4-3-1-7-6	84	7	588
156	15	6	15-14-13-12-11-8-7-6	84	7	588
157	15	7	15-14-9-7	81	3	243
157	15	7	15-10-5-6-7	81	4	324
157	15	7	15-10-5-2-1-7	81	5	405
157	15	7	15-10-5-2-0-1-7	81	6	486
157	15	7	15-14-13-12-11-8-7	81	6	486
157	15	7	15-10-5-4-3-1-7	81	6	486
158	15	8	15-14-9-7-8	8	4	32
158	15	8	15-14-13-12-11-8	8	5	40
158	15	8	15-10-5-6-7-8	8	5	40
158	15	8	15-10-5-2-1-7-8	8	6	48
158	15	8	15-10-5-2-0-1-7-8	8	7	56
158	15	8	15-10-5-4-3-1-7-8	8	7	56
159	15	9	15-14-9	29	2	58
159	15	9	15-10-5-6-7-9	29	5	145
159	15	9	15-10-5-2-1-7-9	29	6	174
159	15	9	15-10-5-2-0-1-7-9	29	7	203
159	15	9	15-10-5-4-3-1-7-9	29	7	203
159	15	9	15-14-13-12-11-8-7-9	29	7	203
1510	15	10	15-10	120	1	120
1510	15	10	15-14-9-7-6-5-10	120	6	720
1510	15	10	15-14-9-7-1-2-5-10	120	7	840
1510	15	10	15-14-9-7-1-0-2-5-10	120	8	960
1510	15	10	15-14-9-7-1-3-4-5-10	120	8	960
1510	15	10	15-14-13-12-11-8-7-6-5-10	120	9	1080
1511	15	11	15-14-13-12-11	143	4	572
1511	15	11	15-14-9-7-8-11	143	5	715
1511	15	11	15-10-5-6-7-8-11	143	6	858
1511	15	11	15-17-19-20-18-16-12-11	143	7	1001
1511	15	11	15-10-5-2-1-7-8-11	143	7	1001
1511	15	11	15-10-5-2-0-1-7-8-11	143	8	1144
1512	15	12	15-14-13-12	27	3	81
1512	15	12	15-14-9-7-8-11-12	27	6	162
1512	15	12	15-17-19-20-18-16-12	27	6	162
1512	15	12	15-10-5-6-7-8-11-12	27	7	189
1512	15	12	15-10-5-2-1-7-8-11-12	27	8	216
1512	15	12	15-10-5-6-7-9-14-13-12	27	8	216
1513	15	13	15-14-13	121	2	242
1513	15	13	15-14-9-7-8-11-12-13	121	7	847
1513	15	13	15-10-5-6-7-9-14-13	121	7	847
1513	15	13	15-17-19-20-18-16-12-13	121	7	847
1513	15	13	15-10-5-6-7-8-11-12-13	121	8	968
1513	15	13	15-10-5-2-1-7-9-14-13	121	8	968
1514	15	14	15-14	30	1	30
1514	15	14	15-10-5-6-7-9-14	30	6	180
1514	15	14	15-10-5-2-1-7-9-14	30	7	210
1514	15	14	15-17-19-20-18-16-12-13-14	30	8	240
1514	15	14	15-10-5-4-3-1-7-9-14	30	8	240
1514	15	14	15-10-5-2-0-1-7-9-14	30	8	240
1516	15	16	15-14-13-12-16	147	4	588
1516	15	16	15-17-19-20-18-16	147	5	735
1516	15	16	15-14-9-7-8-11-12-16	147	7	1029
1516	15	16	15-10-5-6-7-8-11-12-16	147	8	1176
1516	15	16	15-10-5-2-1-7-8-11-12-16	147	9	1323
1516	15	16	15-10-5-6-7-9-14-13-12-16	147	9	1323
1517	15	17	15-17	12	1	12
1517	15	17	15-14-13-12-16-18-20-19-17	12	8	96
1517	15	17	15-14-9-7-8-11-12-16-18-20-19-17	12	11	132
1517	15	17	15-10-5-6-7-8-11-12-16-18-20-19-17	12	12	144
1517	15	17	15-10-5-2-1-7-8-11-12-16-18-20-19-17	12	13	156
1517	15	17	15-10-5-6-7-9-14-13-12-16-18-20-19-17	12	13	156
1518	15	18	15-17-19-20-18	47	4	188
1518	15	18	15-14-13-12-16-18	47	5	235
1518	15	18	15-14-9-7-8-11-12-16-18	47	8	376
1518	15	18	15-10-5-6-7-8-11-12-16-18	47	9	423
1518	15	18	15-10-5-2-1-7-8-11-12-16-18	47	10	470
1518	15	18	15-10-5-6-7-9-14-13-12-16-18	47	10	470
1519	15	19	15-17-19	120	2	240
1519	15	19	15-14-13-12-16-18-20-19	120	7	840
1519	15	19	15-14-9-7-8-11-12-16-18-20-19	120	10	1200
1519	15	19	15-10-5-6-7-8-11-12-16-18-20-19	120	11	1320
1519	15	19	15-10-5-2-1-7-8-11-12-16-18-20-19	120	12	1440
1519	15	19	15-10-5-6-7-9-14-13-12-16-18-20-19	120	12	1440
1520	15	20	15-17-19-20	15	3	45
1520	15	20	15-14-13-12-16-18-20	15	6	90
1520	15	20	15-14-9-7-8-11-12-16-18-20	15	9	135
1520	15	20	15-10-5-6-7-8-11-12-16-18-20	15	10	150
1520	15	20	15-10-5-2-1-7-8-11-12-16-18-20	15	11	165
1520	15	20	15-10-5-6-7-9-14-13-12-16-18-20	15	11	165
160	16	0	16-12-11-8-7-1-0	135	6	810
160	16	0	16-12-13-14-9-7-1-0	135	7	945
160	16	0	16-12-11-8-7-1-2-0	135	7	945
160	16	0	16-12-13-14-9-7-1-2-0	135	8	1080
160	16	0	16-12-11-8-7-6-5-2-0	135	8	1080
160	16	0	16-12-13-14-15-10-5-2-0	135	8	1080
161	16	1	16-12-11-8-7-1	66	5	330
161	16	1	16-12-13-14-9-7-1	66	6	396
161	16	1	16-12-11-8-7-6-5-2-1	66	8	528
161	16	1	16-12-13-14-15-10-5-2-1	66	8	528
161	16	1	16-12-11-8-7-6-5-2-0-1	66	9	594
161	16	1	16-18-20-19-17-15-14-9-7-1	66	9	594
162	16	2	16-12-11-8-7-1-2	120	6	720
162	16	2	16-12-11-8-7-1-0-2	120	7	840
162	16	2	16-12-13-14-15-10-5-2	120	7	840
162	16	2	16-12-11-8-7-6-5-2	120	7	840
162	16	2	16-12-13-14-9-7-1-2	120	7	840
162	16	2	16-12-13-14-9-7-1-0-2	120	8	960
163	16	3	16-12-11-8-7-1-3	55	6	330
163	16	3	16-12-13-14-9-7-1-3	55	7	385
163	16	3	16-12-11-8-7-6-5-4-3	55	8	440
163	16	3	16-12-13-14-15-10-5-4-3	55	8	440
163	16	3	16-12-13-14-15-10-5-2-1-3	55	9	495
163	16	3	16-18-20-19-17-15-10-5-4-3	55	9	495
164	16	4	16-12-11-8-7-1-3-4	60	7	420
164	16	4	16-12-13-14-15-10-5-4	60	7	420
164	16	4	16-12-11-8-7-6-5-4	60	7	420
164	16	4	16-12-13-14-9-7-1-3-4	60	8	480
164	16	4	16-12-13-14-9-7-6-5-4	60	8	480
164	16	4	16-18-20-19-17-15-10-5-4	60	8	480
165	16	5	16-12-11-8-7-6-5	66	6	396
165	16	5	16-12-13-14-15-10-5	66	6	396
165	16	5	16-12-11-8-7-1-2-5	66	7	462
165	16	5	16-18-20-19-17-15-10-5	66	7	462
165	16	5	16-12-13-14-9-7-6-5	66	7	462
165	16	5	16-12-11-8-7-1-0-2-5	66	8	528
166	16	6	16-12-11-8-7-6	108	5	540
166	16	6	16-12-13-14-9-7-6	108	6	648
166	16	6	16-12-13-14-15-10-5-6	108	7	756
166	16	6	16-12-11-8-7-1-2-5-6	108	8	864
166	16	6	16-18-20-19-17-15-10-5-6	108	8	864
166	16	6	16-12-11-8-7-1-0-2-5-6	108	9	972
167	16	7	16-12-11-8-7	49	4	196
167	16	7	16-12-13-14-9-7	49	5	245
167	16	7	16-12-13-14-15-10-5-6-7	49	8	392
167	16	7	16-18-20-19-17-15-14-9-7	49	8	392
167	16	7	16-12-13-14-15-10-5-2-1-7	49	9	441
167	16	7	16-18-20-19-17-15-10-5-6-7	49	9	441
168	16	8	16-12-11-8	68	3	204
168	16	8	16-12-13-14-9-7-8	68	6	408
168	16	8	16-12-13-14-15-10-5-6-7-8	68	9	612
168	16	8	16-18-20-19-17-15-14-9-7-8	68	9	612
168	16	8	16-18-20-19-17-15-14-13-12-11-8	68	10	680
168	16	8	16-18-20-19-17-15-10-5-6-7-8	68	10	680
169	16	9	16-12-13-14-9	75	4	300
169	16	9	16-12-11-8-7-9	75	5	375
169	16	9	16-18-20-19-17-15-14-9	75	7	525
169	16	9	16-12-13-14-15-10-5-6-7-9	75	9	675
169	16	9	16-12-11-8-7-6-5-10-15-14-9	75	10	750
169	16	9	16-18-20-19-17-15-10-5-6-7-9	75	10	750
1610	16	10	16-12-13-14-15-10	86	5	430
1610	16	10	16-18-20-19-17-15-10	86	6	516
1610	16	10	16-12-11-8-7-6-5-10	86	7	602
1610	16	10	16-12-11-8-7-9-14-15-10	86	8	688
1610	16	10	16-12-13-14-9-7-6-5-10	86	8	688
1610	16	10	16-12-11-8-7-1-2-5-10	86	8	688
1611	16	11	16-12-11	134	2	268
1611	16	11	16-12-13-14-9-7-8-11	134	7	938
1611	16	11	16-18-20-19-17-15-14-13-12-11	134	9	1206
1611	16	11	16-12-13-14-15-10-5-6-7-8-11	134	10	1340
1611	16	11	16-18-20-19-17-15-14-9-7-8-11	134	10	1340
1611	16	11	16-12-13-14-15-10-5-2-1-7-8-11	134	11	1474
1612	16	12	16-12	105	1	105
1612	16	12	16-18-20-19-17-15-14-13-12	105	8	840
1612	16	12	16-18-20-19-17-15-14-9-7-8-11-12	105	11	1155
1612	16	12	16-18-20-19-17-15-10-5-6-7-8-11-12	105	12	1260
1612	16	12	16-18-20-19-17-15-10-5-2-1-7-8-11-12	105	13	1365
1612	16	12	16-18-20-19-17-15-10-5-6-7-9-14-13-12	105	13	1365
1613	16	13	16-12-13	23	2	46
1613	16	13	16-18-20-19-17-15-14-13	23	7	161
1613	16	13	16-12-11-8-7-9-14-13	23	7	161
1613	16	13	16-12-11-8-7-6-5-10-15-14-13	23	10	230
1613	16	13	16-12-11-8-7-1-2-5-10-15-14-13	23	11	253
1613	16	13	16-18-20-19-17-15-14-9-7-8-11-12-13	23	12	276
1614	16	14	16-12-13-14	109	3	327
1614	16	14	16-18-20-19-17-15-14	109	6	654
1614	16	14	16-12-11-8-7-9-14	109	6	654
1614	16	14	16-12-11-8-7-6-5-10-15-14	109	9	981
1614	16	14	16-12-11-8-7-1-2-5-10-15-14	109	10	1090
1614	16	14	16-12-11-8-7-1-0-2-5-10-15-14	109	11	1199
1615	16	15	16-12-13-14-15	4	4	16
1615	16	15	16-18-20-19-17-15	4	5	20
1615	16	15	16-12-11-8-7-9-14-15	4	7	28
1615	16	15	16-12-11-8-7-6-5-10-15	4	8	32
1615	16	15	16-12-11-8-7-1-2-5-10-15	4	9	36
1615	16	15	16-12-13-14-9-7-6-5-10-15	4	9	36
1617	16	17	16-18-20-19-17	53	4	212
1617	16	17	16-12-13-14-15-17	53	5	265
1617	16	17	16-12-11-8-7-9-14-15-17	53	8	424
1617	16	17	16-12-11-8-7-6-5-10-15-17	53	9	477
1617	16	17	16-12-11-8-7-1-2-5-10-15-17	53	10	530
1617	16	17	16-12-13-14-9-7-6-5-10-15-17	53	10	530
1618	16	18	16-18	127	1	127
1618	16	18	16-12-13-14-15-17-19-20-18	127	8	1016
1618	16	18	16-12-11-8-7-9-14-15-17-19-20-18	127	11	1397
1618	16	18	16-12-11-8-7-6-5-10-15-17-19-20-18	127	12	1524
1618	16	18	16-12-11-8-7-1-2-5-10-15-17-19-20-18	127	13	1651
1618	16	18	16-12-13-14-9-7-6-5-10-15-17-19-20-18	127	13	1651
1619	16	19	16-18-20-19	118	3	354
1619	16	19	16-12-13-14-15-17-19	118	6	708
1619	16	19	16-12-11-8-7-9-14-15-17-19	118	9	1062
1619	16	19	16-12-11-8-7-6-5-10-15-17-19	118	10	1180
1619	16	19	16-12-11-8-7-1-2-5-10-15-17-19	118	11	1298
1619	16	19	16-12-13-14-9-7-6-5-10-15-17-19	118	11	1298
1620	16	20	16-18-20	130	2	260
1620	16	20	16-12-13-14-15-17-19-20	130	7	910
1620	16	20	16-12-11-8-7-9-14-15-17-19-20	130	10	1300
1620	16	20	16-12-11-8-7-6-5-10-15-17-19-20	130	11	1430
1620	16	20	16-12-11-8-7-1-2-5-10-15-17-19-20	130	12	1560
1620	16	20	16-12-13-14-9-7-6-5-10-15-17-19-20	130	12	1560
170	17	0	17-15-10-5-2-0	14	5	70
170	17	0	17-15-10-5-2-1-0	14	6	84
170	17	0	17-15-14-9-7-1-0	14	6	84
170	17	0	17-15-10-5-4-3-1-0	14	7	98
170	17	0	17-15-14-9-7-1-2-0	14	7	98
170	17	0	17-15-10-5-6-7-1-0	14	7	98
171	17	1	17-15-10-5-2-1	18	5	90
171	17	1	17-15-14-9-7-1	18	5	90
171	17	1	17-15-10-5-2-0-1	18	6	108
171	17	1	17-15-10-5-6-7-1	18	6	108
171	17	1	17-15-10-5-4-3-1	18	6	108
171	17	1	17-15-14-9-7-6-5-2-1	18	8	144
172	17	2	17-15-10-5-2	108	4	432
172	17	2	17-15-14-9-7-1-2	108	6	648
172	17	2	17-15-14-9-7-1-0-2	108	7	756
172	17	2	17-15-14-9-7-6-5-2	108	7	756
172	17	2	17-15-10-5-6-7-1-2	108	7	756
172	17	2	17-15-10-5-4-3-1-2	108	7	756
173	17	3	17-15-10-5-4-3	46	5	230
173	17	3	17-15-10-5-2-1-3	46	6	276
173	17	3	17-15-14-9-7-1-3	46	6	276
173	17	3	17-15-10-5-2-0-1-3	46	7	322
173	17	3	17-15-10-5-6-7-1-3	46	7	322
173	17	3	17-15-14-9-7-6-5-4-3	46	8	368
174	17	4	17-15-10-5-4	36	4	144
174	17	4	17-15-10-5-2-1-3-4	36	7	252
174	17	4	17-15-14-9-7-6-5-4	36	7	252
174	17	4	17-15-14-9-7-1-3-4	36	7	252
174	17	4	17-15-10-5-2-0-1-3-4	36	8	288
174	17	4	17-15-14-9-7-1-2-5-4	36	8	288
175	17	5	17-15-10-5	38	3	114
175	17	5	17-15-14-9-7-6-5	38	6	228
175	17	5	17-15-14-9-7-1-2-5	38	7	266
175	17	5	17-15-14-9-7-1-0-2-5	38	8	304
175	17	5	17-15-14-9-7-1-3-4-5	38	8	304
175	17	5	17-15-14-13-12-11-8-7-6-5	38	9	342
176	17	6	17-15-10-5-6	27	4	108
176	17	6	17-15-14-9-7-6	27	5	135
176	17	6	17-15-10-5-2-1-7-6	27	7	189
176	17	6	17-15-14-9-7-1-2-5-6	27	8	216
176	17	6	17-15-10-5-4-3-1-7-6	27	8	216
176	17	6	17-15-14-13-12-11-8-7-6	27	8	216
177	17	7	17-15-14-9-7	41	4	164
177	17	7	17-15-10-5-6-7	41	5	205
177	17	7	17-15-10-5-2-1-7	41	6	246
177	17	7	17-15-10-5-2-0-1-7	41	7	287
177	17	7	17-15-14-13-12-11-8-7	41	7	287
177	17	7	17-15-10-5-4-3-1-7	41	7	287
178	17	8	17-15-14-9-7-8	43	5	215
178	17	8	17-15-14-13-12-11-8	43	6	258
178	17	8	17-15-10-5-6-7-8	43	6	258
178	17	8	17-19-20-18-16-12-11-8	43	7	301
178	17	8	17-15-10-5-2-1-7-8	43	7	301
178	17	8	17-15-10-5-2-0-1-7-8	43	8	344
179	17	9	17-15-14-9	92	3	276
179	17	9	17-15-10-5-6-7-9	92	6	552
179	17	9	17-15-10-5-2-1-7-9	92	7	644
179	17	9	17-19-20-18-16-12-13-14-9	92	8	736
179	17	9	17-15-10-5-4-3-1-7-9	92	8	736
179	17	9	17-15-14-13-12-11-8-7-9	92	8	736
1710	17	10	17-15-10	69	2	138
1710	17	10	17-15-14-9-7-6-5-10	69	7	483
1710	17	10	17-15-14-9-7-1-2-5-10	69	8	552
1710	17	10	17-19-20-18-16-12-13-14-15-10	69	9	621
1710	17	10	17-15-14-9-7-1-3-4-5-10	69	9	621
1710	17	10	17-15-14-9-7-1-0-2-5-10	69	9	621
1711	17	11	17-15-14-13-12-11	63	5	315
1711	17	11	17-19-20-18-16-12-11	63	6	378
1711	17	11	17-15-14-9-7-8-11	63	6	378
1711	17	11	17-15-10-5-6-7-8-11	63	7	441
1711	17	11	17-15-10-5-2-1-7-8-11	63	8	504
1711	17	11	17-15-10-5-2-0-1-7-8-11	63	9	567
1712	17	12	17-15-14-13-12	39	4	156
1712	17	12	17-19-20-18-16-12	39	5	195
1712	17	12	17-15-14-9-7-8-11-12	39	7	273
1712	17	12	17-15-10-5-6-7-8-11-12	39	8	312
1712	17	12	17-15-10-5-2-1-7-8-11-12	39	9	351
1712	17	12	17-15-10-5-6-7-9-14-13-12	39	9	351
1713	17	13	17-15-14-13	23	3	69
1713	17	13	17-19-20-18-16-12-13	23	6	138
1713	17	13	17-15-14-9-7-8-11-12-13	23	8	184
1713	17	13	17-15-10-5-6-7-9-14-13	23	8	184
1713	17	13	17-15-10-5-6-7-8-11-12-13	23	9	207
1713	17	13	17-15-10-5-2-1-7-9-14-13	23	9	207
1714	17	14	17-15-14	107	2	214
1714	17	14	17-19-20-18-16-12-13-14	107	7	749
1714	17	14	17-15-10-5-6-7-9-14	107	7	749
1714	17	14	17-15-10-5-2-1-7-9-14	107	8	856
1714	17	14	17-15-10-5-2-0-1-7-9-14	107	9	963
1714	17	14	17-15-10-5-4-3-1-7-9-14	107	9	963
1715	17	15	17-15	35	1	35
1715	17	15	17-19-20-18-16-12-13-14-15	35	8	280
1715	17	15	17-19-20-18-16-12-11-8-7-9-14-15	35	11	385
1715	17	15	17-19-20-18-16-12-11-8-7-6-5-10-15	35	12	420
1715	17	15	17-19-20-18-16-12-11-8-7-1-2-5-10-15	35	13	455
1715	17	15	17-19-20-18-16-12-13-14-9-7-6-5-10-15	35	13	455
1716	17	16	17-19-20-18-16	2	4	8
1716	17	16	17-15-14-13-12-16	2	5	10
1716	17	16	17-15-14-9-7-8-11-12-16	2	8	16
1716	17	16	17-15-10-5-6-7-8-11-12-16	2	9	18
1716	17	16	17-15-10-5-2-1-7-8-11-12-16	2	10	20
1716	17	16	17-15-10-5-6-7-9-14-13-12-16	2	10	20
1718	17	18	17-19-20-18	64	3	192
1718	17	18	17-15-14-13-12-16-18	64	6	384
1718	17	18	17-15-14-9-7-8-11-12-16-18	64	9	576
1718	17	18	17-15-10-5-6-7-8-11-12-16-18	64	10	640
1718	17	18	17-15-10-5-2-1-7-8-11-12-16-18	64	11	704
1718	17	18	17-15-10-5-6-7-9-14-13-12-16-18	64	11	704
1719	17	19	17-19	28	1	28
1719	17	19	17-15-14-13-12-16-18-20-19	28	8	224
1719	17	19	17-15-14-9-7-8-11-12-16-18-20-19	28	11	308
1719	17	19	17-15-10-5-6-7-8-11-12-16-18-20-19	28	12	336
1719	17	19	17-15-10-5-2-1-7-8-11-12-16-18-20-19	28	13	364
1719	17	19	17-15-10-5-6-7-9-14-13-12-16-18-20-19	28	13	364
1720	17	20	17-19-20	91	2	182
1720	17	20	17-15-14-13-12-16-18-20	91	7	637
1720	17	20	17-15-14-9-7-8-11-12-16-18-20	91	10	910
1720	17	20	17-15-10-5-6-7-8-11-12-16-18-20	91	11	1001
1720	17	20	17-15-10-5-2-1-7-8-11-12-16-18-20	91	12	1092
1720	17	20	17-15-10-5-6-7-9-14-13-12-16-18-20	91	12	1092
180	18	0	18-16-12-11-8-7-1-0	75	7	525
180	18	0	18-16-12-13-14-9-7-1-0	75	8	600
180	18	0	18-20-19-17-15-10-5-2-0	75	8	600
180	18	0	18-16-12-11-8-7-1-2-0	75	8	600
180	18	0	18-20-19-17-15-10-5-2-1-0	75	9	675
180	18	0	18-16-12-11-8-7-6-5-2-0	75	9	675
181	18	1	18-16-12-11-8-7-1	71	6	426
181	18	1	18-16-12-13-14-9-7-1	71	7	497
181	18	1	18-20-19-17-15-10-5-2-1	71	8	568
181	18	1	18-20-19-17-15-14-9-7-1	71	8	568
181	18	1	18-20-19-17-15-10-5-2-0-1	71	9	639
181	18	1	18-20-19-17-15-10-5-6-7-1	71	9	639
182	18	2	18-16-12-11-8-7-1-2	17	7	119
182	18	2	18-20-19-17-15-10-5-2	17	7	119
182	18	2	18-16-12-11-8-7-1-0-2	17	8	136
182	18	2	18-16-12-13-14-15-10-5-2	17	8	136
182	18	2	18-16-12-11-8-7-6-5-2	17	8	136
182	18	2	18-16-12-13-14-9-7-1-2	17	8	136
183	18	3	18-16-12-11-8-7-1-3	18	7	126
183	18	3	18-16-12-13-14-9-7-1-3	18	8	144
183	18	3	18-20-19-17-15-10-5-4-3	18	8	144
183	18	3	18-20-19-17-15-10-5-2-1-3	18	9	162
183	18	3	18-16-12-13-14-15-10-5-4-3	18	9	162
183	18	3	18-16-12-11-8-7-6-5-4-3	18	9	162
184	18	4	18-20-19-17-15-10-5-4	34	7	238
184	18	4	18-16-12-11-8-7-1-3-4	34	8	272
184	18	4	18-16-12-13-14-15-10-5-4	34	8	272
184	18	4	18-16-12-11-8-7-6-5-4	34	8	272
184	18	4	18-16-12-13-14-9-7-1-3-4	34	9	306
184	18	4	18-16-12-13-14-9-7-6-5-4	34	9	306
185	18	5	18-20-19-17-15-10-5	22	6	132
185	18	5	18-16-12-11-8-7-6-5	22	7	154
185	18	5	18-16-12-13-14-15-10-5	22	7	154
185	18	5	18-16-12-11-8-7-1-2-5	22	8	176
185	18	5	18-16-12-13-14-9-7-6-5	22	8	176
185	18	5	18-16-12-11-8-7-1-0-2-5	22	9	198
186	18	6	18-16-12-11-8-7-6	12	6	72
186	18	6	18-20-19-17-15-10-5-6	12	7	84
186	18	6	18-16-12-13-14-9-7-6	12	7	84
186	18	6	18-16-12-13-14-15-10-5-6	12	8	96
186	18	6	18-20-19-17-15-14-9-7-6	12	8	96
186	18	6	18-16-12-11-8-7-1-2-5-6	12	9	108
187	18	7	18-16-12-11-8-7	12	5	60
187	18	7	18-16-12-13-14-9-7	12	6	72
187	18	7	18-20-19-17-15-14-9-7	12	7	84
187	18	7	18-20-19-17-15-10-5-6-7	12	8	96
187	18	7	18-20-19-17-15-10-5-2-1-7	12	9	108
187	18	7	18-16-12-13-14-15-10-5-6-7	12	9	108
188	18	8	18-16-12-11-8	89	4	356
188	18	8	18-16-12-13-14-9-7-8	89	7	623
188	18	8	18-20-19-17-15-14-9-7-8	89	8	712
188	18	8	18-20-19-17-15-14-13-12-11-8	89	9	801
188	18	8	18-20-19-17-15-10-5-6-7-8	89	9	801
188	18	8	18-20-19-17-15-10-5-2-1-7-8	89	10	890
189	18	9	18-16-12-13-14-9	96	5	480
189	18	9	18-20-19-17-15-14-9	96	6	576
189	18	9	18-16-12-11-8-7-9	96	6	576
189	18	9	18-20-19-17-15-10-5-6-7-9	96	9	864
189	18	9	18-20-19-17-15-10-5-2-1-7-9	96	10	960
189	18	9	18-16-12-13-14-15-10-5-6-7-9	96	10	960
1810	18	10	18-20-19-17-15-10	89	5	445
1810	18	10	18-16-12-13-14-15-10	89	6	534
1810	18	10	18-16-12-11-8-7-6-5-10	89	8	712
1810	18	10	18-16-12-11-8-7-9-14-15-10	89	9	801
1810	18	10	18-16-12-13-14-9-7-6-5-10	89	9	801
1810	18	10	18-16-12-11-8-7-1-2-5-10	89	9	801
1811	18	11	18-16-12-11	134	3	402
1811	18	11	18-20-19-17-15-14-13-12-11	134	8	1072
1811	18	11	18-16-12-13-14-9-7-8-11	134	8	1072
1811	18	11	18-20-19-17-15-14-9-7-8-11	134	9	1206
1811	18	11	18-20-19-17-15-10-5-6-7-8-11	134	10	1340
1811	18	11	18-20-19-17-15-10-5-2-1-7-8-11	134	11	1474
1812	18	12	18-16-12	61	2	122
1812	18	12	18-20-19-17-15-14-13-12	61	7	427
1812	18	12	18-20-19-17-15-14-9-7-8-11-12	61	10	610
1812	18	12	18-20-19-17-15-10-5-6-7-8-11-12	61	11	671
1812	18	12	18-20-19-17-15-10-5-2-1-7-8-11-12	61	12	732
1812	18	12	18-20-19-17-15-10-5-6-7-9-14-13-12	61	12	732
1813	18	13	18-16-12-13	28	3	84
1813	18	13	18-20-19-17-15-14-13	28	6	168
1813	18	13	18-16-12-11-8-7-9-14-13	28	8	224
1813	18	13	18-20-19-17-15-14-9-7-8-11-12-13	28	11	308
1813	18	13	18-20-19-17-15-10-5-6-7-9-14-13	28	11	308
1813	18	13	18-16-12-11-8-7-6-5-10-15-14-13	28	11	308
1814	18	14	18-16-12-13-14	129	4	516
1814	18	14	18-20-19-17-15-14	129	5	645
1814	18	14	18-16-12-11-8-7-9-14	129	7	903
1814	18	14	18-16-12-11-8-7-6-5-10-15-14	129	10	1290
1814	18	14	18-20-19-17-15-10-5-6-7-9-14	129	10	1290
1814	18	14	18-16-12-11-8-7-1-2-5-10-15-14	129	11	1419
1815	18	15	18-20-19-17-15	148	4	592
1815	18	15	18-16-12-13-14-15	148	5	740
1815	18	15	18-16-12-11-8-7-9-14-15	148	8	1184
1815	18	15	18-16-12-11-8-7-6-5-10-15	148	9	1332
1815	18	15	18-16-12-11-8-7-1-2-5-10-15	148	10	1480
1815	18	15	18-16-12-13-14-9-7-6-5-10-15	148	10	1480
1816	18	16	18-16	98	1	98
1816	18	16	18-20-19-17-15-14-13-12-16	98	8	784
1816	18	16	18-20-19-17-15-14-9-7-8-11-12-16	98	11	1078
1816	18	16	18-20-19-17-15-10-5-6-7-8-11-12-16	98	12	1176
1816	18	16	18-20-19-17-15-10-5-2-1-7-8-11-12-16	98	13	1274
1816	18	16	18-20-19-17-15-10-5-6-7-9-14-13-12-16	98	13	1274
1817	18	17	18-20-19-17	145	3	435
1817	18	17	18-16-12-13-14-15-17	145	6	870
1817	18	17	18-16-12-11-8-7-9-14-15-17	145	9	1305
1817	18	17	18-16-12-11-8-7-6-5-10-15-17	145	10	1450
1817	18	17	18-16-12-11-8-7-1-2-5-10-15-17	145	11	1595
1817	18	17	18-16-12-13-14-9-7-6-5-10-15-17	145	11	1595
1819	18	19	18-20-19	108	2	216
1819	18	19	18-16-12-13-14-15-17-19	108	7	756
1819	18	19	18-16-12-11-8-7-9-14-15-17-19	108	10	1080
1819	18	19	18-16-12-11-8-7-6-5-10-15-17-19	108	11	1188
1819	18	19	18-16-12-11-8-7-1-2-5-10-15-17-19	108	12	1296
1819	18	19	18-16-12-13-14-9-7-6-5-10-15-17-19	108	12	1296
1820	18	20	18-20	128	1	128
1820	18	20	18-16-12-13-14-15-17-19-20	128	8	1024
1820	18	20	18-16-12-11-8-7-9-14-15-17-19-20	128	11	1408
1820	18	20	18-16-12-11-8-7-6-5-10-15-17-19-20	128	12	1536
1820	18	20	18-16-12-11-8-7-1-2-5-10-15-17-19-20	128	13	1664
1820	18	20	18-16-12-13-14-9-7-6-5-10-15-17-19-20	128	13	1664
190	19	0	19-17-15-10-5-2-0	142	6	852
190	19	0	19-17-15-10-5-2-1-0	142	7	994
190	19	0	19-17-15-14-9-7-1-0	142	7	994
190	19	0	19-17-15-10-5-4-3-1-0	142	8	1136
190	19	0	19-17-15-14-9-7-1-2-0	142	8	1136
190	19	0	19-17-15-10-5-6-7-1-0	142	8	1136
191	19	1	19-17-15-10-5-2-1	87	6	522
191	19	1	19-17-15-14-9-7-1	87	6	522
191	19	1	19-17-15-10-5-2-0-1	87	7	609
191	19	1	19-17-15-10-5-6-7-1	87	7	609
191	19	1	19-17-15-10-5-4-3-1	87	7	609
191	19	1	19-20-18-16-12-11-8-7-1	87	8	696
192	19	2	19-17-15-10-5-2	0	5	0
192	19	2	19-17-15-14-9-7-1-2	0	7	0
192	19	2	19-17-15-14-9-7-1-0-2	0	8	0
192	19	2	19-17-15-14-9-7-6-5-2	0	8	0
192	19	2	19-17-15-10-5-6-7-1-2	0	8	0
192	19	2	19-17-15-10-5-4-3-1-2	0	8	0
193	19	3	19-17-15-10-5-4-3	13	6	78
193	19	3	19-17-15-10-5-2-1-3	13	7	91
193	19	3	19-17-15-14-9-7-1-3	13	7	91
193	19	3	19-17-15-10-5-2-0-1-3	13	8	104
193	19	3	19-17-15-10-5-6-7-1-3	13	8	104
193	19	3	19-20-18-16-12-11-8-7-1-3	13	9	117
194	19	4	19-17-15-10-5-4	111	5	555
194	19	4	19-17-15-10-5-2-1-3-4	111	8	888
194	19	4	19-17-15-14-9-7-6-5-4	111	8	888
194	19	4	19-17-15-14-9-7-1-3-4	111	8	888
194	19	4	19-17-15-10-5-2-0-1-3-4	111	9	999
194	19	4	19-17-15-14-9-7-1-2-5-4	111	9	999
195	19	5	19-17-15-10-5	94	4	376
195	19	5	19-17-15-14-9-7-6-5	94	7	658
195	19	5	19-17-15-14-9-7-1-2-5	94	8	752
195	19	5	19-17-15-14-9-7-1-0-2-5	94	9	846
195	19	5	19-20-18-16-12-13-14-15-10-5	94	9	846
195	19	5	19-20-18-16-12-11-8-7-6-5	94	9	846
196	19	6	19-17-15-10-5-6	139	5	695
196	19	6	19-17-15-14-9-7-6	139	6	834
196	19	6	19-17-15-10-5-2-1-7-6	139	8	1112
196	19	6	19-20-18-16-12-11-8-7-6	139	8	1112
196	19	6	19-17-15-14-9-7-1-2-5-6	139	9	1251
196	19	6	19-17-15-14-13-12-11-8-7-6	139	9	1251
197	19	7	19-17-15-14-9-7	116	5	580
197	19	7	19-17-15-10-5-6-7	116	6	696
197	19	7	19-17-15-10-5-2-1-7	116	7	812
197	19	7	19-20-18-16-12-11-8-7	116	7	812
197	19	7	19-17-15-10-5-2-0-1-7	116	8	928
197	19	7	19-20-18-16-12-13-14-9-7	116	8	928
198	19	8	19-20-18-16-12-11-8	52	6	312
198	19	8	19-17-15-14-9-7-8	52	6	312
198	19	8	19-17-15-14-13-12-11-8	52	7	364
198	19	8	19-17-15-10-5-6-7-8	52	7	364
198	19	8	19-17-15-10-5-2-1-7-8	52	8	416
198	19	8	19-17-15-10-5-2-0-1-7-8	52	9	468
199	19	9	19-17-15-14-9	107	4	428
199	19	9	19-20-18-16-12-13-14-9	107	7	749
199	19	9	19-17-15-10-5-6-7-9	107	7	749
199	19	9	19-17-15-10-5-2-1-7-9	107	8	856
199	19	9	19-20-18-16-12-11-8-7-9	107	8	856
199	19	9	19-17-15-10-5-2-0-1-7-9	107	9	963
1910	19	10	19-17-15-10	17	3	51
1910	19	10	19-20-18-16-12-13-14-15-10	17	8	136
1910	19	10	19-17-15-14-9-7-6-5-10	17	8	136
1910	19	10	19-17-15-14-9-7-1-2-5-10	17	9	153
1910	19	10	19-17-15-14-9-7-1-0-2-5-10	17	10	170
1910	19	10	19-17-15-14-9-7-1-3-4-5-10	17	10	170
1911	19	11	19-20-18-16-12-11	59	5	295
1911	19	11	19-17-15-14-13-12-11	59	6	354
1911	19	11	19-17-15-14-9-7-8-11	59	7	413
1911	19	11	19-17-15-10-5-6-7-8-11	59	8	472
1911	19	11	19-17-15-10-5-2-1-7-8-11	59	9	531
1911	19	11	19-17-15-10-5-2-0-1-7-8-11	59	10	590
1912	19	12	19-20-18-16-12	6	4	24
1912	19	12	19-17-15-14-13-12	6	5	30
1912	19	12	19-17-15-14-9-7-8-11-12	6	8	48
1912	19	12	19-17-15-10-5-6-7-8-11-12	6	9	54
1912	19	12	19-17-15-10-5-2-1-7-8-11-12	6	10	60
1912	19	12	19-17-15-10-5-6-7-9-14-13-12	6	10	60
1913	19	13	19-17-15-14-13	52	4	208
1913	19	13	19-20-18-16-12-13	52	5	260
1913	19	13	19-17-15-14-9-7-8-11-12-13	52	9	468
1913	19	13	19-17-15-10-5-6-7-9-14-13	52	9	468
1913	19	13	19-17-15-10-5-6-7-8-11-12-13	52	10	520
1913	19	13	19-20-18-16-12-11-8-7-9-14-13	52	10	520
1914	19	14	19-17-15-14	48	3	144
1914	19	14	19-20-18-16-12-13-14	48	6	288
1914	19	14	19-17-15-10-5-6-7-9-14	48	8	384
1914	19	14	19-17-15-10-5-2-1-7-9-14	48	9	432
1914	19	14	19-20-18-16-12-11-8-7-9-14	48	9	432
1914	19	14	19-17-15-10-5-2-0-1-7-9-14	48	10	480
1915	19	15	19-17-15	85	2	170
1915	19	15	19-20-18-16-12-13-14-15	85	7	595
1915	19	15	19-20-18-16-12-11-8-7-9-14-15	85	10	850
1915	19	15	19-20-18-16-12-11-8-7-6-5-10-15	85	11	935
1915	19	15	19-20-18-16-12-11-8-7-1-2-5-10-15	85	12	1020
1915	19	15	19-20-18-16-12-13-14-9-7-6-5-10-15	85	12	1020
1916	19	16	19-20-18-16	41	3	123
1916	19	16	19-17-15-14-13-12-16	41	6	246
1916	19	16	19-17-15-14-9-7-8-11-12-16	41	9	369
1916	19	16	19-17-15-10-5-6-7-8-11-12-16	41	10	410
1916	19	16	19-17-15-10-5-2-1-7-8-11-12-16	41	11	451
1916	19	16	19-17-15-10-5-6-7-9-14-13-12-16	41	11	451
1917	19	17	19-17	10	1	10
1917	19	17	19-20-18-16-12-13-14-15-17	10	8	80
1917	19	17	19-20-18-16-12-11-8-7-9-14-15-17	10	11	110
1917	19	17	19-20-18-16-12-11-8-7-6-5-10-15-17	10	12	120
1917	19	17	19-20-18-16-12-11-8-7-1-2-5-10-15-17	10	13	130
1917	19	17	19-20-18-16-12-13-14-9-7-6-5-10-15-17	10	13	130
1918	19	18	19-20-18	45	2	90
1918	19	18	19-17-15-14-13-12-16-18	45	7	315
1918	19	18	19-17-15-14-9-7-8-11-12-16-18	45	10	450
1918	19	18	19-17-15-10-5-6-7-8-11-12-16-18	45	11	495
1918	19	18	19-17-15-10-5-2-1-7-8-11-12-16-18	45	12	540
1918	19	18	19-17-15-10-5-6-7-9-14-13-12-16-18	45	12	540
1920	19	20	19-20	50	1	50
1920	19	20	19-17-15-14-13-12-16-18-20	50	8	400
1920	19	20	19-17-15-14-9-7-8-11-12-16-18-20	50	11	550
1920	19	20	19-17-15-10-5-6-7-8-11-12-16-18-20	50	12	600
1920	19	20	19-17-15-10-5-2-1-7-8-11-12-16-18-20	50	13	650
1920	19	20	19-17-15-10-5-6-7-9-14-13-12-16-18-20	50	13	650
200	20	0	20-19-17-15-10-5-2-0	82	7	574
200	20	0	20-19-17-15-10-5-2-1-0	82	8	656
200	20	0	20-18-16-12-11-8-7-1-0	82	8	656
200	20	0	20-19-17-15-14-9-7-1-0	82	8	656
200	20	0	20-19-17-15-10-5-4-3-1-0	82	9	738
200	20	0	20-18-16-12-11-8-7-1-2-0	82	9	738
201	20	1	20-19-17-15-10-5-2-1	115	7	805
201	20	1	20-19-17-15-14-9-7-1	115	7	805
201	20	1	20-18-16-12-11-8-7-1	115	7	805
201	20	1	20-19-17-15-10-5-2-0-1	115	8	920
201	20	1	20-18-16-12-13-14-9-7-1	115	8	920
201	20	1	20-19-17-15-10-5-6-7-1	115	8	920
202	20	2	20-19-17-15-10-5-2	55	6	330
202	20	2	20-18-16-12-11-8-7-1-2	55	8	440
202	20	2	20-19-17-15-14-9-7-1-2	55	8	440
202	20	2	20-18-16-12-11-8-7-1-0-2	55	9	495
202	20	2	20-19-17-15-14-9-7-6-5-2	55	9	495
202	20	2	20-18-16-12-13-14-15-10-5-2	55	9	495
203	20	3	20-19-17-15-10-5-4-3	13	7	91
203	20	3	20-19-17-15-10-5-2-1-3	13	8	104
203	20	3	20-18-16-12-11-8-7-1-3	13	8	104
203	20	3	20-19-17-15-14-9-7-1-3	13	8	104
203	20	3	20-19-17-15-10-5-2-0-1-3	13	9	117
203	20	3	20-19-17-15-10-5-6-7-1-3	13	9	117
204	20	4	20-19-17-15-10-5-4	3	6	18
204	20	4	20-19-17-15-10-5-2-1-3-4	3	9	27
204	20	4	20-19-17-15-14-9-7-6-5-4	3	9	27
204	20	4	20-18-16-12-13-14-15-10-5-4	3	9	27
204	20	4	20-18-16-12-11-8-7-6-5-4	3	9	27
204	20	4	20-18-16-12-11-8-7-1-3-4	3	9	27
205	20	5	20-19-17-15-10-5	137	5	685
205	20	5	20-18-16-12-11-8-7-6-5	137	8	1096
205	20	5	20-18-16-12-13-14-15-10-5	137	8	1096
205	20	5	20-19-17-15-14-9-7-6-5	137	8	1096
205	20	5	20-18-16-12-11-8-7-1-2-5	137	9	1233
205	20	5	20-18-16-12-13-14-9-7-6-5	137	9	1233
206	20	6	20-19-17-15-10-5-6	122	6	732
206	20	6	20-18-16-12-11-8-7-6	122	7	854
206	20	6	20-19-17-15-14-9-7-6	122	7	854
206	20	6	20-18-16-12-13-14-9-7-6	122	8	976
206	20	6	20-18-16-12-13-14-15-10-5-6	122	9	1098
206	20	6	20-19-17-15-10-5-2-1-7-6	122	9	1098
207	20	7	20-18-16-12-11-8-7	28	6	168
207	20	7	20-19-17-15-14-9-7	28	6	168
207	20	7	20-19-17-15-10-5-6-7	28	7	196
207	20	7	20-18-16-12-13-14-9-7	28	7	196
207	20	7	20-19-17-15-10-5-2-1-7	28	8	224
207	20	7	20-19-17-15-10-5-2-0-1-7	28	9	252
208	20	8	20-18-16-12-11-8	54	5	270
208	20	8	20-19-17-15-14-9-7-8	54	7	378
208	20	8	20-19-17-15-14-13-12-11-8	54	8	432
208	20	8	20-18-16-12-13-14-9-7-8	54	8	432
208	20	8	20-19-17-15-10-5-6-7-8	54	8	432
208	20	8	20-19-17-15-10-5-2-1-7-8	54	9	486
209	20	9	20-19-17-15-14-9	133	5	665
209	20	9	20-18-16-12-13-14-9	133	6	798
209	20	9	20-18-16-12-11-8-7-9	133	7	931
209	20	9	20-19-17-15-10-5-6-7-9	133	8	1064
209	20	9	20-19-17-15-10-5-2-1-7-9	133	9	1197
209	20	9	20-19-17-15-10-5-2-0-1-7-9	133	10	1330
2010	20	10	20-19-17-15-10	119	4	476
2010	20	10	20-18-16-12-13-14-15-10	119	7	833
2010	20	10	20-18-16-12-11-8-7-6-5-10	119	9	1071
2010	20	10	20-19-17-15-14-9-7-6-5-10	119	9	1071
2010	20	10	20-18-16-12-11-8-7-9-14-15-10	119	10	1190
2010	20	10	20-19-17-15-14-9-7-1-2-5-10	119	10	1190
2011	20	11	20-18-16-12-11	9	4	36
2011	20	11	20-19-17-15-14-13-12-11	9	7	63
2011	20	11	20-19-17-15-14-9-7-8-11	9	8	72
2011	20	11	20-19-17-15-10-5-6-7-8-11	9	9	81
2011	20	11	20-18-16-12-13-14-9-7-8-11	9	9	81
2011	20	11	20-19-17-15-10-5-2-1-7-8-11	9	10	90
2012	20	12	20-18-16-12	143	3	429
2012	20	12	20-19-17-15-14-13-12	143	6	858
2012	20	12	20-19-17-15-14-9-7-8-11-12	143	9	1287
2012	20	12	20-19-17-15-10-5-6-7-8-11-12	143	10	1430
2012	20	12	20-19-17-15-10-5-2-1-7-8-11-12	143	11	1573
2012	20	12	20-19-17-15-10-5-6-7-9-14-13-12	143	11	1573
2013	20	13	20-18-16-12-13	81	4	324
2013	20	13	20-19-17-15-14-13	81	5	405
2013	20	13	20-18-16-12-11-8-7-9-14-13	81	9	729
2013	20	13	20-19-17-15-14-9-7-8-11-12-13	81	10	810
2013	20	13	20-19-17-15-10-5-6-7-9-14-13	81	10	810
2013	20	13	20-19-17-15-10-5-6-7-8-11-12-13	81	11	891
2014	20	14	20-19-17-15-14	53	4	212
2014	20	14	20-18-16-12-13-14	53	5	265
2014	20	14	20-18-16-12-11-8-7-9-14	53	8	424
2014	20	14	20-19-17-15-10-5-6-7-9-14	53	9	477
2014	20	14	20-19-17-15-10-5-2-1-7-9-14	53	10	530
2014	20	14	20-18-16-12-11-8-7-6-5-10-15-14	53	11	583
2015	20	15	20-19-17-15	80	3	240
2015	20	15	20-18-16-12-13-14-15	80	6	480
2015	20	15	20-18-16-12-11-8-7-9-14-15	80	9	720
2015	20	15	20-18-16-12-11-8-7-6-5-10-15	80	10	800
2015	20	15	20-18-16-12-11-8-7-1-2-5-10-15	80	11	880
2015	20	15	20-18-16-12-13-14-9-7-6-5-10-15	80	11	880
2016	20	16	20-18-16	146	2	292
2016	20	16	20-19-17-15-14-13-12-16	146	7	1022
2016	20	16	20-19-17-15-14-9-7-8-11-12-16	146	10	1460
2016	20	16	20-19-17-15-10-5-6-7-8-11-12-16	146	11	1606
2016	20	16	20-19-17-15-10-5-2-1-7-8-11-12-16	146	12	1752
2016	20	16	20-19-17-15-10-5-6-7-9-14-13-12-16	146	12	1752
2017	20	17	20-19-17	129	2	258
2017	20	17	20-18-16-12-13-14-15-17	129	7	903
2017	20	17	20-18-16-12-11-8-7-9-14-15-17	129	10	1290
2017	20	17	20-18-16-12-11-8-7-6-5-10-15-17	129	11	1419
2017	20	17	20-18-16-12-11-8-7-1-2-5-10-15-17	129	12	1548
2017	20	17	20-18-16-12-13-14-9-7-6-5-10-15-17	129	12	1548
2018	20	18	20-18	16	1	16
2018	20	18	20-19-17-15-14-13-12-16-18	16	8	128
2018	20	18	20-19-17-15-14-9-7-8-11-12-16-18	16	11	176
2018	20	18	20-19-17-15-10-5-6-7-8-11-12-16-18	16	12	192
2018	20	18	20-19-17-15-10-5-2-1-7-8-11-12-16-18	16	13	208
2018	20	18	20-19-17-15-10-5-6-7-9-14-13-12-16-18	16	13	208
2019	20	19	20-19	133	1	133
2019	20	19	20-18-16-12-13-14-15-17-19	133	8	1064
2019	20	19	20-18-16-12-11-8-7-9-14-15-17-19	133	11	1463
2019	20	19	20-18-16-12-11-8-7-6-5-10-15-17-19	133	12	1596
2019	20	19	20-18-16-12-11-8-7-1-2-5-10-15-17-19	133	13	1729
2019	20	19	20-18-16-12-13-14-9-7-6-5-10-15-17-19	133	13	1729
