0 5600 5600 5600 5600 5600 5600 5600 5600 5600 5600 5600 5600 5600 5600 5600 5600 5600 5600
5600 0 5600 5600 5600 5600 5600 5600 5600 5600 5600 5600 5600 5600 5600 5600 5600 5600 5600
5600 5600 0 5600 5600 5600 5600 5600 5600 5600 5600 5600 5600 5600 5600 5600 5600 5600 5600
5600 5600 5600 0 5600 5600 5600 5600 5600 5600 5600 5600 5600 5600 5600 5600 5600 5600 5600
5600 5600 5600 5600 0 5600 5600 5600 5600 5600 5600 5600 5600 5600 5600 5600 5600 5600 5600
5600 5600 5600 5600 5600 0 5600 5600 5600 5600 5600 5600 5600 5600 5600 5600 5600 5600 5600
5600 5600 5600 5600 5600 5600 0 5600 5600 5600 5600 5600 5600 5600 5600 5600 5600 5600 5600
5600 5600 5600 5600 5600 5600 5600 0 5600 5600 5600 5600 5600 5600 5600 5600 5600 5600 5600
5600 5600 5600 5600 5600 5600 5600 5600 0 5600 5600 5600 5600 5600 5600 5600 5600 5600 5600
5600 5600 5600 5600 5600 5600 5600 5600 5600 0 5600 5600 5600 5600 5600 5600 5600 5600 5600
5600 5600 5600 5600 5600 5600 5600 5600 5600 5600 0 5600 5600 5600 5600 5600 5600 5600 5600
5600 5600 5600 5600 5600 5600 5600 5600 5600 5600 5600 0 5600 5600 5600 5600 5600 5600 5600
5600 5600 5600 5600 5600 5600 5600 5600 5600 5600 5600 5600 0 5600 5600 5600 5600 5600 5600
5600 5600 5600 5600 5600 5600 5600 5600 5600 5600 5600 5600 5600 0 5600 5600 5600 5600 5600
5600 5600 5600 5600 5600 5600 5600 5600 5600 5600 5600 5600 5600 5600 0 5600 5600 5600 5600
5600 5600 5600 5600 5600 5600 5600 5600 5600 5600 5600 5600 5600 5600 5600 0 5600 5600 5600
5600 5600 5600 5600 5600 5600 5600 5600 5600 5600 5600 5600 5600 5600 5600 5600 0 5600 5600
5600 5600 5600 5600 5600 5600 5600 5600 5600 5600 5600 5600 5600 5600 5600 5600 5600 0 5600
5600 5600 5600 5600 5600 5600 5600 5600 5600 5600 5600 5600 5600 5600 5600 5600 5600 5600 0
