0 3200 3200 3200 3200 3200 3200 3200 3200 3200 3200 3200 3200 3200 3200 3200 3200 3200 3200
3200 0 3200 3200 3200 3200 3200 3200 3200 3200 3200 3200 3200 3200 3200 3200 3200 3200 3200
3200 3200 0 3200 3200 3200 3200 3200 3200 3200 3200 3200 3200 3200 3200 3200 3200 3200 3200
3200 3200 3200 0 3200 3200 3200 3200 3200 3200 3200 3200 3200 3200 3200 3200 3200 3200 3200
3200 3200 3200 3200 0 3200 3200 3200 3200 3200 3200 3200 3200 3200 3200 3200 3200 3200 3200
3200 3200 3200 3200 3200 0 3200 3200 3200 3200 3200 3200 3200 3200 3200 3200 3200 3200 3200
3200 3200 3200 3200 3200 3200 0 3200 3200 3200 3200 3200 3200 3200 3200 3200 3200 3200 3200
3200 3200 3200 3200 3200 3200 3200 0 3200 3200 3200 3200 3200 3200 3200 3200 3200 3200 3200
3200 3200 3200 3200 3200 3200 3200 3200 0 3200 3200 3200 3200 3200 3200 3200 3200 3200 3200
3200 3200 3200 3200 3200 3200 3200 3200 3200 0 3200 3200 3200 3200 3200 3200 3200 3200 3200
3200 3200 3200 3200 3200 3200 3200 3200 3200 3200 0 3200 3200 3200 3200 3200 3200 3200 3200
3200 3200 3200 3200 3200 3200 3200 3200 3200 3200 3200 0 3200 3200 3200 3200 3200 3200 3200
3200 3200 3200 3200 3200 3200 3200 3200 3200 3200 3200 3200 0 3200 3200 3200 3200 3200 3200
3200 3200 3200 3200 3200 3200 3200 3200 3200 3200 3200 3200 3200 0 3200 3200 3200 3200 3200
3200 3200 3200 3200 3200 3200 3200 3200 3200 3200 3200 3200 3200 3200 0 3200 3200 3200 3200
3200 3200 3200 3200 3200 3200 3200 3200 3200 3200 3200 3200 3200 3200 3200 0 3200 3200 3200
3200 3200 3200 3200 3200 3200 3200 3200 3200 3200 3200 3200 3200 3200 3200 3200 0 3200 3200
3200 3200 3200 3200 3200 3200 3200 3200 3200 3200 3200 3200 3200 3200 3200 3200 3200 0 3200
3200 3200 3200 3200 3200 3200 3200 3200 3200 3200 3200 3200 3200 3200 3200 3200 3200 3200 0
