01	0	1	0-1	52	1	52
01	0	1	0-2-1	52	2	104
01	0	1	0-2-5-4-3-1	52	5	260
01	0	1	0-2-5-6-7-1	52	5	260
01	0	1	0-2-5-10-15-14-9-7-1	52	8	416
02	0	2	0-2	113	1	113
02	0	2	0-1-2	113	2	226
02	0	2	0-1-3-4-5-2	113	5	565
02	0	2	0-1-7-6-5-2	113	5	565
02	0	2	0-1-7-9-14-15-10-5-2	113	8	904
03	0	3	0-1-3	186	2	372
03	0	3	0-2-1-3	186	3	558
03	0	3	0-2-5-4-3	186	4	744
03	0	3	0-1-2-5-4-3	186	5	930
03	0	3	0-2-5-6-7-1-3	186	6	1116
04	0	4	0-1-3-4	15	3	45
04	0	4	0-2-5-4	15	3	45
04	0	4	0-2-1-3-4	15	4	60
04	0	4	0-1-2-5-4	15	4	60
04	0	4	0-1-7-6-5-4	15	5	75
05	0	5	0-2-5	108	2	216
05	0	5	0-1-2-5	108	3	324
05	0	5	0-1-3-4-5	108	4	432
05	0	5	0-1-7-6-5	108	4	432
05	0	5	0-2-1-3-4-5	108	5	540
06	0	6	0-2-5-6	130	3	390
06	0	6	0-1-7-6	130	3	390
06	0	6	0-1-2-5-6	130	4	520
06	0	6	0-2-1-7-6	130	4	520
06	0	6	0-1-3-4-5-6	130	5	650
07	0	7	0-1-7	62	2	124
07	0	7	0-2-1-7	62	3	186
07	0	7	0-2-5-6-7	62	4	248
07	0	7	0-1-2-5-6-7	62	5	310
07	0	7	0-2-5-4-3-1-7	62	6	372
08	0	8	0-1-7-8	62	3	186
08	0	8	0-2-1-7-8	62	4	248
08	0	8	0-2-5-6-7-8	62	5	310
08	0	8	0-1-2-5-6-7-8	62	6	372
08	0	8	0-2-5-4-3-1-7-8	62	7	434
09	0	9	0-1-7-9	123	3	369
09	0	9	0-2-1-7-9	123	4	492
09	0	9	0-2-5-6-7-9	123	5	615
09	0	9	0-2-5-10-15-14-9	123	6	738
09	0	9	0-1-2-5-6-7-9	123	6	738
010	0	10	0-2-5-10	49	3	147
010	0	10	0-1-2-5-10	49	4	196
010	0	10	0-1-3-4-5-10	49	5	245
010	0	10	0-1-7-6-5-10	49	5	245
010	0	10	0-1-7-9-14-15-10	49	6	294
011	0	11	0-1-7-8-11	5	4	20
011	0	11	0-2-1-7-8-11	5	5	25
011	0	11	0-2-5-6-7-8-11	5	6	30
011	0	11	0-1-7-9-14-13-12-11	5	7	35
011	0	11	0-1-2-5-6-7-8-11	5	7	35
012	0	12	0-1-7-8-11-12	3	5	15
012	0	12	0-2-1-7-8-11-12	3	6	18
012	0	12	0-1-7-9-14-13-12	3	6	18
012	0	12	0-2-5-6-7-8-11-12	3	7	21
012	0	12	0-2-1-7-9-14-13-12	3	7	21
013	0	13	0-1-7-9-14-13	39	5	195
013	0	13	0-1-7-8-11-12-13	39	6	234
013	0	13	0-2-1-7-9-14-13	39	6	234
013	0	13	0-2-5-10-15-14-13	39	6	234
013	0	13	0-2-1-7-8-11-12-13	39	7	273
014	0	14	0-1-7-9-14	109	4	436
014	0	14	0-2-5-10-15-14	109	5	545
014	0	14	0-2-1-7-9-14	109	5	545
014	0	14	0-1-2-5-10-15-14	109	6	654
014	0	14	0-2-5-6-7-9-14	109	6	654
015	0	15	0-2-5-10-15	93	4	372
015	0	15	0-1-7-9-14-15	93	5	465
015	0	15	0-1-2-5-10-15	93	5	465
015	0	15	0-2-1-7-9-14-15	93	6	558
015	0	15	0-1-7-6-5-10-15	93	6	558
016	0	16	0-1-7-8-11-12-16	146	6	876
016	0	16	0-2-1-7-8-11-12-16	146	7	1022
016	0	16	0-1-7-9-14-13-12-16	146	7	1022
016	0	16	0-2-5-6-7-8-11-12-16	146	8	1168
016	0	16	0-2-5-10-15-14-13-12-16	146	8	1168
017	0	17	0-2-5-10-15-17	97	5	485
017	0	17	0-1-7-9-14-15-17	97	6	582
017	0	17	0-1-2-5-10-15-17	97	6	582
017	0	17	0-2-1-7-9-14-15-17	97	7	679
017	0	17	0-1-7-6-5-10-15-17	97	7	679
018	0	18	0-1-7-8-11-12-16-18	109	7	763
018	0	18	0-2-1-7-8-11-12-16-18	109	8	872
018	0	18	0-2-5-10-15-17-19-20-18	109	8	872
018	0	18	0-1-7-9-14-13-12-16-18	109	8	872
018	0	18	0-2-5-6-7-8-11-12-16-18	109	9	981
019	0	19	0-2-5-10-15-17-19	16	6	96
019	0	19	0-1-7-9-14-15-17-19	16	7	112
019	0	19	0-1-2-5-10-15-17-19	16	7	112
019	0	19	0-2-1-7-9-14-15-17-19	16	8	128
019	0	19	0-1-7-6-5-10-15-17-19	16	8	128
020	0	20	0-2-5-10-15-17-19-20	74	7	518
020	0	20	0-1-7-8-11-12-16-18-20	74	8	592
020	0	20	0-1-2-5-10-15-17-19-20	74	8	592
020	0	20	0-1-7-9-14-15-17-19-20	74	8	592
020	0	20	0-2-1-7-8-11-12-16-18-20	74	9	666
10	1	0	1-0	147	1	147
10	1	0	1-2-0	147	2	294
10	1	0	1-3-4-5-2-0	147	5	735
10	1	0	1-7-6-5-2-0	147	5	735
10	1	0	1-7-9-14-15-10-5-2-0	147	8	1176
12	1	2	1-2	62	1	62
12	1	2	1-0-2	62	2	124
12	1	2	1-3-4-5-2	62	4	248
12	1	2	1-7-6-5-2	62	4	248
12	1	2	1-7-9-14-15-10-5-2	62	7	434
13	1	3	1-3	93	1	93
13	1	3	1-2-5-4-3	93	4	372
13	1	3	1-0-2-5-4-3	93	5	465
13	1	3	1-7-6-5-4-3	93	5	465
13	1	3	1-7-9-14-15-10-5-4-3	93	8	744
14	1	4	1-3-4	183	2	366
14	1	4	1-2-5-4	183	3	549
14	1	4	1-0-2-5-4	183	4	732
14	1	4	1-7-6-5-4	183	4	732
14	1	4	1-7-9-14-15-10-5-4	183	7	1281
15	1	5	1-2-5	147	2	294
15	1	5	1-0-2-5	147	3	441
15	1	5	1-7-6-5	147	3	441
15	1	5	1-3-4-5	147	3	441
15	1	5	1-7-9-14-15-10-5	147	6	882
16	1	6	1-7-6	89	2	178
16	1	6	1-2-5-6	89	3	267
16	1	6	1-0-2-5-6	89	4	356
16	1	6	1-3-4-5-6	89	4	356
16	1	6	1-7-9-14-15-10-5-6	89	7	623
17	1	7	1-7	115	1	115
17	1	7	1-2-5-6-7	115	4	460
17	1	7	1-0-2-5-6-7	115	5	575
17	1	7	1-3-4-5-6-7	115	5	575
17	1	7	1-2-5-10-15-14-9-7	115	7	805
18	1	8	1-7-8	134	2	268
18	1	8	1-2-5-6-7-8	134	5	670
18	1	8	1-0-2-5-6-7-8	134	6	804
18	1	8	1-3-4-5-6-7-8	134	6	804
18	1	8	1-7-9-14-13-12-11-8	134	7	938
19	1	9	1-7-9	0	2	0
19	1	9	1-2-5-6-7-9	0	5	0
19	1	9	1-2-5-10-15-14-9	0	6	0
19	1	9	1-3-4-5-6-7-9	0	6	0
19	1	9	1-0-2-5-6-7-9	0	6	0
110	1	10	1-2-5-10	110	3	330
110	1	10	1-0-2-5-10	110	4	440
110	1	10	1-3-4-5-10	110	4	440
110	1	10	1-7-6-5-10	110	4	440
110	1	10	1-7-9-14-15-10	110	5	550
111	1	11	1-7-8-11	62	3	186
111	1	11	1-7-9-14-13-12-11	62	6	372
111	1	11	1-2-5-6-7-8-11	62	6	372
111	1	11	1-0-2-5-6-7-8-11	62	7	434
111	1	11	1-3-4-5-6-7-8-11	62	7	434
112	1	12	1-7-8-11-12	84	4	336
112	1	12	1-7-9-14-13-12	84	5	420
112	1	12	1-2-5-6-7-8-11-12	84	7	588
112	1	12	1-2-5-10-15-14-13-12	84	7	588
112	1	12	1-0-2-5-6-7-8-11-12	84	8	672
113	1	13	1-7-9-14-13	95	4	380
113	1	13	1-7-8-11-12-13	95	5	475
113	1	13	1-2-5-10-15-14-13	95	6	570
113	1	13	1-0-2-5-10-15-14-13	95	7	665
113	1	13	1-3-4-5-10-15-14-13	95	7	665
114	1	14	1-7-9-14	191	3	573
114	1	14	1-2-5-10-15-14	191	5	955
114	1	14	1-7-8-11-12-13-14	191	6	1146
114	1	14	1-2-5-6-7-9-14	191	6	1146
114	1	14	1-3-4-5-10-15-14	191	6	1146
115	1	15	1-7-9-14-15	139	4	556
115	1	15	1-2-5-10-15	139	4	556
115	1	15	1-0-2-5-10-15	139	5	695
115	1	15	1-7-6-5-10-15	139	5	695
115	1	15	1-3-4-5-10-15	139	5	695
116	1	16	1-7-8-11-12-16	191	5	955
116	1	16	1-7-9-14-13-12-16	191	6	1146
116	1	16	1-2-5-6-7-8-11-12-16	191	8	1528
116	1	16	1-2-5-10-15-14-13-12-16	191	8	1528
116	1	16	1-0-2-5-6-7-8-11-12-16	191	9	1719
117	1	17	1-7-9-14-15-17	126	5	630
117	1	17	1-2-5-10-15-17	126	5	630
117	1	17	1-0-2-5-10-15-17	126	6	756
117	1	17	1-3-4-5-10-15-17	126	6	756
117	1	17	1-7-6-5-10-15-17	126	6	756
118	1	18	1-7-8-11-12-16-18	81	6	486
118	1	18	1-7-9-14-13-12-16-18	81	7	567
118	1	18	1-7-9-14-15-17-19-20-18	81	8	648
118	1	18	1-2-5-10-15-17-19-20-18	81	8	648
118	1	18	1-2-5-6-7-8-11-12-16-18	81	9	729
119	1	19	1-7-9-14-15-17-19	7	6	42
119	1	19	1-2-5-10-15-17-19	7	6	42
119	1	19	1-0-2-5-10-15-17-19	7	7	49
119	1	19	1-7-6-5-10-15-17-19	7	7	49
119	1	19	1-3-4-5-10-15-17-19	7	7	49
120	1	20	1-7-8-11-12-16-18-20	171	7	1197
120	1	20	1-2-5-10-15-17-19-20	171	7	1197
120	1	20	1-7-9-14-15-17-19-20	171	7	1197
120	1	20	1-7-9-14-13-12-16-18-20	171	8	1368
120	1	20	1-3-4-5-10-15-17-19-20	171	8	1368
20	2	0	2-0	7	1	7
20	2	0	2-1-0	7	2	14
20	2	0	2-5-4-3-1-0	7	5	35
20	2	0	2-5-6-7-1-0	7	5	35
20	2	0	2-5-10-15-14-9-7-1-0	7	8	56
21	2	1	2-1	90	1	90
21	2	1	2-0-1	90	2	180
21	2	1	2-5-4-3-1	90	4	360
21	2	1	2-5-6-7-1	90	4	360
21	2	1	2-5-10-15-14-9-7-1	90	7	630
23	2	3	2-1-3	99	2	198
23	2	3	2-0-1-3	99	3	297
23	2	3	2-5-4-3	99	3	297
23	2	3	2-5-6-7-1-3	99	5	495
23	2	3	2-1-7-6-5-4-3	99	6	594
24	2	4	2-5-4	153	2	306
24	2	4	2-1-3-4	153	3	459
24	2	4	2-0-1-3-4	153	4	612
24	2	4	2-1-7-6-5-4	153	5	765
24	2	4	2-5-6-7-1-3-4	153	6	918
25	2	5	2-5	10	1	10
25	2	5	2-1-3-4-5	10	4	40
25	2	5	2-1-7-6-5	10	4	40
25	2	5	2-0-1-3-4-5	10	5	50
25	2	5	2-0-1-7-6-5	10	5	50
26	2	6	2-5-6	21	2	42
26	2	6	2-1-7-6	21	3	63
26	2	6	2-0-1-7-6	21	4	84
26	2	6	2-1-3-4-5-6	21	5	105
26	2	6	2-0-1-3-4-5-6	21	6	126
27	2	7	2-1-7	19	2	38
27	2	7	2-0-1-7	19	3	57
27	2	7	2-5-6-7	19	3	57
27	2	7	2-5-4-3-1-7	19	5	95
27	2	7	2-1-3-4-5-6-7	19	6	114
28	2	8	2-1-7-8	15	3	45
28	2	8	2-0-1-7-8	15	4	60
28	2	8	2-5-6-7-8	15	4	60
28	2	8	2-5-4-3-1-7-8	15	6	90
28	2	8	2-1-3-4-5-6-7-8	15	7	105
29	2	9	2-1-7-9	174	3	522
29	2	9	2-0-1-7-9	174	4	696
29	2	9	2-5-6-7-9	174	4	696
29	2	9	2-5-10-15-14-9	174	5	870
29	2	9	2-5-4-3-1-7-9	174	6	1044
210	2	10	2-5-10	37	2	74
210	2	10	2-1-3-4-5-10	37	5	185
210	2	10	2-1-7-6-5-10	37	5	185
210	2	10	2-1-7-9-14-15-10	37	6	222
210	2	10	2-0-1-7-6-5-10	37	6	222
211	2	11	2-1-7-8-11	8	4	32
211	2	11	2-0-1-7-8-11	8	5	40
211	2	11	2-5-6-7-8-11	8	5	40
211	2	11	2-5-10-15-14-13-12-11	8	7	56
211	2	11	2-5-4-3-1-7-8-11	8	7	56
212	2	12	2-1-7-8-11-12	150	5	750
212	2	12	2-0-1-7-8-11-12	150	6	900
212	2	12	2-1-7-9-14-13-12	150	6	900
212	2	12	2-5-10-15-14-13-12	150	6	900
212	2	12	2-5-6-7-8-11-12	150	6	900
213	2	13	2-5-10-15-14-13	27	5	135
213	2	13	2-1-7-9-14-13	27	5	135
213	2	13	2-1-7-8-11-12-13	27	6	162
213	2	13	2-5-6-7-9-14-13	27	6	162
213	2	13	2-0-1-7-9-14-13	27	6	162
214	2	14	2-5-10-15-14	76	4	304
214	2	14	2-1-7-9-14	76	4	304
214	2	14	2-0-1-7-9-14	76	5	380
214	2	14	2-5-6-7-9-14	76	5	380
214	2	14	2-1-7-8-11-12-13-14	76	7	532
215	2	15	2-5-10-15	182	3	546
215	2	15	2-1-7-9-14-15	182	5	910
215	2	15	2-0-1-7-9-14-15	182	6	1092
215	2	15	2-1-7-6-5-10-15	182	6	1092
215	2	15	2-1-3-4-5-10-15	182	6	1092
216	2	16	2-1-7-8-11-12-16	8	6	48
216	2	16	2-0-1-7-8-11-12-16	8	7	56
216	2	16	2-5-6-7-8-11-12-16	8	7	56
216	2	16	2-5-10-15-14-13-12-16	8	7	56
216	2	16	2-1-7-9-14-13-12-16	8	7	56
217	2	17	2-5-10-15-17	34	4	136
217	2	17	2-1-7-9-14-15-17	34	6	204
217	2	17	2-0-1-7-9-14-15-17	34	7	238
217	2	17	2-1-3-4-5-10-15-17	34	7	238
217	2	17	2-1-7-6-5-10-15-17	34	7	238
218	2	18	2-1-7-8-11-12-16-18	72	7	504
218	2	18	2-5-10-15-17-19-20-18	72	7	504
218	2	18	2-0-1-7-8-11-12-16-18	72	8	576
218	2	18	2-1-7-9-14-13-12-16-18	72	8	576
218	2	18	2-5-10-15-14-13-12-16-18	72	8	576
219	2	19	2-5-10-15-17-19	17	5	85
219	2	19	2-1-7-9-14-15-17-19	17	7	119
219	2	19	2-0-1-7-9-14-15-17-19	17	8	136
219	2	19	2-1-7-6-5-10-15-17-19	17	8	136
219	2	19	2-1-3-4-5-10-15-17-19	17	8	136
220	2	20	2-5-10-15-17-19-20	73	6	438
220	2	20	2-1-7-8-11-12-16-18-20	73	8	584
220	2	20	2-1-7-9-14-15-17-19-20	73	8	584
220	2	20	2-0-1-7-8-11-12-16-18-20	73	9	657
220	2	20	2-1-3-4-5-10-15-17-19-20	73	9	657
30	3	0	3-1-0	84	2	168
30	3	0	3-1-2-0	84	3	252
30	3	0	3-4-5-2-0	84	4	336
30	3	0	3-4-5-2-1-0	84	5	420
30	3	0	3-4-5-6-7-1-0	84	6	504
31	3	1	3-1	103	1	103
31	3	1	3-4-5-2-1	103	4	412
31	3	1	3-4-5-2-0-1	103	5	515
31	3	1	3-4-5-6-7-1	103	5	515
31	3	1	3-4-5-10-15-14-9-7-1	103	8	824
32	3	2	3-1-2	42	2	84
32	3	2	3-1-0-2	42	3	126
32	3	2	3-4-5-2	42	3	126
32	3	2	3-1-7-6-5-2	42	5	210
32	3	2	3-4-5-6-7-1-2	42	6	252
34	3	4	3-4	41	1	41
34	3	4	3-1-2-5-4	41	4	164
34	3	4	3-1-0-2-5-4	41	5	205
34	3	4	3-1-7-6-5-4	41	5	205
34	3	4	3-1-7-9-14-15-10-5-4	41	8	328
35	3	5	3-4-5	109	2	218
35	3	5	3-1-2-5	109	3	327
35	3	5	3-1-0-2-5	109	4	436
35	3	5	3-1-7-6-5	109	4	436
35	3	5	3-1-7-9-14-15-10-5	109	7	763
36	3	6	3-4-5-6	151	3	453
36	3	6	3-1-7-6	151	3	453
36	3	6	3-1-2-5-6	151	4	604
36	3	6	3-1-0-2-5-6	151	5	755
36	3	6	3-4-5-2-1-7-6	151	6	906
37	3	7	3-1-7	153	2	306
37	3	7	3-4-5-6-7	153	4	612
37	3	7	3-4-5-2-1-7	153	5	765
37	3	7	3-1-2-5-6-7	153	5	765
37	3	7	3-4-5-2-0-1-7	153	6	918
38	3	8	3-1-7-8	31	3	93
38	3	8	3-4-5-6-7-8	31	5	155
38	3	8	3-4-5-2-1-7-8	31	6	186
38	3	8	3-1-2-5-6-7-8	31	6	186
38	3	8	3-4-5-2-0-1-7-8	31	7	217
39	3	9	3-1-7-9	188	3	564
39	3	9	3-4-5-6-7-9	188	5	940
39	3	9	3-4-5-10-15-14-9	188	6	1128
39	3	9	3-1-2-5-6-7-9	188	6	1128
39	3	9	3-4-5-2-1-7-9	188	6	1128
310	3	10	3-4-5-10	82	3	246
310	3	10	3-1-2-5-10	82	4	328
310	3	10	3-1-0-2-5-10	82	5	410
310	3	10	3-1-7-6-5-10	82	5	410
310	3	10	3-1-7-9-14-15-10	82	6	492
311	3	11	3-1-7-8-11	100	4	400
311	3	11	3-4-5-6-7-8-11	100	6	600
311	3	11	3-1-7-9-14-13-12-11	100	7	700
311	3	11	3-1-2-5-6-7-8-11	100	7	700
311	3	11	3-4-5-2-1-7-8-11	100	7	700
312	3	12	3-1-7-8-11-12	167	5	835
312	3	12	3-1-7-9-14-13-12	167	6	1002
312	3	12	3-4-5-6-7-8-11-12	167	7	1169
312	3	12	3-4-5-10-15-14-13-12	167	7	1169
312	3	12	3-4-5-2-1-7-8-11-12	167	8	1336
313	3	13	3-1-7-9-14-13	68	5	340
313	3	13	3-1-7-8-11-12-13	68	6	408
313	3	13	3-4-5-10-15-14-13	68	6	408
313	3	13	3-1-2-5-10-15-14-13	68	7	476
313	3	13	3-4-5-6-7-9-14-13	68	7	476
314	3	14	3-1-7-9-14	111	4	444
314	3	14	3-4-5-10-15-14	111	5	555
314	3	14	3-1-2-5-10-15-14	111	6	666
314	3	14	3-4-5-6-7-9-14	111	6	666
314	3	14	3-1-7-8-11-12-13-14	111	7	777
315	3	15	3-4-5-10-15	113	4	452
315	3	15	3-1-7-9-14-15	113	5	565
315	3	15	3-1-2-5-10-15	113	5	565
315	3	15	3-1-0-2-5-10-15	113	6	678
315	3	15	3-1-7-6-5-10-15	113	6	678
316	3	16	3-1-7-8-11-12-16	176	6	1056
316	3	16	3-1-7-9-14-13-12-16	176	7	1232
316	3	16	3-4-5-6-7-8-11-12-16	176	8	1408
316	3	16	3-4-5-10-15-14-13-12-16	176	8	1408
316	3	16	3-4-5-2-1-7-8-11-12-16	176	9	1584
317	3	17	3-4-5-10-15-17	102	5	510
317	3	17	3-1-7-9-14-15-17	102	6	612
317	3	17	3-1-2-5-10-15-17	102	6	612
317	3	17	3-1-0-2-5-10-15-17	102	7	714
317	3	17	3-1-7-6-5-10-15-17	102	7	714
318	3	18	3-1-7-8-11-12-16-18	141	7	987
318	3	18	3-1-7-9-14-13-12-16-18	141	8	1128
318	3	18	3-4-5-10-15-17-19-20-18	141	8	1128
318	3	18	3-4-5-6-7-8-11-12-16-18	141	9	1269
318	3	18	3-1-2-5-10-15-17-19-20-18	141	9	1269
319	3	19	3-4-5-10-15-17-19	92	6	552
319	3	19	3-1-7-9-14-15-17-19	92	7	644
319	3	19	3-1-2-5-10-15-17-19	92	7	644
319	3	19	3-1-0-2-5-10-15-17-19	92	8	736
319	3	19	3-1-7-6-5-10-15-17-19	92	8	736
320	3	20	3-4-5-10-15-17-19-20	156	7	1092
320	3	20	3-1-7-8-11-12-16-18-20	156	8	1248
320	3	20	3-1-2-5-10-15-17-19-20	156	8	1248
320	3	20	3-1-7-9-14-15-17-19-20	156	8	1248
320	3	20	3-1-7-9-14-13-12-16-18-20	156	9	1404
40	4	0	4-3-1-0	7	3	21
40	4	0	4-5-2-0	7	3	21
40	4	0	4-5-2-1-0	7	4	28
40	4	0	4-3-1-2-0	7	4	28
40	4	0	4-5-6-7-1-0	7	5	35
41	4	1	4-3-1	16	2	32
41	4	1	4-5-2-1	16	3	48
41	4	1	4-5-2-0-1	16	4	64
41	4	1	4-5-6-7-1	16	4	64
41	4	1	4-5-10-15-14-9-7-1	16	7	112
42	4	2	4-5-2	145	2	290
42	4	2	4-3-1-2	145	3	435
42	4	2	4-3-1-0-2	145	4	580
42	4	2	4-5-6-7-1-2	145	5	725
42	4	2	4-5-6-7-1-0-2	145	6	870
43	4	3	4-3	177	1	177
43	4	3	4-5-2-1-3	177	4	708
43	4	3	4-5-2-0-1-3	177	5	885
43	4	3	4-5-6-7-1-3	177	5	885
43	4	3	4-5-10-15-14-9-7-1-3	177	8	1416
45	4	5	4-5	91	1	91
45	4	5	4-3-1-2-5	91	4	364
45	4	5	4-3-1-0-2-5	91	5	455
45	4	5	4-3-1-7-6-5	91	5	455
45	4	5	4-3-1-7-9-14-15-10-5	91	8	728
46	4	6	4-5-6	183	2	366
46	4	6	4-3-1-7-6	183	4	732
46	4	6	4-3-1-2-5-6	183	5	915
46	4	6	4-5-2-1-7-6	183	5	915
46	4	6	4-3-1-0-2-5-6	183	6	1098
47	4	7	4-3-1-7	88	3	264
47	4	7	4-5-6-7	88	3	264
47	4	7	4-5-2-1-7	88	4	352
47	4	7	4-5-2-0-1-7	88	5	440
47	4	7	4-3-1-2-5-6-7	88	6	528
48	4	8	4-3-1-7-8	48	4	192
48	4	8	4-5-6-7-8	48	4	192
48	4	8	4-5-2-1-7-8	48	5	240
48	4	8	4-5-2-0-1-7-8	48	6	288
48	4	8	4-3-1-2-5-6-7-8	48	7	336
49	4	9	4-3-1-7-9	73	4	292
49	4	9	4-5-6-7-9	73	4	292
49	4	9	4-5-10-15-14-9	73	5	365
49	4	9	4-5-2-1-7-9	73	5	365
49	4	9	4-5-2-0-1-7-9	73	6	438
410	4	10	4-5-10	25	2	50
410	4	10	4-3-1-2-5-10	25	5	125
410	4	10	4-3-1-0-2-5-10	25	6	150
410	4	10	4-3-1-7-6-5-10	25	6	150
410	4	10	4-3-1-7-9-14-15-10	25	7	175
411	4	11	4-3-1-7-8-11	74	5	370
411	4	11	4-5-6-7-8-11	74	5	370
411	4	11	4-5-2-1-7-8-11	74	6	444
411	4	11	4-5-10-15-14-13-12-11	74	7	518
411	4	11	4-5-2-0-1-7-8-11	74	7	518
412	4	12	4-3-1-7-8-11-12	84	6	504
412	4	12	4-5-10-15-14-13-12	84	6	504
412	4	12	4-5-6-7-8-11-12	84	6	504
412	4	12	4-5-2-1-7-8-11-12	84	7	588
412	4	12	4-5-6-7-9-14-13-12	84	7	588
413	4	13	4-5-10-15-14-13	164	5	820
413	4	13	4-3-1-7-9-14-13	164	6	984
413	4	13	4-5-6-7-9-14-13	164	6	984
413	4	13	4-3-1-7-8-11-12-13	164	7	1148
413	4	13	4-5-2-1-7-9-14-13	164	7	1148
414	4	14	4-5-10-15-14	55	4	220
414	4	14	4-3-1-7-9-14	55	5	275
414	4	14	4-5-6-7-9-14	55	5	275
414	4	14	4-5-2-1-7-9-14	55	6	330
414	4	14	4-3-1-2-5-10-15-14	55	7	385
415	4	15	4-5-10-15	178	3	534
415	4	15	4-3-1-7-9-14-15	178	6	1068
415	4	15	4-3-1-2-5-10-15	178	6	1068
415	4	15	4-5-6-7-9-14-15	178	6	1068
415	4	15	4-5-2-1-7-9-14-15	178	7	1246
416	4	16	4-3-1-7-8-11-12-16	60	7	420
416	4	16	4-5-10-15-14-13-12-16	60	7	420
416	4	16	4-5-6-7-8-11-12-16	60	7	420
416	4	16	4-5-2-1-7-8-11-12-16	60	8	480
416	4	16	4-5-10-15-17-19-20-18-16	60	8	480
417	4	17	4-5-10-15-17	181	4	724
417	4	17	4-3-1-7-9-14-15-17	181	7	1267
417	4	17	4-5-6-7-9-14-15-17	181	7	1267
417	4	17	4-3-1-2-5-10-15-17	181	7	1267
417	4	17	4-5-2-1-7-9-14-15-17	181	8	1448
418	4	18	4-5-10-15-17-19-20-18	192	7	1344
418	4	18	4-3-1-7-8-11-12-16-18	192	8	1536
418	4	18	4-5-6-7-8-11-12-16-18	192	8	1536
418	4	18	4-5-10-15-14-13-12-16-18	192	8	1536
418	4	18	4-5-2-1-7-8-11-12-16-18	192	9	1728
419	4	19	4-5-10-15-17-19	170	5	850
419	4	19	4-3-1-7-9-14-15-17-19	170	8	1360
419	4	19	4-3-1-2-5-10-15-17-19	170	8	1360
419	4	19	4-5-6-7-9-14-15-17-19	170	8	1360
419	4	19	4-5-2-1-7-9-14-15-17-19	170	9	1530
420	4	20	4-5-10-15-17-19-20	81	6	486
420	4	20	4-3-1-7-8-11-12-16-18-20	81	9	729
420	4	20	4-5-6-7-9-14-15-17-19-20	81	9	729
420	4	20	4-3-1-2-5-10-15-17-19-20	81	9	729
420	4	20	4-3-1-7-9-14-15-17-19-20	81	9	729
50	5	0	5-2-0	132	2	264
50	5	0	5-2-1-0	132	3	396
50	5	0	5-4-3-1-0	132	4	528
50	5	0	5-6-7-1-0	132	4	528
50	5	0	5-4-3-1-2-0	132	5	660
51	5	1	5-2-1	130	2	260
51	5	1	5-2-0-1	130	3	390
51	5	1	5-6-7-1	130	3	390
51	5	1	5-4-3-1	130	3	390
51	5	1	5-10-15-14-9-7-1	130	6	780
52	5	2	5-2	49	1	49
52	5	2	5-4-3-1-2	49	4	196
52	5	2	5-6-7-1-2	49	4	196
52	5	2	5-4-3-1-0-2	49	5	245
52	5	2	5-6-7-1-0-2	49	5	245
53	5	3	5-4-3	188	2	376
53	5	3	5-2-1-3	188	3	564
53	5	3	5-2-0-1-3	188	4	752
53	5	3	5-6-7-1-3	188	4	752
53	5	3	5-10-15-14-9-7-1-3	188	7	1316
54	5	4	5-4	12	1	12
54	5	4	5-2-1-3-4	12	4	48
54	5	4	5-2-0-1-3-4	12	5	60
54	5	4	5-6-7-1-3-4	12	5	60
54	5	4	5-10-15-14-9-7-1-3-4	12	8	96
56	5	6	5-6	157	1	157
56	5	6	5-2-1-7-6	157	4	628
56	5	6	5-2-0-1-7-6	157	5	785
56	5	6	5-4-3-1-7-6	157	5	785
56	5	6	5-10-15-14-9-7-6	157	6	942
57	5	7	5-6-7	111	2	222
57	5	7	5-2-1-7	111	3	333
57	5	7	5-2-0-1-7	111	4	444
57	5	7	5-4-3-1-7	111	4	444
57	5	7	5-10-15-14-9-7	111	5	555
58	5	8	5-6-7-8	179	3	537
58	5	8	5-2-1-7-8	179	4	716
58	5	8	5-2-0-1-7-8	179	5	895
58	5	8	5-4-3-1-7-8	179	5	895
58	5	8	5-10-15-14-9-7-8	179	6	1074
59	5	9	5-6-7-9	31	3	93
59	5	9	5-10-15-14-9	31	4	124
59	5	9	5-2-1-7-9	31	4	124
59	5	9	5-2-0-1-7-9	31	5	155
59	5	9	5-4-3-1-7-9	31	5	155
510	5	10	5-10	41	1	41
510	5	10	5-6-7-9-14-15-10	41	6	246
510	5	10	5-2-1-7-9-14-15-10	41	7	287
510	5	10	5-2-0-1-7-9-14-15-10	41	8	328
510	5	10	5-4-3-1-7-9-14-15-10	41	8	328
511	5	11	5-6-7-8-11	46	4	184
511	5	11	5-2-1-7-8-11	46	5	230
511	5	11	5-10-15-14-13-12-11	46	6	276
511	5	11	5-4-3-1-7-8-11	46	6	276
511	5	11	5-2-0-1-7-8-11	46	6	276
512	5	12	5-6-7-8-11-12	57	5	285
512	5	12	5-10-15-14-13-12	57	5	285
512	5	12	5-2-1-7-8-11-12	57	6	342
512	5	12	5-6-7-9-14-13-12	57	6	342
512	5	12	5-2-0-1-7-8-11-12	57	7	399
513	5	13	5-10-15-14-13	140	4	560
513	5	13	5-6-7-9-14-13	140	5	700
513	5	13	5-6-7-8-11-12-13	140	6	840
513	5	13	5-2-1-7-9-14-13	140	6	840
513	5	13	5-2-1-7-8-11-12-13	140	7	980
514	5	14	5-10-15-14	29	3	87
514	5	14	5-6-7-9-14	29	4	116
514	5	14	5-2-1-7-9-14	29	5	145
514	5	14	5-2-0-1-7-9-14	29	6	174
514	5	14	5-4-3-1-7-9-14	29	6	174
515	5	15	5-10-15	104	2	208
515	5	15	5-6-7-9-14-15	104	5	520
515	5	15	5-2-1-7-9-14-15	104	6	624
515	5	15	5-2-0-1-7-9-14-15	104	7	728
515	5	15	5-4-3-1-7-9-14-15	104	7	728
516	5	16	5-6-7-8-11-12-16	159	6	954
516	5	16	5-10-15-14-13-12-16	159	6	954
516	5	16	5-2-1-7-8-11-12-16	159	7	1113
516	5	16	5-10-15-17-19-20-18-16	159	7	1113
516	5	16	5-6-7-9-14-13-12-16	159	7	1113
517	5	17	5-10-15-17	186	3	558
517	5	17	5-6-7-9-14-15-17	186	6	1116
517	5	17	5-2-1-7-9-14-15-17	186	7	1302
517	5	17	5-2-0-1-7-9-14-15-17	186	8	1488
517	5	17	5-4-3-1-7-9-14-15-17	186	8	1488
518	5	18	5-10-15-17-19-20-18	74	6	444
518	5	18	5-6-7-8-11-12-16-18	74	7	518
518	5	18	5-10-15-14-13-12-16-18	74	7	518
518	5	18	5-2-1-7-8-11-12-16-18	74	8	592
518	5	18	5-6-7-9-14-13-12-16-18	74	8	592
519	5	19	5-10-15-17-19	173	4	692
519	5	19	5-6-7-9-14-15-17-19	173	7	1211
519	5	19	5-2-1-7-9-14-15-17-19	173	8	1384
519	5	19	5-2-0-1-7-9-14-15-17-19	173	9	1557
519	5	19	5-10-15-14-13-12-16-18-20-19	173	9	1557
520	5	20	5-10-15-17-19-20	78	5	390
520	5	20	5-6-7-8-11-12-16-18-20	78	8	624
520	5	20	5-6-7-9-14-15-17-19-20	78	8	624
520	5	20	5-10-15-14-13-12-16-18-20	78	8	624
520	5	20	5-2-1-7-8-11-12-16-18-20	78	9	702
60	6	0	6-7-1-0	60	3	180
60	6	0	6-5-2-0	60	3	180
60	6	0	6-5-2-1-0	60	4	240
60	6	0	6-7-1-2-0	60	4	240
60	6	0	6-5-4-3-1-0	60	5	300
61	6	1	6-7-1	112	2	224
61	6	1	6-5-2-1	112	3	336
61	6	1	6-5-2-0-1	112	4	448
61	6	1	6-5-4-3-1	112	4	448
61	6	1	6-5-10-15-14-9-7-1	112	7	784
62	6	2	6-5-2	41	2	82
62	6	2	6-7-1-2	41	3	123
62	6	2	6-7-1-0-2	41	4	164
62	6	2	6-5-4-3-1-2	41	5	205
62	6	2	6-5-4-3-1-0-2	41	6	246
63	6	3	6-7-1-3	73	3	219
63	6	3	6-5-4-3	73	3	219
63	6	3	6-5-2-1-3	73	4	292
63	6	3	6-5-2-0-1-3	73	5	365
63	6	3	6-7-1-2-5-4-3	73	6	438
64	6	4	6-5-4	177	2	354
64	6	4	6-7-1-3-4	177	4	708
64	6	4	6-5-2-1-3-4	177	5	885
64	6	4	6-7-1-2-5-4	177	5	885
64	6	4	6-5-2-0-1-3-4	177	6	1062
65	6	5	6-5	182	1	182
65	6	5	6-7-1-2-5	182	4	728
65	6	5	6-7-1-0-2-5	182	5	910
65	6	5	6-7-1-3-4-5	182	5	910
65	6	5	6-7-9-14-15-10-5	182	6	1092
67	6	7	6-7	42	1	42
67	6	7	6-5-2-1-7	42	4	168
67	6	7	6-5-2-0-1-7	42	5	210
67	6	7	6-5-4-3-1-7	42	5	210
67	6	7	6-5-10-15-14-9-7	42	6	252
68	6	8	6-7-8	6	2	12
68	6	8	6-5-2-1-7-8	6	5	30
68	6	8	6-5-2-0-1-7-8	6	6	36
68	6	8	6-5-4-3-1-7-8	6	6	36
68	6	8	6-7-9-14-13-12-11-8	6	7	42
69	6	9	6-7-9	85	2	170
69	6	9	6-5-10-15-14-9	85	5	425
69	6	9	6-5-2-1-7-9	85	5	425
69	6	9	6-5-2-0-1-7-9	85	6	510
69	6	9	6-5-4-3-1-7-9	85	6	510
610	6	10	6-5-10	35	2	70
610	6	10	6-7-9-14-15-10	35	5	175
610	6	10	6-7-1-2-5-10	35	5	175
610	6	10	6-7-1-0-2-5-10	35	6	210
610	6	10	6-7-1-3-4-5-10	35	6	210
611	6	11	6-7-8-11	23	3	69
611	6	11	6-7-9-14-13-12-11	23	6	138
611	6	11	6-5-2-1-7-8-11	23	6	138
611	6	11	6-5-10-15-14-13-12-11	23	7	161
611	6	11	6-5-4-3-1-7-8-11	23	7	161
612	6	12	6-7-8-11-12	121	4	484
612	6	12	6-7-9-14-13-12	121	5	605
612	6	12	6-5-10-15-14-13-12	121	6	726
612	6	12	6-5-2-1-7-8-11-12	121	7	847
612	6	12	6-5-2-0-1-7-8-11-12	121	8	968
613	6	13	6-7-9-14-13	139	4	556
613	6	13	6-7-8-11-12-13	139	5	695
613	6	13	6-5-10-15-14-13	139	5	695
613	6	13	6-5-2-1-7-9-14-13	139	7	973
613	6	13	6-5-2-1-7-8-11-12-13	139	8	1112
614	6	14	6-7-9-14	86	3	258
614	6	14	6-5-10-15-14	86	4	344
614	6	14	6-7-8-11-12-13-14	86	6	516
614	6	14	6-5-2-1-7-9-14	86	6	516
614	6	14	6-7-1-2-5-10-15-14	86	7	602
615	6	15	6-5-10-15	121	3	363
615	6	15	6-7-9-14-15	121	4	484
615	6	15	6-7-1-2-5-10-15	121	6	726
615	6	15	6-7-8-11-12-13-14-15	121	7	847
615	6	15	6-7-1-3-4-5-10-15	121	7	847
616	6	16	6-7-8-11-12-16	132	5	660
616	6	16	6-7-9-14-13-12-16	132	6	792
616	6	16	6-5-10-15-14-13-12-16	132	7	924
616	6	16	6-5-2-1-7-8-11-12-16	132	8	1056
616	6	16	6-5-10-15-17-19-20-18-16	132	8	1056
617	6	17	6-5-10-15-17	163	4	652
617	6	17	6-7-9-14-15-17	163	5	815
617	6	17	6-7-1-2-5-10-15-17	163	7	1141
617	6	17	6-7-8-11-12-13-14-15-17	163	8	1304
617	6	17	6-7-1-3-4-5-10-15-17	163	8	1304
618	6	18	6-7-8-11-12-16-18	102	6	612
618	6	18	6-7-9-14-13-12-16-18	102	7	714
618	6	18	6-5-10-15-17-19-20-18	102	7	714
618	6	18	6-5-10-15-14-13-12-16-18	102	8	816
618	6	18	6-7-9-14-15-17-19-20-18	102	8	816
619	6	19	6-5-10-15-17-19	82	5	410
619	6	19	6-7-9-14-15-17-19	82	6	492
619	6	19	6-7-1-2-5-10-15-17-19	82	8	656
619	6	19	6-7-8-11-12-16-18-20-19	82	8	656
619	6	19	6-7-8-11-12-13-14-15-17-19	82	9	738
620	6	20	6-5-10-15-17-19-20	80	6	480
620	6	20	6-7-8-11-12-16-18-20	80	7	560
620	6	20	6-7-9-14-15-17-19-20	80	7	560
620	6	20	6-7-9-14-13-12-16-18-20	80	8	640
620	6	20	6-5-10-15-14-13-12-16-18-20	80	9	720
70	7	0	7-1-0	115	2	230
70	7	0	7-1-2-0	115	3	345
70	7	0	7-6-5-2-0	115	4	460
70	7	0	7-6-5-2-1-0	115	5	575
70	7	0	7-6-5-4-3-1-0	115	6	690
71	7	1	7-1	148	1	148
71	7	1	7-6-5-2-1	148	4	592
71	7	1	7-6-5-2-0-1	148	5	740
71	7	1	7-6-5-4-3-1	148	5	740
71	7	1	7-9-14-15-10-5-2-1	148	7	1036
72	7	2	7-1-2	137	2	274
72	7	2	7-1-0-2	137	3	411
72	7	2	7-6-5-2	137	3	411
72	7	2	7-1-3-4-5-2	137	5	685
72	7	2	7-6-5-4-3-1-2	137	6	822
73	7	3	7-1-3	12	2	24
73	7	3	7-6-5-4-3	12	4	48
73	7	3	7-6-5-2-1-3	12	5	60
73	7	3	7-1-2-5-4-3	12	5	60
73	7	3	7-6-5-2-0-1-3	12	6	72
74	7	4	7-1-3-4	147	3	441
74	7	4	7-6-5-4	147	3	441
74	7	4	7-1-2-5-4	147	4	588
74	7	4	7-1-0-2-5-4	147	5	735
74	7	4	7-6-5-2-1-3-4	147	6	882
75	7	5	7-6-5	164	2	328
75	7	5	7-1-2-5	164	3	492
75	7	5	7-1-0-2-5	164	4	656
75	7	5	7-1-3-4-5	164	4	656
75	7	5	7-9-14-15-10-5	164	5	820
76	7	6	7-6	106	1	106
76	7	6	7-1-2-5-6	106	4	424
76	7	6	7-1-0-2-5-6	106	5	530
76	7	6	7-1-3-4-5-6	106	5	530
76	7	6	7-9-14-15-10-5-6	106	6	636
78	7	8	7-8	187	1	187
78	7	8	7-9-14-13-12-11-8	187	6	1122
78	7	8	7-6-5-10-15-14-13-12-11-8	187	9	1683
78	7	8	7-1-2-5-10-15-14-13-12-11-8	187	10	1870
78	7	8	7-1-0-2-5-10-15-14-13-12-11-8	187	11	2057
79	7	9	7-9	108	1	108
79	7	9	7-8-11-12-13-14-9	108	6	648
79	7	9	7-6-5-10-15-14-9	108	6	648
79	7	9	7-1-2-5-10-15-14-9	108	7	756
79	7	9	7-1-0-2-5-10-15-14-9	108	8	864
710	7	10	7-6-5-10	18	3	54
710	7	10	7-9-14-15-10	18	4	72
710	7	10	7-1-2-5-10	18	4	72
710	7	10	7-1-0-2-5-10	18	5	90
710	7	10	7-1-3-4-5-10	18	5	90
711	7	11	7-8-11	136	2	272
711	7	11	7-9-14-13-12-11	136	5	680
711	7	11	7-6-5-10-15-14-13-12-11	136	8	1088
711	7	11	7-1-2-5-10-15-14-13-12-11	136	9	1224
711	7	11	7-1-0-2-5-10-15-14-13-12-11	136	10	1360
712	7	12	7-8-11-12	105	3	315
712	7	12	7-9-14-13-12	105	4	420
712	7	12	7-6-5-10-15-14-13-12	105	7	735
712	7	12	7-1-2-5-10-15-14-13-12	105	8	840
712	7	12	7-1-0-2-5-10-15-14-13-12	105	9	945
713	7	13	7-9-14-13	61	3	183
713	7	13	7-8-11-12-13	61	4	244
713	7	13	7-6-5-10-15-14-13	61	6	366
713	7	13	7-1-2-5-10-15-14-13	61	7	427
713	7	13	7-1-0-2-5-10-15-14-13	61	8	488
714	7	14	7-9-14	55	2	110
714	7	14	7-8-11-12-13-14	55	5	275
714	7	14	7-6-5-10-15-14	55	5	275
714	7	14	7-1-2-5-10-15-14	55	6	330
714	7	14	7-1-0-2-5-10-15-14	55	7	385
715	7	15	7-9-14-15	46	3	138
715	7	15	7-6-5-10-15	46	4	184
715	7	15	7-1-2-5-10-15	46	5	230
715	7	15	7-8-11-12-13-14-15	46	6	276
715	7	15	7-1-3-4-5-10-15	46	6	276
716	7	16	7-8-11-12-16	74	4	296
716	7	16	7-9-14-13-12-16	74	5	370
716	7	16	7-6-5-10-15-14-13-12-16	74	8	592
716	7	16	7-9-14-15-17-19-20-18-16	74	8	592
716	7	16	7-1-2-5-10-15-14-13-12-16	74	9	666
717	7	17	7-9-14-15-17	90	4	360
717	7	17	7-6-5-10-15-17	90	5	450
717	7	17	7-1-2-5-10-15-17	90	6	540
717	7	17	7-8-11-12-13-14-15-17	90	7	630
717	7	17	7-1-3-4-5-10-15-17	90	7	630
718	7	18	7-8-11-12-16-18	79	5	395
718	7	18	7-9-14-13-12-16-18	79	6	474
718	7	18	7-9-14-15-17-19-20-18	79	7	553
718	7	18	7-6-5-10-15-17-19-20-18	79	8	632
718	7	18	7-6-5-10-15-14-13-12-16-18	79	9	711
719	7	19	7-9-14-15-17-19	33	5	165
719	7	19	7-6-5-10-15-17-19	33	6	198
719	7	19	7-1-2-5-10-15-17-19	33	7	231
719	7	19	7-8-11-12-16-18-20-19	33	7	231
719	7	19	7-8-11-12-13-14-15-17-19	33	8	264
720	7	20	7-8-11-12-16-18-20	92	6	552
720	7	20	7-9-14-15-17-19-20	92	6	552
720	7	20	7-9-14-13-12-16-18-20	92	7	644
720	7	20	7-6-5-10-15-17-19-20	92	7	644
720	7	20	7-1-2-5-10-15-17-19-20	92	8	736
80	8	0	8-7-1-0	124	3	372
80	8	0	8-7-1-2-0	124	4	496
80	8	0	8-7-6-5-2-0	124	5	620
80	8	0	8-7-6-5-2-1-0	124	6	744
80	8	0	8-7-6-5-4-3-1-0	124	7	868
81	8	1	8-7-1	107	2	214
81	8	1	8-7-6-5-2-1	107	5	535
81	8	1	8-7-6-5-2-0-1	107	6	642
81	8	1	8-7-6-5-4-3-1	107	6	642
81	8	1	8-11-12-13-14-9-7-1	107	7	749
82	8	2	8-7-1-2	32	3	96
82	8	2	8-7-1-0-2	32	4	128
82	8	2	8-7-6-5-2	32	4	128
82	8	2	8-7-1-3-4-5-2	32	6	192
82	8	2	8-7-6-5-4-3-1-2	32	7	224
83	8	3	8-7-1-3	122	3	366
83	8	3	8-7-6-5-4-3	122	5	610
83	8	3	8-7-6-5-2-1-3	122	6	732
83	8	3	8-7-1-2-5-4-3	122	6	732
83	8	3	8-7-6-5-2-0-1-3	122	7	854
84	8	4	8-7-1-3-4	119	4	476
84	8	4	8-7-6-5-4	119	4	476
84	8	4	8-7-1-2-5-4	119	5	595
84	8	4	8-7-1-0-2-5-4	119	6	714
84	8	4	8-7-6-5-2-1-3-4	119	7	833
85	8	5	8-7-6-5	72	3	216
85	8	5	8-7-1-2-5	72	4	288
85	8	5	8-7-1-0-2-5	72	5	360
85	8	5	8-7-1-3-4-5	72	5	360
85	8	5	8-7-9-14-15-10-5	72	6	432
86	8	6	8-7-6	58	2	116
86	8	6	8-7-1-2-5-6	58	5	290
86	8	6	8-7-1-0-2-5-6	58	6	348
86	8	6	8-7-1-3-4-5-6	58	6	348
86	8	6	8-7-9-14-15-10-5-6	58	7	406
87	8	7	8-7	115	1	115
87	8	7	8-11-12-13-14-9-7	115	6	690
87	8	7	8-11-12-13-14-15-10-5-6-7	115	9	1035
87	8	7	8-11-12-13-14-15-10-5-2-1-7	115	10	1150
87	8	7	8-11-12-13-14-15-10-5-2-0-1-7	115	11	1265
89	8	9	8-7-9	76	2	152
89	8	9	8-11-12-13-14-9	76	5	380
89	8	9	8-7-6-5-10-15-14-9	76	7	532
89	8	9	8-7-1-2-5-10-15-14-9	76	8	608
89	8	9	8-7-1-3-4-5-10-15-14-9	76	9	684
810	8	10	8-7-6-5-10	26	4	104
810	8	10	8-7-9-14-15-10	26	5	130
810	8	10	8-7-1-2-5-10	26	5	130
810	8	10	8-11-12-13-14-15-10	26	6	156
810	8	10	8-7-1-3-4-5-10	26	6	156
811	8	11	8-11	180	1	180
811	8	11	8-7-9-14-13-12-11	180	6	1080
811	8	11	8-7-6-5-10-15-14-13-12-11	180	9	1620
811	8	11	8-7-1-2-5-10-15-14-13-12-11	180	10	1800
811	8	11	8-7-1-0-2-5-10-15-14-13-12-11	180	11	1980
812	8	12	8-11-12	58	2	116
812	8	12	8-7-9-14-13-12	58	5	290
812	8	12	8-7-6-5-10-15-14-13-12	58	8	464
812	8	12	8-7-1-2-5-10-15-14-13-12	58	9	522
812	8	12	8-7-1-0-2-5-10-15-14-13-12	58	10	580
813	8	13	8-11-12-13	139	3	417
813	8	13	8-7-9-14-13	139	4	556
813	8	13	8-7-6-5-10-15-14-13	139	7	973
813	8	13	8-7-1-2-5-10-15-14-13	139	8	1112
813	8	13	8-7-1-0-2-5-10-15-14-13	139	9	1251
814	8	14	8-7-9-14	167	3	501
814	8	14	8-11-12-13-14	167	4	668
814	8	14	8-7-6-5-10-15-14	167	6	1002
814	8	14	8-7-1-2-5-10-15-14	167	7	1169
814	8	14	8-7-1-0-2-5-10-15-14	167	8	1336
815	8	15	8-7-9-14-15	161	4	644
815	8	15	8-11-12-13-14-15	161	5	805
815	8	15	8-7-6-5-10-15	161	5	805
815	8	15	8-7-1-2-5-10-15	161	6	966
815	8	15	8-7-1-0-2-5-10-15	161	7	1127
816	8	16	8-11-12-16	152	3	456
816	8	16	8-7-9-14-13-12-16	152	6	912
816	8	16	8-7-6-5-10-15-14-13-12-16	152	9	1368
816	8	16	8-7-9-14-15-17-19-20-18-16	152	9	1368
816	8	16	8-7-1-2-5-10-15-14-13-12-16	152	10	1520
817	8	17	8-7-9-14-15-17	86	5	430
817	8	17	8-11-12-13-14-15-17	86	6	516
817	8	17	8-7-6-5-10-15-17	86	6	516
817	8	17	8-7-1-2-5-10-15-17	86	7	602
817	8	17	8-11-12-16-18-20-19-17	86	7	602
818	8	18	8-11-12-16-18	181	4	724
818	8	18	8-7-9-14-13-12-16-18	181	7	1267
818	8	18	8-7-9-14-15-17-19-20-18	181	8	1448
818	8	18	8-11-12-13-14-15-17-19-20-18	181	9	1629
818	8	18	8-7-6-5-10-15-17-19-20-18	181	9	1629
819	8	19	8-7-9-14-15-17-19	94	6	564
819	8	19	8-11-12-16-18-20-19	94	6	564
819	8	19	8-11-12-13-14-15-17-19	94	7	658
819	8	19	8-7-6-5-10-15-17-19	94	7	658
819	8	19	8-7-1-2-5-10-15-17-19	94	8	752
820	8	20	8-11-12-16-18-20	118	5	590
820	8	20	8-7-9-14-15-17-19-20	118	7	826
820	8	20	8-7-9-14-13-12-16-18-20	118	8	944
820	8	20	8-7-6-5-10-15-17-19-20	118	8	944
820	8	20	8-11-12-13-14-15-17-19-20	118	8	944
90	9	0	9-7-1-0	63	3	189
90	9	0	9-7-1-2-0	63	4	252
90	9	0	9-7-6-5-2-0	63	5	315
90	9	0	9-7-6-5-2-1-0	63	6	378
90	9	0	9-14-15-10-5-2-0	63	6	378
91	9	1	9-7-1	40	2	80
91	9	1	9-7-6-5-2-1	40	5	200
91	9	1	9-7-6-5-2-0-1	40	6	240
91	9	1	9-7-6-5-4-3-1	40	6	240
91	9	1	9-14-15-10-5-2-1	40	6	240
92	9	2	9-7-1-2	129	3	387
92	9	2	9-7-1-0-2	129	4	516
92	9	2	9-7-6-5-2	129	4	516
92	9	2	9-14-15-10-5-2	129	5	645
92	9	2	9-7-1-3-4-5-2	129	6	774
93	9	3	9-7-1-3	174	3	522
93	9	3	9-7-6-5-4-3	174	5	870
93	9	3	9-7-6-5-2-1-3	174	6	1044
93	9	3	9-14-15-10-5-4-3	174	6	1044
93	9	3	9-7-1-2-5-4-3	174	6	1044
94	9	4	9-7-1-3-4	35	4	140
94	9	4	9-7-6-5-4	35	4	140
94	9	4	9-7-1-2-5-4	35	5	175
94	9	4	9-14-15-10-5-4	35	5	175
94	9	4	9-7-1-0-2-5-4	35	6	210
95	9	5	9-7-6-5	176	3	528
95	9	5	9-7-1-2-5	176	4	704
95	9	5	9-14-15-10-5	176	4	704
95	9	5	9-7-1-0-2-5	176	5	880
95	9	5	9-7-1-3-4-5	176	5	880
96	9	6	9-7-6	108	2	216
96	9	6	9-7-1-2-5-6	108	5	540
96	9	6	9-14-15-10-5-6	108	5	540
96	9	6	9-7-1-0-2-5-6	108	6	648
96	9	6	9-7-1-3-4-5-6	108	6	648
97	9	7	9-7	39	1	39
97	9	7	9-14-15-10-5-6-7	39	6	234
97	9	7	9-14-13-12-11-8-7	39	6	234
97	9	7	9-14-15-10-5-2-1-7	39	7	273
97	9	7	9-14-15-10-5-2-0-1-7	39	8	312
98	9	8	9-7-8	195	2	390
98	9	8	9-14-13-12-11-8	195	5	975
98	9	8	9-14-15-10-5-6-7-8	195	7	1365
98	9	8	9-14-15-10-5-2-1-7-8	195	8	1560
98	9	8	9-14-15-10-5-2-0-1-7-8	195	9	1755
910	9	10	9-14-15-10	73	3	219
910	9	10	9-7-6-5-10	73	4	292
910	9	10	9-7-1-2-5-10	73	5	365
910	9	10	9-7-1-0-2-5-10	73	6	438
910	9	10	9-7-1-3-4-5-10	73	6	438
911	9	11	9-7-8-11	101	3	303
911	9	11	9-14-13-12-11	101	4	404
911	9	11	9-14-15-10-5-6-7-8-11	101	8	808
911	9	11	9-7-6-5-10-15-14-13-12-11	101	9	909
911	9	11	9-14-15-10-5-2-1-7-8-11	101	9	909
912	9	12	9-14-13-12	9	3	27
912	9	12	9-7-8-11-12	9	4	36
912	9	12	9-7-6-5-10-15-14-13-12	9	8	72
912	9	12	9-14-15-17-19-20-18-16-12	9	8	72
912	9	12	9-14-15-10-5-6-7-8-11-12	9	9	81
913	9	13	9-14-13	42	2	84
913	9	13	9-7-8-11-12-13	42	5	210
913	9	13	9-7-6-5-10-15-14-13	42	7	294
913	9	13	9-7-1-2-5-10-15-14-13	42	8	336
913	9	13	9-14-15-17-19-20-18-16-12-13	42	9	378
914	9	14	9-14	122	1	122
914	9	14	9-7-8-11-12-13-14	122	6	732
914	9	14	9-7-6-5-10-15-14	122	6	732
914	9	14	9-7-1-2-5-10-15-14	122	7	854
914	9	14	9-7-1-0-2-5-10-15-14	122	8	976
915	9	15	9-14-15	15	2	30
915	9	15	9-7-6-5-10-15	15	5	75
915	9	15	9-7-1-2-5-10-15	15	6	90
915	9	15	9-7-8-11-12-13-14-15	15	7	105
915	9	15	9-7-1-3-4-5-10-15	15	7	105
916	9	16	9-14-13-12-16	36	4	144
916	9	16	9-7-8-11-12-16	36	5	180
916	9	16	9-14-15-17-19-20-18-16	36	7	252
916	9	16	9-7-6-5-10-15-14-13-12-16	36	9	324
916	9	16	9-14-15-10-5-6-7-8-11-12-16	36	10	360
917	9	17	9-14-15-17	19	3	57
917	9	17	9-7-6-5-10-15-17	19	6	114
917	9	17	9-7-1-2-5-10-15-17	19	7	133
917	9	17	9-7-8-11-12-13-14-15-17	19	8	152
917	9	17	9-14-13-12-16-18-20-19-17	19	8	152
918	9	18	9-14-13-12-16-18	187	5	935
918	9	18	9-7-8-11-12-16-18	187	6	1122
918	9	18	9-14-15-17-19-20-18	187	6	1122
918	9	18	9-7-6-5-10-15-17-19-20-18	187	9	1683
918	9	18	9-7-6-5-10-15-14-13-12-16-18	187	10	1870
919	9	19	9-14-15-17-19	119	4	476
919	9	19	9-7-6-5-10-15-17-19	119	7	833
919	9	19	9-14-13-12-16-18-20-19	119	7	833
919	9	19	9-7-1-2-5-10-15-17-19	119	8	952
919	9	19	9-7-8-11-12-16-18-20-19	119	8	952
920	9	20	9-14-15-17-19-20	6	5	30
920	9	20	9-14-13-12-16-18-20	6	6	36
920	9	20	9-7-8-11-12-16-18-20	6	7	42
920	9	20	9-7-6-5-10-15-17-19-20	6	8	48
920	9	20	9-7-1-2-5-10-15-17-19-20	6	9	54
100	10	0	10-5-2-0	175	3	525
100	10	0	10-5-2-1-0	175	4	700
100	10	0	10-5-4-3-1-0	175	5	875
100	10	0	10-5-6-7-1-0	175	5	875
100	10	0	10-15-14-9-7-1-0	175	6	1050
101	10	1	10-5-2-1	185	3	555
101	10	1	10-5-2-0-1	185	4	740
101	10	1	10-5-6-7-1	185	4	740
101	10	1	10-5-4-3-1	185	4	740
101	10	1	10-15-14-9-7-1	185	5	925
102	10	2	10-5-2	4	2	8
102	10	2	10-5-4-3-1-2	4	5	20
102	10	2	10-5-6-7-1-2	4	5	20
102	10	2	10-5-4-3-1-0-2	4	6	24
102	10	2	10-15-14-9-7-1-2	4	6	24
103	10	3	10-5-4-3	63	3	189
103	10	3	10-5-2-1-3	63	4	252
103	10	3	10-5-2-0-1-3	63	5	315
103	10	3	10-5-6-7-1-3	63	5	315
103	10	3	10-15-14-9-7-1-3	63	6	378
104	10	4	10-5-4	90	2	180
104	10	4	10-5-2-1-3-4	90	5	450
104	10	4	10-5-2-0-1-3-4	90	6	540
104	10	4	10-5-6-7-1-3-4	90	6	540
104	10	4	10-15-14-9-7-1-3-4	90	7	630
105	10	5	10-5	140	1	140
105	10	5	10-15-14-9-7-6-5	140	6	840
105	10	5	10-15-14-9-7-1-2-5	140	7	980
105	10	5	10-15-14-9-7-1-0-2-5	140	8	1120
105	10	5	10-15-14-9-7-1-3-4-5	140	8	1120
106	10	6	10-5-6	58	2	116
106	10	6	10-5-2-1-7-6	58	5	290
106	10	6	10-15-14-9-7-6	58	5	290
106	10	6	10-5-2-0-1-7-6	58	6	348
106	10	6	10-5-4-3-1-7-6	58	6	348
107	10	7	10-5-6-7	67	3	201
107	10	7	10-5-2-1-7	67	4	268
107	10	7	10-15-14-9-7	67	4	268
107	10	7	10-5-2-0-1-7	67	5	335
107	10	7	10-5-4-3-1-7	67	5	335
108	10	8	10-5-6-7-8	175	4	700
108	10	8	10-5-2-1-7-8	175	5	875
108	10	8	10-15-14-9-7-8	175	5	875
108	10	8	10-15-14-13-12-11-8	175	6	1050
108	10	8	10-5-4-3-1-7-8	175	6	1050
109	10	9	10-15-14-9	45	3	135
109	10	9	10-5-6-7-9	45	4	180
109	10	9	10-5-2-1-7-9	45	5	225
109	10	9	10-5-2-0-1-7-9	45	6	270
109	10	9	10-5-4-3-1-7-9	45	6	270
1011	10	11	10-15-14-13-12-11	166	5	830
1011	10	11	10-5-6-7-8-11	166	5	830
1011	10	11	10-5-2-1-7-8-11	166	6	996
1011	10	11	10-15-14-9-7-8-11	166	6	996
1011	10	11	10-5-2-0-1-7-8-11	166	7	1162
1012	10	12	10-15-14-13-12	55	4	220
1012	10	12	10-5-6-7-8-11-12	55	6	330
1012	10	12	10-5-2-1-7-8-11-12	55	7	385
1012	10	12	10-15-17-19-20-18-16-12	55	7	385
1012	10	12	10-5-6-7-9-14-13-12	55	7	385
1013	10	13	10-15-14-13	82	3	246
1013	10	13	10-5-6-7-9-14-13	82	6	492
1013	10	13	10-5-6-7-8-11-12-13	82	7	574
1013	10	13	10-5-2-1-7-9-14-13	82	7	574
1013	10	13	10-5-2-1-7-8-11-12-13	82	8	656
1014	10	14	10-15-14	119	2	238
1014	10	14	10-5-6-7-9-14	119	5	595
1014	10	14	10-5-2-1-7-9-14	119	6	714
1014	10	14	10-5-2-0-1-7-9-14	119	7	833
1014	10	14	10-5-4-3-1-7-9-14	119	7	833
1015	10	15	10-15	52	1	52
1015	10	15	10-5-6-7-9-14-15	52	6	312
1015	10	15	10-5-2-1-7-9-14-15	52	7	364
1015	10	15	10-5-2-0-1-7-9-14-15	52	8	416
1015	10	15	10-5-4-3-1-7-9-14-15	52	8	416
1016	10	16	10-15-14-13-12-16	63	5	315
1016	10	16	10-15-17-19-20-18-16	63	6	378
1016	10	16	10-5-6-7-8-11-12-16	63	7	441
1016	10	16	10-5-2-1-7-8-11-12-16	63	8	504
1016	10	16	10-15-14-9-7-8-11-12-16	63	8	504
1017	10	17	10-15-17	159	2	318
1017	10	17	10-5-6-7-9-14-15-17	159	7	1113
1017	10	17	10-5-2-1-7-9-14-15-17	159	8	1272
1017	10	17	10-5-2-0-1-7-9-14-15-17	159	9	1431
1017	10	17	10-15-14-13-12-16-18-20-19-17	159	9	1431
1018	10	18	10-15-17-19-20-18	127	5	635
1018	10	18	10-15-14-13-12-16-18	127	6	762
1018	10	18	10-5-6-7-8-11-12-16-18	127	8	1016
1018	10	18	10-5-2-1-7-8-11-12-16-18	127	9	1143
1018	10	18	10-5-6-7-9-14-13-12-16-18	127	9	1143
1019	10	19	10-15-17-19	93	3	279
1019	10	19	10-5-6-7-9-14-15-17-19	93	8	744
1019	10	19	10-15-14-13-12-16-18-20-19	93	8	744
1019	10	19	10-5-2-1-7-9-14-15-17-19	93	9	837
1019	10	19	10-5-2-0-1-7-9-14-15-17-19	93	10	930
1020	10	20	10-15-17-19-20	167	4	668
1020	10	20	10-15-14-13-12-16-18-20	167	7	1169
1020	10	20	10-5-6-7-8-11-12-16-18-20	167	9	1503
1020	10	20	10-5-6-7-9-14-15-17-19-20	167	9	1503
1020	10	20	10-5-2-1-7-8-11-12-16-18-20	167	10	1670
110	11	0	11-8-7-1-0	107	4	428
110	11	0	11-8-7-1-2-0	107	5	535
110	11	0	11-8-7-6-5-2-0	107	6	642
110	11	0	11-8-7-6-5-2-1-0	107	7	749
110	11	0	11-12-13-14-9-7-1-0	107	7	749
111	11	1	11-8-7-1	70	3	210
111	11	1	11-8-7-6-5-2-1	70	6	420
111	11	1	11-12-13-14-9-7-1	70	6	420
111	11	1	11-8-7-6-5-2-0-1	70	7	490
111	11	1	11-8-7-6-5-4-3-1	70	7	490
112	11	2	11-8-7-1-2	64	4	256
112	11	2	11-8-7-1-0-2	64	5	320
112	11	2	11-8-7-6-5-2	64	5	320
112	11	2	11-12-13-14-9-7-1-2	64	7	448
112	11	2	11-12-13-14-15-10-5-2	64	7	448
113	11	3	11-8-7-1-3	174	4	696
113	11	3	11-8-7-6-5-4-3	174	6	1044
113	11	3	11-8-7-6-5-2-1-3	174	7	1218
113	11	3	11-8-7-1-2-5-4-3	174	7	1218
113	11	3	11-12-13-14-9-7-1-3	174	7	1218
114	11	4	11-8-7-1-3-4	143	5	715
114	11	4	11-8-7-6-5-4	143	5	715
114	11	4	11-8-7-1-2-5-4	143	6	858
114	11	4	11-8-7-1-0-2-5-4	143	7	1001
114	11	4	11-12-13-14-15-10-5-4	143	7	1001
115	11	5	11-8-7-6-5	86	4	344
115	11	5	11-8-7-1-2-5	86	5	430
115	11	5	11-8-7-1-0-2-5	86	6	516
115	11	5	11-12-13-14-15-10-5	86	6	516
115	11	5	11-8-7-1-3-4-5	86	6	516
116	11	6	11-8-7-6	53	3	159
116	11	6	11-8-7-1-2-5-6	53	6	318
116	11	6	11-12-13-14-9-7-6	53	6	318
116	11	6	11-8-7-1-0-2-5-6	53	7	371
116	11	6	11-8-7-1-3-4-5-6	53	7	371
117	11	7	11-8-7	190	2	380
117	11	7	11-12-13-14-9-7	190	5	950
117	11	7	11-12-13-14-15-10-5-6-7	190	8	1520
117	11	7	11-12-13-14-15-10-5-2-1-7	190	9	1710
117	11	7	11-12-13-14-15-10-5-2-0-1-7	190	10	1900
118	11	8	11-8	106	1	106
118	11	8	11-12-13-14-9-7-8	106	6	636
118	11	8	11-12-13-14-15-10-5-6-7-8	106	9	954
118	11	8	11-12-13-14-15-10-5-2-1-7-8	106	10	1060
118	11	8	11-12-13-14-15-10-5-2-0-1-7-8	106	11	1166
119	11	9	11-8-7-9	22	3	66
119	11	9	11-12-13-14-9	22	4	88
119	11	9	11-8-7-6-5-10-15-14-9	22	8	176
119	11	9	11-12-16-18-20-19-17-15-14-9	22	9	198
119	11	9	11-12-13-14-15-10-5-6-7-9	22	9	198
1110	11	10	11-12-13-14-15-10	31	5	155
1110	11	10	11-8-7-6-5-10	31	5	155
1110	11	10	11-8-7-9-14-15-10	31	6	186
1110	11	10	11-8-7-1-2-5-10	31	6	186
1110	11	10	11-8-7-1-0-2-5-10	31	7	217
1112	11	12	11-12	116	1	116
1112	11	12	11-8-7-9-14-13-12	116	6	696
1112	11	12	11-8-7-6-5-10-15-14-13-12	116	9	1044
1112	11	12	11-8-7-1-2-5-10-15-14-13-12	116	10	1160
1112	11	12	11-8-7-1-0-2-5-10-15-14-13-12	116	11	1276
1113	11	13	11-12-13	91	2	182
1113	11	13	11-8-7-9-14-13	91	5	455
1113	11	13	11-8-7-6-5-10-15-14-13	91	8	728
1113	11	13	11-12-16-18-20-19-17-15-14-13	91	9	819
1113	11	13	11-8-7-1-2-5-10-15-14-13	91	9	819
1114	11	14	11-12-13-14	164	3	492
1114	11	14	11-8-7-9-14	164	4	656
1114	11	14	11-8-7-6-5-10-15-14	164	7	1148
1114	11	14	11-12-16-18-20-19-17-15-14	164	8	1312
1114	11	14	11-8-7-1-2-5-10-15-14	164	8	1312
1115	11	15	11-12-13-14-15	137	4	548
1115	11	15	11-8-7-9-14-15	137	5	685
1115	11	15	11-8-7-6-5-10-15	137	6	822
1115	11	15	11-12-16-18-20-19-17-15	137	7	959
1115	11	15	11-8-7-1-2-5-10-15	137	7	959
1116	11	16	11-12-16	142	2	284
1116	11	16	11-8-7-9-14-13-12-16	142	7	994
1116	11	16	11-12-13-14-15-17-19-20-18-16	142	9	1278
1116	11	16	11-8-7-6-5-10-15-14-13-12-16	142	10	1420
1116	11	16	11-8-7-9-14-15-17-19-20-18-16	142	10	1420
1117	11	17	11-12-13-14-15-17	66	5	330
1117	11	17	11-8-7-9-14-15-17	66	6	396
1117	11	17	11-12-16-18-20-19-17	66	6	396
1117	11	17	11-8-7-6-5-10-15-17	66	7	462
1117	11	17	11-8-7-1-2-5-10-15-17	66	8	528
1118	11	18	11-12-16-18	197	3	591
1118	11	18	11-8-7-9-14-13-12-16-18	197	8	1576
1118	11	18	11-12-13-14-15-17-19-20-18	197	8	1576
1118	11	18	11-8-7-9-14-15-17-19-20-18	197	9	1773
1118	11	18	11-8-7-6-5-10-15-17-19-20-18	197	10	1970
1119	11	19	11-12-16-18-20-19	152	5	760
1119	11	19	11-12-13-14-15-17-19	152	6	912
1119	11	19	11-8-7-9-14-15-17-19	152	7	1064
1119	11	19	11-8-7-6-5-10-15-17-19	152	8	1216
1119	11	19	11-8-7-1-2-5-10-15-17-19	152	9	1368
1120	11	20	11-12-16-18-20	129	4	516
1120	11	20	11-12-13-14-15-17-19-20	129	7	903
1120	11	20	11-8-7-9-14-15-17-19-20	129	8	1032
1120	11	20	11-8-7-9-14-13-12-16-18-20	129	9	1161
1120	11	20	11-8-7-6-5-10-15-17-19-20	129	9	1161
120	12	0	12-11-8-7-1-0	41	5	205
120	12	0	12-13-14-9-7-1-0	41	6	246
120	12	0	12-11-8-7-1-2-0	41	6	246
120	12	0	12-13-14-9-7-1-2-0	41	7	287
120	12	0	12-11-8-7-6-5-2-0	41	7	287
121	12	1	12-11-8-7-1	189	4	756
121	12	1	12-13-14-9-7-1	189	5	945
121	12	1	12-11-8-7-6-5-2-1	189	7	1323
121	12	1	12-13-14-15-10-5-2-1	189	7	1323
121	12	1	12-11-8-7-6-5-2-0-1	189	8	1512
122	12	2	12-11-8-7-1-2	176	5	880
122	12	2	12-11-8-7-1-0-2	176	6	1056
122	12	2	12-13-14-15-10-5-2	176	6	1056
122	12	2	12-11-8-7-6-5-2	176	6	1056
122	12	2	12-13-14-9-7-1-2	176	6	1056
123	12	3	12-11-8-7-1-3	48	5	240
123	12	3	12-13-14-9-7-1-3	48	6	288
123	12	3	12-11-8-7-6-5-4-3	48	7	336
123	12	3	12-13-14-15-10-5-4-3	48	7	336
123	12	3	12-13-14-15-10-5-2-1-3	48	8	384
124	12	4	12-11-8-7-1-3-4	103	6	618
124	12	4	12-13-14-15-10-5-4	103	6	618
124	12	4	12-11-8-7-6-5-4	103	6	618
124	12	4	12-13-14-9-7-1-3-4	103	7	721
124	12	4	12-13-14-9-7-6-5-4	103	7	721
125	12	5	12-11-8-7-6-5	198	5	990
125	12	5	12-13-14-15-10-5	198	5	990
125	12	5	12-11-8-7-1-2-5	198	6	1188
125	12	5	12-13-14-9-7-6-5	198	6	1188
125	12	5	12-11-8-7-1-0-2-5	198	7	1386
126	12	6	12-11-8-7-6	80	4	320
126	12	6	12-13-14-9-7-6	80	5	400
126	12	6	12-13-14-15-10-5-6	80	6	480
126	12	6	12-11-8-7-1-2-5-6	80	7	560
126	12	6	12-11-8-7-1-0-2-5-6	80	8	640
127	12	7	12-11-8-7	175	3	525
127	12	7	12-13-14-9-7	175	4	700
127	12	7	12-13-14-15-10-5-6-7	175	7	1225
127	12	7	12-13-14-15-10-5-2-1-7	175	8	1400
127	12	7	12-13-14-15-10-5-2-0-1-7	175	9	1575
128	12	8	12-11-8	81	2	162
128	12	8	12-13-14-9-7-8	81	5	405
128	12	8	12-13-14-15-10-5-6-7-8	81	8	648
128	12	8	12-13-14-15-10-5-2-1-7-8	81	9	729
128	12	8	12-13-14-15-10-5-2-0-1-7-8	81	10	810
129	12	9	12-13-14-9	11	3	33
129	12	9	12-11-8-7-9	11	4	44
129	12	9	12-16-18-20-19-17-15-14-9	11	8	88
129	12	9	12-13-14-15-10-5-6-7-9	11	8	88
129	12	9	12-11-8-7-6-5-10-15-14-9	11	9	99
1210	12	10	12-13-14-15-10	45	4	180
1210	12	10	12-11-8-7-6-5-10	45	6	270
1210	12	10	12-11-8-7-9-14-15-10	45	7	315
1210	12	10	12-13-14-9-7-6-5-10	45	7	315
1210	12	10	12-11-8-7-1-2-5-10	45	7	315
1211	12	11	12-11	38	1	38
1211	12	11	12-13-14-9-7-8-11	38	6	228
1211	12	11	12-13-14-15-10-5-6-7-8-11	38	9	342
1211	12	11	12-13-14-15-10-5-2-1-7-8-11	38	10	380
1211	12	11	12-13-14-15-10-5-2-0-1-7-8-11	38	11	418
1213	12	13	12-13	14	1	14
1213	12	13	12-11-8-7-9-14-13	14	6	84
1213	12	13	12-16-18-20-19-17-15-14-13	14	8	112
1213	12	13	12-11-8-7-6-5-10-15-14-13	14	9	126
1213	12	13	12-11-8-7-1-2-5-10-15-14-13	14	10	140
1214	12	14	12-13-14	173	2	346
1214	12	14	12-11-8-7-9-14	173	5	865
1214	12	14	12-16-18-20-19-17-15-14	173	7	1211
1214	12	14	12-11-8-7-6-5-10-15-14	173	8	1384
1214	12	14	12-11-8-7-1-2-5-10-15-14	173	9	1557
1215	12	15	12-13-14-15	39	3	117
1215	12	15	12-11-8-7-9-14-15	39	6	234
1215	12	15	12-16-18-20-19-17-15	39	6	234
1215	12	15	12-11-8-7-6-5-10-15	39	7	273
1215	12	15	12-11-8-7-1-2-5-10-15	39	8	312
1216	12	16	12-16	178	1	178
1216	12	16	12-13-14-15-17-19-20-18-16	178	8	1424
1216	12	16	12-11-8-7-9-14-15-17-19-20-18-16	178	11	1958
1216	12	16	12-11-8-7-6-5-10-15-17-19-20-18-16	178	12	2136
1216	12	16	12-11-8-7-1-2-5-10-15-17-19-20-18-16	178	13	2314
1217	12	17	12-13-14-15-17	39	4	156
1217	12	17	12-16-18-20-19-17	39	5	195
1217	12	17	12-11-8-7-9-14-15-17	39	7	273
1217	12	17	12-11-8-7-6-5-10-15-17	39	8	312
1217	12	17	12-11-8-7-1-2-5-10-15-17	39	9	351
1218	12	18	12-16-18	24	2	48
1218	12	18	12-13-14-15-17-19-20-18	24	7	168
1218	12	18	12-11-8-7-9-14-15-17-19-20-18	24	10	240
1218	12	18	12-11-8-7-6-5-10-15-17-19-20-18	24	11	264
1218	12	18	12-11-8-7-1-2-5-10-15-17-19-20-18	24	12	288
1219	12	19	12-16-18-20-19	178	4	712
1219	12	19	12-13-14-15-17-19	178	5	890
1219	12	19	12-11-8-7-9-14-15-17-19	178	8	1424
1219	12	19	12-11-8-7-6-5-10-15-17-19	178	9	1602
1219	12	19	12-11-8-7-1-2-5-10-15-17-19	178	10	1780
1220	12	20	12-16-18-20	66	3	198
1220	12	20	12-13-14-15-17-19-20	66	6	396
1220	12	20	12-11-8-7-9-14-15-17-19-20	66	9	594
1220	12	20	12-11-8-7-6-5-10-15-17-19-20	66	10	660
1220	12	20	12-11-8-7-1-2-5-10-15-17-19-20	66	11	726
130	13	0	13-14-9-7-1-0	49	5	245
130	13	0	13-12-11-8-7-1-0	49	6	294
130	13	0	13-14-15-10-5-2-0	49	6	294
130	13	0	13-14-9-7-1-2-0	49	6	294
130	13	0	13-14-15-10-5-2-1-0	49	7	343
131	13	1	13-14-9-7-1	27	4	108
131	13	1	13-12-11-8-7-1	27	5	135
131	13	1	13-14-15-10-5-2-1	27	6	162
131	13	1	13-14-15-10-5-2-0-1	27	7	189
131	13	1	13-14-15-10-5-6-7-1	27	7	189
132	13	2	13-14-9-7-1-2	186	5	930
132	13	2	13-14-15-10-5-2	186	5	930
132	13	2	13-14-9-7-1-0-2	186	6	1116
132	13	2	13-14-9-7-6-5-2	186	6	1116
132	13	2	13-12-11-8-7-1-2	186	6	1116
133	13	3	13-14-9-7-1-3	162	5	810
133	13	3	13-12-11-8-7-1-3	162	6	972
133	13	3	13-14-15-10-5-4-3	162	6	972
133	13	3	13-14-15-10-5-2-1-3	162	7	1134
133	13	3	13-14-9-7-6-5-4-3	162	7	1134
134	13	4	13-14-15-10-5-4	4	5	20
134	13	4	13-14-9-7-1-3-4	4	6	24
134	13	4	13-14-9-7-6-5-4	4	6	24
134	13	4	13-12-11-8-7-1-3-4	4	7	28
134	13	4	13-12-11-8-7-6-5-4	4	7	28
135	13	5	13-14-15-10-5	131	4	524
135	13	5	13-14-9-7-6-5	131	5	655
135	13	5	13-14-9-7-1-2-5	131	6	786
135	13	5	13-12-11-8-7-6-5	131	6	786
135	13	5	13-14-9-7-1-0-2-5	131	7	917
136	13	6	13-14-9-7-6	176	4	704
136	13	6	13-14-15-10-5-6	176	5	880
136	13	6	13-12-11-8-7-6	176	5	880
136	13	6	13-14-9-7-1-2-5-6	176	7	1232
136	13	6	13-14-9-7-1-0-2-5-6	176	8	1408
137	13	7	13-14-9-7	131	3	393
137	13	7	13-12-11-8-7	131	4	524
137	13	7	13-14-15-10-5-6-7	131	6	786
137	13	7	13-14-15-10-5-2-1-7	131	7	917
137	13	7	13-14-15-10-5-2-0-1-7	131	8	1048
138	13	8	13-12-11-8	133	3	399
138	13	8	13-14-9-7-8	133	4	532
138	13	8	13-14-15-10-5-6-7-8	133	7	931
138	13	8	13-14-15-10-5-2-1-7-8	133	8	1064
138	13	8	13-14-15-10-5-2-0-1-7-8	133	9	1197
139	13	9	13-14-9	81	2	162
139	13	9	13-12-11-8-7-9	81	5	405
139	13	9	13-14-15-10-5-6-7-9	81	7	567
139	13	9	13-14-15-10-5-2-1-7-9	81	8	648
139	13	9	13-12-16-18-20-19-17-15-14-9	81	9	729
1310	13	10	13-14-15-10	63	3	189
1310	13	10	13-14-9-7-6-5-10	63	6	378
1310	13	10	13-14-9-7-1-2-5-10	63	7	441
1310	13	10	13-12-11-8-7-6-5-10	63	7	441
1310	13	10	13-12-11-8-7-9-14-15-10	63	8	504
1311	13	11	13-12-11	126	2	252
1311	13	11	13-14-9-7-8-11	126	5	630
1311	13	11	13-14-15-10-5-6-7-8-11	126	8	1008
1311	13	11	13-14-15-17-19-20-18-16-12-11	126	9	1134
1311	13	11	13-14-15-10-5-2-1-7-8-11	126	9	1134
1312	13	12	13-12	53	1	53
1312	13	12	13-14-9-7-8-11-12	53	6	318
1312	13	12	13-14-15-17-19-20-18-16-12	53	8	424
1312	13	12	13-14-15-10-5-6-7-8-11-12	53	9	477
1312	13	12	13-14-15-10-5-2-1-7-8-11-12	53	10	530
1314	13	14	13-14	63	1	63
1314	13	14	13-12-11-8-7-9-14	63	6	378
1314	13	14	13-12-16-18-20-19-17-15-14	63	8	504
1314	13	14	13-12-11-8-7-6-5-10-15-14	63	9	567
1314	13	14	13-12-11-8-7-1-2-5-10-15-14	63	10	630
1315	13	15	13-14-15	91	2	182
1315	13	15	13-12-11-8-7-9-14-15	91	7	637
1315	13	15	13-14-9-7-6-5-10-15	91	7	637
1315	13	15	13-12-16-18-20-19-17-15	91	7	637
1315	13	15	13-14-9-7-1-2-5-10-15	91	8	728
1316	13	16	13-12-16	58	2	116
1316	13	16	13-14-9-7-8-11-12-16	58	7	406
1316	13	16	13-14-15-17-19-20-18-16	58	7	406
1316	13	16	13-14-15-10-5-6-7-8-11-12-16	58	10	580
1316	13	16	13-14-15-10-5-2-1-7-8-11-12-16	58	11	638
1317	13	17	13-14-15-17	81	3	243
1317	13	17	13-12-16-18-20-19-17	81	6	486
1317	13	17	13-12-11-8-7-9-14-15-17	81	8	648
1317	13	17	13-14-9-7-6-5-10-15-17	81	8	648
1317	13	17	13-14-9-7-1-2-5-10-15-17	81	9	729
1318	13	18	13-12-16-18	112	3	336
1318	13	18	13-14-15-17-19-20-18	112	6	672
1318	13	18	13-14-9-7-8-11-12-16-18	112	8	896
1318	13	18	13-14-15-10-5-6-7-8-11-12-16-18	112	11	1232
1318	13	18	13-14-9-7-6-5-10-15-17-19-20-18	112	11	1232
1319	13	19	13-14-15-17-19	40	4	160
1319	13	19	13-12-16-18-20-19	40	5	200
1319	13	19	13-12-11-8-7-9-14-15-17-19	40	9	360
1319	13	19	13-14-9-7-6-5-10-15-17-19	40	9	360
1319	13	19	13-14-9-7-1-2-5-10-15-17-19	40	10	400
1320	13	20	13-12-16-18-20	33	4	132
1320	13	20	13-14-15-17-19-20	33	5	165
1320	13	20	13-14-9-7-8-11-12-16-18-20	33	9	297
1320	13	20	13-12-11-8-7-9-14-15-17-19-20	33	10	330
1320	13	20	13-14-9-7-6-5-10-15-17-19-20	33	10	330
140	14	0	14-9-7-1-0	19	4	76
140	14	0	14-9-7-1-2-0	19	5	95
140	14	0	14-15-10-5-2-0	19	5	95
140	14	0	14-15-10-5-2-1-0	19	6	114
140	14	0	14-9-7-6-5-2-0	19	6	114
141	14	1	14-9-7-1	194	3	582
141	14	1	14-15-10-5-2-1	194	5	970
141	14	1	14-15-10-5-2-0-1	194	6	1164
141	14	1	14-13-12-11-8-7-1	194	6	1164
141	14	1	14-15-10-5-6-7-1	194	6	1164
142	14	2	14-9-7-1-2	78	4	312
142	14	2	14-15-10-5-2	78	4	312
142	14	2	14-9-7-1-0-2	78	5	390
142	14	2	14-9-7-6-5-2	78	5	390
142	14	2	14-15-10-5-4-3-1-2	78	7	546
143	14	3	14-9-7-1-3	30	4	120
143	14	3	14-15-10-5-4-3	30	5	150
143	14	3	14-15-10-5-2-1-3	30	6	180
143	14	3	14-9-7-6-5-4-3	30	6	180
143	14	3	14-15-10-5-2-0-1-3	30	7	210
144	14	4	14-15-10-5-4	38	4	152
144	14	4	14-9-7-1-3-4	38	5	190
144	14	4	14-9-7-6-5-4	38	5	190
144	14	4	14-9-7-1-2-5-4	38	6	228
144	14	4	14-15-10-5-2-1-3-4	38	7	266
145	14	5	14-15-10-5	174	3	522
145	14	5	14-9-7-6-5	174	4	696
145	14	5	14-9-7-1-2-5	174	5	870
145	14	5	14-9-7-1-0-2-5	174	6	1044
145	14	5	14-9-7-1-3-4-5	174	6	1044
146	14	6	14-9-7-6	52	3	156
146	14	6	14-15-10-5-6	52	4	208
146	14	6	14-9-7-1-2-5-6	52	6	312
146	14	6	14-13-12-11-8-7-6	52	6	312
146	14	6	14-9-7-1-0-2-5-6	52	7	364
147	14	7	14-9-7	132	2	264
147	14	7	14-15-10-5-6-7	132	5	660
147	14	7	14-13-12-11-8-7	132	5	660
147	14	7	14-15-10-5-2-1-7	132	6	792
147	14	7	14-15-10-5-2-0-1-7	132	7	924
148	14	8	14-9-7-8	188	3	564
148	14	8	14-13-12-11-8	188	4	752
148	14	8	14-15-10-5-6-7-8	188	6	1128
148	14	8	14-15-10-5-2-1-7-8	188	7	1316
148	14	8	14-15-10-5-2-0-1-7-8	188	8	1504
149	14	9	14-9	9	1	9
149	14	9	14-15-10-5-6-7-9	9	6	54
149	14	9	14-13-12-11-8-7-9	9	6	54
149	14	9	14-15-10-5-2-1-7-9	9	7	63
149	14	9	14-15-10-5-2-0-1-7-9	9	8	72
1410	14	10	14-15-10	173	2	346
1410	14	10	14-9-7-6-5-10	173	5	865
1410	14	10	14-9-7-1-2-5-10	173	6	1038
1410	14	10	14-9-7-1-0-2-5-10	173	7	1211
1410	14	10	14-9-7-1-3-4-5-10	173	7	1211
1411	14	11	14-13-12-11	179	3	537
1411	14	11	14-9-7-8-11	179	4	716
1411	14	11	14-15-10-5-6-7-8-11	179	7	1253
1411	14	11	14-15-17-19-20-18-16-12-11	179	8	1432
1411	14	11	14-15-10-5-2-1-7-8-11	179	8	1432
1412	14	12	14-13-12	142	2	284
1412	14	12	14-9-7-8-11-12	142	5	710
1412	14	12	14-15-17-19-20-18-16-12	142	7	994
1412	14	12	14-15-10-5-6-7-8-11-12	142	8	1136
1412	14	12	14-15-10-5-2-1-7-8-11-12	142	9	1278
1413	14	13	14-13	137	1	137
1413	14	13	14-9-7-8-11-12-13	137	6	822
1413	14	13	14-15-17-19-20-18-16-12-13	137	8	1096
1413	14	13	14-15-10-5-6-7-8-11-12-13	137	9	1233
1413	14	13	14-15-10-5-2-1-7-8-11-12-13	137	10	1370
1415	14	15	14-15	18	1	18
1415	14	15	14-9-7-6-5-10-15	18	6	108
1415	14	15	14-9-7-1-2-5-10-15	18	7	126
1415	14	15	14-13-12-16-18-20-19-17-15	18	8	144
1415	14	15	14-9-7-1-3-4-5-10-15	18	8	144
1416	14	16	14-13-12-16	118	3	354
1416	14	16	14-9-7-8-11-12-16	118	6	708
1416	14	16	14-15-17-19-20-18-16	118	6	708
1416	14	16	14-15-10-5-6-7-8-11-12-16	118	9	1062
1416	14	16	14-15-10-5-2-1-7-8-11-12-16	118	10	1180
1417	14	17	14-15-17	84	2	168
1417	14	17	14-9-7-6-5-10-15-17	84	7	588
1417	14	17	14-13-12-16-18-20-19-17	84	7	588
1417	14	17	14-9-7-1-2-5-10-15-17	84	8	672
1417	14	17	14-9-7-1-0-2-5-10-15-17	84	9	756
1418	14	18	14-13-12-16-18	8	4	32
1418	14	18	14-15-17-19-20-18	8	5	40
1418	14	18	14-9-7-8-11-12-16-18	8	7	56
1418	14	18	14-15-10-5-6-7-8-11-12-16-18	8	10	80
1418	14	18	14-9-7-6-5-10-15-17-19-20-18	8	10	80
1419	14	19	14-15-17-19	108	3	324
1419	14	19	14-13-12-16-18-20-19	108	6	648
1419	14	19	14-9-7-6-5-10-15-17-19	108	8	864
1419	14	19	14-9-7-1-2-5-10-15-17-19	108	9	972
1419	14	19	14-9-7-8-11-12-16-18-20-19	108	9	972
1420	14	20	14-15-17-19-20	78	4	312
1420	14	20	14-13-12-16-18-20	78	5	390
1420	14	20	14-9-7-8-11-12-16-18-20	78	8	624
1420	14	20	14-9-7-6-5-10-15-17-19-20	78	9	702
1420	14	20	14-9-7-1-2-5-10-15-17-19-20	78	10	780
150	15	0	15-10-5-2-0	33	4	132
150	15	0	15-10-5-2-1-0	33	5	165
150	15	0	15-14-9-7-1-0	33	5	165
150	15	0	15-10-5-4-3-1-0	33	6	198
150	15	0	15-14-9-7-1-2-0	33	6	198
151	15	1	15-10-5-2-1	135	4	540
151	15	1	15-14-9-7-1	135	4	540
151	15	1	15-10-5-2-0-1	135	5	675
151	15	1	15-10-5-6-7-1	135	5	675
151	15	1	15-10-5-4-3-1	135	5	675
152	15	2	15-10-5-2	114	3	342
152	15	2	15-14-9-7-1-2	114	5	570
152	15	2	15-14-9-7-1-0-2	114	6	684
152	15	2	15-14-9-7-6-5-2	114	6	684
152	15	2	15-10-5-6-7-1-2	114	6	684
153	15	3	15-10-5-4-3	189	4	756
153	15	3	15-10-5-2-1-3	189	5	945
153	15	3	15-14-9-7-1-3	189	5	945
153	15	3	15-10-5-2-0-1-3	189	6	1134
153	15	3	15-10-5-6-7-1-3	189	6	1134
154	15	4	15-10-5-4	194	3	582
154	15	4	15-10-5-2-1-3-4	194	6	1164
154	15	4	15-14-9-7-6-5-4	194	6	1164
154	15	4	15-14-9-7-1-3-4	194	6	1164
154	15	4	15-10-5-2-0-1-3-4	194	7	1358
155	15	5	15-10-5	172	2	344
155	15	5	15-14-9-7-6-5	172	5	860
155	15	5	15-14-9-7-1-2-5	172	6	1032
155	15	5	15-14-9-7-1-0-2-5	172	7	1204
155	15	5	15-14-9-7-1-3-4-5	172	7	1204
156	15	6	15-10-5-6	6	3	18
156	15	6	15-14-9-7-6	6	4	24
156	15	6	15-10-5-2-1-7-6	6	6	36
156	15	6	15-14-9-7-1-2-5-6	6	7	42
156	15	6	15-10-5-4-3-1-7-6	6	7	42
157	15	7	15-14-9-7	58	3	174
157	15	7	15-10-5-6-7	58	4	232
157	15	7	15-10-5-2-1-7	58	5	290
157	15	7	15-10-5-2-0-1-7	58	6	348
157	15	7	15-14-13-12-11-8-7	58	6	348
158	15	8	15-14-9-7-8	156	4	624
158	15	8	15-14-13-12-11-8	156	5	780
158	15	8	15-10-5-6-7-8	156	5	780
158	15	8	15-10-5-2-1-7-8	156	6	936
158	15	8	15-10-5-2-0-1-7-8	156	7	1092
159	15	9	15-14-9	88	2	176
159	15	9	15-10-5-6-7-9	88	5	440
159	15	9	15-10-5-2-1-7-9	88	6	528
159	15	9	15-10-5-2-0-1-7-9	88	7	616
159	15	9	15-10-5-4-3-1-7-9	88	7	616
1510	15	10	15-10	42	1	42
1510	15	10	15-14-9-7-6-5-10	42	6	252
1510	15	10	15-14-9-7-1-2-5-10	42	7	294
1510	15	10	15-14-9-7-1-0-2-5-10	42	8	336
1510	15	10	15-14-9-7-1-3-4-5-10	42	8	336
1511	15	11	15-14-13-12-11	163	4	652
1511	15	11	15-14-9-7-8-11	163	5	815
1511	15	11	15-10-5-6-7-8-11	163	6	978
1511	15	11	15-17-19-20-18-16-12-11	163	7	1141
1511	15	11	15-10-5-2-1-7-8-11	163	7	1141
1512	15	12	15-14-13-12	30	3	90
1512	15	12	15-14-9-7-8-11-12	30	6	180
1512	15	12	15-17-19-20-18-16-12	30	6	180
1512	15	12	15-10-5-6-7-8-11-12	30	7	210
1512	15	12	15-10-5-2-1-7-8-11-12	30	8	240
1513	15	13	15-14-13	57	2	114
1513	15	13	15-14-9-7-8-11-12-13	57	7	399
1513	15	13	15-10-5-6-7-9-14-13	57	7	399
1513	15	13	15-17-19-20-18-16-12-13	57	7	399
1513	15	13	15-10-5-6-7-8-11-12-13	57	8	456
1514	15	14	15-14	150	1	150
1514	15	14	15-10-5-6-7-9-14	150	6	900
1514	15	14	15-10-5-2-1-7-9-14	150	7	1050
1514	15	14	15-17-19-20-18-16-12-13-14	150	8	1200
1514	15	14	15-10-5-4-3-1-7-9-14	150	8	1200
1516	15	16	15-14-13-12-16	69	4	276
1516	15	16	15-17-19-20-18-16	69	5	345
1516	15	16	15-14-9-7-8-11-12-16	69	7	483
1516	15	16	15-10-5-6-7-8-11-12-16	69	8	552
1516	15	16	15-10-5-2-1-7-8-11-12-16	69	9	621
1517	15	17	15-17	99	1	99
1517	15	17	15-14-13-12-16-18-20-19-17	99	8	792
1517	15	17	15-14-9-7-8-11-12-16-18-20-19-17	99	11	1089
1517	15	17	15-10-5-6-7-8-11-12-16-18-20-19-17	99	12	1188
1517	15	17	15-10-5-2-1-7-8-11-12-16-18-20-19-17	99	13	1287
1518	15	18	15-17-19-20-18	136	4	544
1518	15	18	15-14-13-12-16-18	136	5	680
1518	15	18	15-14-9-7-8-11-12-16-18	136	8	1088
1518	15	18	15-10-5-6-7-8-11-12-16-18	136	9	1224
1518	15	18	15-10-5-2-1-7-8-11-12-16-18	136	10	1360
1519	15	19	15-17-19	132	2	264
1519	15	19	15-14-13-12-16-18-20-19	132	7	924
1519	15	19	15-14-9-7-8-11-12-16-18-20-19	132	10	1320
1519	15	19	15-10-5-6-7-8-11-12-16-18-20-19	132	11	1452
1519	15	19	15-10-5-2-1-7-8-11-12-16-18-20-19	132	12	1584
1520	15	20	15-17-19-20	136	3	408
1520	15	20	15-14-13-12-16-18-20	136	6	816
1520	15	20	15-14-9-7-8-11-12-16-18-20	136	9	1224
1520	15	20	15-10-5-6-7-8-11-12-16-18-20	136	10	1360
1520	15	20	15-10-5-2-1-7-8-11-12-16-18-20	136	11	1496
160	16	0	16-12-11-8-7-1-0	129	6	774
160	16	0	16-12-13-14-9-7-1-0	129	7	903
160	16	0	16-12-11-8-7-1-2-0	129	7	903
160	16	0	16-12-13-14-9-7-1-2-0	129	8	1032
160	16	0	16-12-11-8-7-6-5-2-0	129	8	1032
161	16	1	16-12-11-8-7-1	59	5	295
161	16	1	16-12-13-14-9-7-1	59	6	354
161	16	1	16-12-11-8-7-6-5-2-1	59	8	472
161	16	1	16-12-13-14-15-10-5-2-1	59	8	472
161	16	1	16-12-11-8-7-6-5-2-0-1	59	9	531
162	16	2	16-12-11-8-7-1-2	90	6	540
162	16	2	16-12-11-8-7-1-0-2	90	7	630
162	16	2	16-12-13-14-15-10-5-2	90	7	630
162	16	2	16-12-11-8-7-6-5-2	90	7	630
162	16	2	16-12-13-14-9-7-1-2	90	7	630
163	16	3	16-12-11-8-7-1-3	110	6	660
163	16	3	16-12-13-14-9-7-1-3	110	7	770
163	16	3	16-12-11-8-7-6-5-4-3	110	8	880
163	16	3	16-12-13-14-15-10-5-4-3	110	8	880
163	16	3	16-12-13-14-15-10-5-2-1-3	110	9	990
164	16	4	16-12-11-8-7-1-3-4	178	7	1246
164	16	4	16-12-13-14-15-10-5-4	178	7	1246
164	16	4	16-12-11-8-7-6-5-4	178	7	1246
164	16	4	16-12-13-14-9-7-1-3-4	178	8	1424
164	16	4	16-12-13-14-9-7-6-5-4	178	8	1424
165	16	5	16-12-11-8-7-6-5	72	6	432
165	16	5	16-12-13-14-15-10-5	72	6	432
165	16	5	16-12-11-8-7-1-2-5	72	7	504
165	16	5	16-18-20-19-17-15-10-5	72	7	504
165	16	5	16-12-13-14-9-7-6-5	72	7	504
166	16	6	16-12-11-8-7-6	146	5	730
166	16	6	16-12-13-14-9-7-6	146	6	876
166	16	6	16-12-13-14-15-10-5-6	146	7	1022
166	16	6	16-12-11-8-7-1-2-5-6	146	8	1168
166	16	6	16-18-20-19-17-15-10-5-6	146	8	1168
167	16	7	16-12-11-8-7	98	4	392
167	16	7	16-12-13-14-9-7	98	5	490
167	16	7	16-12-13-14-15-10-5-6-7	98	8	784
167	16	7	16-18-20-19-17-15-14-9-7	98	8	784
167	16	7	16-12-13-14-15-10-5-2-1-7	98	9	882
168	16	8	16-12-11-8	85	3	255
168	16	8	16-12-13-14-9-7-8	85	6	510
168	16	8	16-12-13-14-15-10-5-6-7-8	85	9	765
168	16	8	16-18-20-19-17-15-14-9-7-8	85	9	765
168	16	8	16-18-20-19-17-15-14-13-12-11-8	85	10	850
169	16	9	16-12-13-14-9	138	4	552
169	16	9	16-12-11-8-7-9	138	5	690
169	16	9	16-18-20-19-17-15-14-9	138	7	966
169	16	9	16-12-13-14-15-10-5-6-7-9	138	9	1242
169	16	9	16-12-11-8-7-6-5-10-15-14-9	138	10	1380
1610	16	10	16-12-13-14-15-10	75	5	375
1610	16	10	16-18-20-19-17-15-10	75	6	450
1610	16	10	16-12-11-8-7-6-5-10	75	7	525
1610	16	10	16-12-11-8-7-9-14-15-10	75	8	600
1610	16	10	16-12-13-14-9-7-6-5-10	75	8	600
1611	16	11	16-12-11	121	2	242
1611	16	11	16-12-13-14-9-7-8-11	121	7	847
1611	16	11	16-18-20-19-17-15-14-13-12-11	121	9	1089
1611	16	11	16-12-13-14-15-10-5-6-7-8-11	121	10	1210
1611	16	11	16-18-20-19-17-15-14-9-7-8-11	121	10	1210
1612	16	12	16-12	103	1	103
1612	16	12	16-18-20-19-17-15-14-13-12	103	8	824
1612	16	12	16-18-20-19-17-15-14-9-7-8-11-12	103	11	1133
1612	16	12	16-18-20-19-17-15-10-5-6-7-8-11-12	103	12	1236
1612	16	12	16-18-20-19-17-15-10-5-2-1-7-8-11-12	103	13	1339
1613	16	13	16-12-13	27	2	54
1613	16	13	16-18-20-19-17-15-14-13	27	7	189
1613	16	13	16-12-11-8-7-9-14-13	27	7	189
1613	16	13	16-12-11-8-7-6-5-10-15-14-13	27	10	270
1613	16	13	16-12-11-8-7-1-2-5-10-15-14-13	27	11	297
1614	16	14	16-12-13-14	99	3	297
1614	16	14	16-18-20-19-17-15-14	99	6	594
1614	16	14	16-12-11-8-7-9-14	99	6	594
1614	16	14	16-12-11-8-7-6-5-10-15-14	99	9	891
1614	16	14	16-12-11-8-7-1-2-5-10-15-14	99	10	990
1615	16	15	16-12-13-14-15	125	4	500
1615	16	15	16-18-20-19-17-15	125	5	625
1615	16	15	16-12-11-8-7-9-14-15	125	7	875
1615	16	15	16-12-11-8-7-6-5-10-15	125	8	1000
1615	16	15	16-12-11-8-7-1-2-5-10-15	125	9	1125
1617	16	17	16-18-20-19-17	188	4	752
1617	16	17	16-12-13-14-15-17	188	5	940
1617	16	17	16-12-11-8-7-9-14-15-17	188	8	1504
1617	16	17	16-12-11-8-7-6-5-10-15-17	188	9	1692
1617	16	17	16-12-11-8-7-1-2-5-10-15-17	188	10	1880
1618	16	18	16-18	31	1	31
1618	16	18	16-12-13-14-15-17-19-20-18	31	8	248
1618	16	18	16-12-11-8-7-9-14-15-17-19-20-18	31	11	341
1618	16	18	16-12-11-8-7-6-5-10-15-17-19-20-18	31	12	372
1618	16	18	16-12-11-8-7-1-2-5-10-15-17-19-20-18	31	13	403
1619	16	19	16-18-20-19	21	3	63
1619	16	19	16-12-13-14-15-17-19	21	6	126
1619	16	19	16-12-11-8-7-9-14-15-17-19	21	9	189
1619	16	19	16-12-11-8-7-6-5-10-15-17-19	21	10	210
1619	16	19	16-12-11-8-7-1-2-5-10-15-17-19	21	11	231
1620	16	20	16-18-20	93	2	186
1620	16	20	16-12-13-14-15-17-19-20	93	7	651
1620	16	20	16-12-11-8-7-9-14-15-17-19-20	93	10	930
1620	16	20	16-12-11-8-7-6-5-10-15-17-19-20	93	11	1023
1620	16	20	16-12-11-8-7-1-2-5-10-15-17-19-20	93	12	1116
170	17	0	17-15-10-5-2-0	148	5	740
170	17	0	17-15-10-5-2-1-0	148	6	888
170	17	0	17-15-14-9-7-1-0	148	6	888
170	17	0	17-15-10-5-4-3-1-0	148	7	1036
170	17	0	17-15-14-9-7-1-2-0	148	7	1036
171	17	1	17-15-10-5-2-1	15	5	75
171	17	1	17-15-14-9-7-1	15	5	75
171	17	1	17-15-10-5-2-0-1	15	6	90
171	17	1	17-15-10-5-6-7-1	15	6	90
171	17	1	17-15-10-5-4-3-1	15	6	90
172	17	2	17-15-10-5-2	64	4	256
172	17	2	17-15-14-9-7-1-2	64	6	384
172	17	2	17-15-14-9-7-1-0-2	64	7	448
172	17	2	17-15-14-9-7-6-5-2	64	7	448
172	17	2	17-15-10-5-6-7-1-2	64	7	448
173	17	3	17-15-10-5-4-3	74	5	370
173	17	3	17-15-10-5-2-1-3	74	6	444
173	17	3	17-15-14-9-7-1-3	74	6	444
173	17	3	17-15-10-5-2-0-1-3	74	7	518
173	17	3	17-15-10-5-6-7-1-3	74	7	518
174	17	4	17-15-10-5-4	81	4	324
174	17	4	17-15-10-5-2-1-3-4	81	7	567
174	17	4	17-15-14-9-7-6-5-4	81	7	567
174	17	4	17-15-14-9-7-1-3-4	81	7	567
174	17	4	17-15-10-5-2-0-1-3-4	81	8	648
175	17	5	17-15-10-5	15	3	45
175	17	5	17-15-14-9-7-6-5	15	6	90
175	17	5	17-15-14-9-7-1-2-5	15	7	105
175	17	5	17-15-14-9-7-1-0-2-5	15	8	120
175	17	5	17-15-14-9-7-1-3-4-5	15	8	120
176	17	6	17-15-10-5-6	75	4	300
176	17	6	17-15-14-9-7-6	75	5	375
176	17	6	17-15-10-5-2-1-7-6	75	7	525
176	17	6	17-15-14-9-7-1-2-5-6	75	8	600
176	17	6	17-15-10-5-4-3-1-7-6	75	8	600
177	17	7	17-15-14-9-7	47	4	188
177	17	7	17-15-10-5-6-7	47	5	235
177	17	7	17-15-10-5-2-1-7	47	6	282
177	17	7	17-15-10-5-2-0-1-7	47	7	329
177	17	7	17-15-14-13-12-11-8-7	47	7	329
178	17	8	17-15-14-9-7-8	129	5	645
178	17	8	17-15-14-13-12-11-8	129	6	774
178	17	8	17-15-10-5-6-7-8	129	6	774
178	17	8	17-19-20-18-16-12-11-8	129	7	903
178	17	8	17-15-10-5-2-1-7-8	129	7	903
179	17	9	17-15-14-9	86	3	258
179	17	9	17-15-10-5-6-7-9	86	6	516
179	17	9	17-15-10-5-2-1-7-9	86	7	602
179	17	9	17-19-20-18-16-12-13-14-9	86	8	688
179	17	9	17-15-10-5-4-3-1-7-9	86	8	688
1710	17	10	17-15-10	70	2	140
1710	17	10	17-15-14-9-7-6-5-10	70	7	490
1710	17	10	17-15-14-9-7-1-2-5-10	70	8	560
1710	17	10	17-19-20-18-16-12-13-14-15-10	70	9	630
1710	17	10	17-15-14-9-7-1-3-4-5-10	70	9	630
1711	17	11	17-15-14-13-12-11	19	5	95
1711	17	11	17-19-20-18-16-12-11	19	6	114
1711	17	11	17-15-14-9-7-8-11	19	6	114
1711	17	11	17-15-10-5-6-7-8-11	19	7	133
1711	17	11	17-15-10-5-2-1-7-8-11	19	8	152
1712	17	12	17-15-14-13-12	51	4	204
1712	17	12	17-19-20-18-16-12	51	5	255
1712	17	12	17-15-14-9-7-8-11-12	51	7	357
1712	17	12	17-15-10-5-6-7-8-11-12	51	8	408
1712	17	12	17-15-10-5-2-1-7-8-11-12	51	9	459
1713	17	13	17-15-14-13	139	3	417
1713	17	13	17-19-20-18-16-12-13	139	6	834
1713	17	13	17-15-14-9-7-8-11-12-13	139	8	1112
1713	17	13	17-15-10-5-6-7-9-14-13	139	8	1112
1713	17	13	17-15-10-5-6-7-8-11-12-13	139	9	1251
1714	17	14	17-15-14	158	2	316
1714	17	14	17-19-20-18-16-12-13-14	158	7	1106
1714	17	14	17-15-10-5-6-7-9-14	158	7	1106
1714	17	14	17-15-10-5-2-1-7-9-14	158	8	1264
1714	17	14	17-15-10-5-2-0-1-7-9-14	158	9	1422
1715	17	15	17-15	67	1	67
1715	17	15	17-19-20-18-16-12-13-14-15	67	8	536
1715	17	15	17-19-20-18-16-12-11-8-7-9-14-15	67	11	737
1715	17	15	17-19-20-18-16-12-11-8-7-6-5-10-15	67	12	804
1715	17	15	17-19-20-18-16-12-11-8-7-1-2-5-10-15	67	13	871
1716	17	16	17-19-20-18-16	38	4	152
1716	17	16	17-15-14-13-12-16	38	5	190
1716	17	16	17-15-14-9-7-8-11-12-16	38	8	304
1716	17	16	17-15-10-5-6-7-8-11-12-16	38	9	342
1716	17	16	17-15-10-5-2-1-7-8-11-12-16	38	10	380
1718	17	18	17-19-20-18	40	3	120
1718	17	18	17-15-14-13-12-16-18	40	6	240
1718	17	18	17-15-14-9-7-8-11-12-16-18	40	9	360
1718	17	18	17-15-10-5-6-7-8-11-12-16-18	40	10	400
1718	17	18	17-15-10-5-2-1-7-8-11-12-16-18	40	11	440
1719	17	19	17-19	18	1	18
1719	17	19	17-15-14-13-12-16-18-20-19	18	8	144
1719	17	19	17-15-14-9-7-8-11-12-16-18-20-19	18	11	198
1719	17	19	17-15-10-5-6-7-8-11-12-16-18-20-19	18	12	216
1719	17	19	17-15-10-5-2-1-7-8-11-12-16-18-20-19	18	13	234
1720	17	20	17-19-20	147	2	294
1720	17	20	17-15-14-13-12-16-18-20	147	7	1029
1720	17	20	17-15-14-9-7-8-11-12-16-18-20	147	10	1470
1720	17	20	17-15-10-5-6-7-8-11-12-16-18-20	147	11	1617
1720	17	20	17-15-10-5-2-1-7-8-11-12-16-18-20	147	12	1764
180	18	0	18-16-12-11-8-7-1-0	184	7	1288
180	18	0	18-16-12-13-14-9-7-1-0	184	8	1472
180	18	0	18-20-19-17-15-10-5-2-0	184	8	1472
180	18	0	18-16-12-11-8-7-1-2-0	184	8	1472
180	18	0	18-20-19-17-15-10-5-2-1-0	184	9	1656
181	18	1	18-16-12-11-8-7-1	148	6	888
181	18	1	18-16-12-13-14-9-7-1	148	7	1036
181	18	1	18-20-19-17-15-10-5-2-1	148	8	1184
181	18	1	18-20-19-17-15-14-9-7-1	148	8	1184
181	18	1	18-20-19-17-15-10-5-2-0-1	148	9	1332
182	18	2	18-16-12-11-8-7-1-2	148	7	1036
182	18	2	18-20-19-17-15-10-5-2	148	7	1036
182	18	2	18-16-12-11-8-7-1-0-2	148	8	1184
182	18	2	18-16-12-13-14-15-10-5-2	148	8	1184
182	18	2	18-16-12-11-8-7-6-5-2	148	8	1184
183	18	3	18-16-12-11-8-7-1-3	92	7	644
183	18	3	18-16-12-13-14-9-7-1-3	92	8	736
183	18	3	18-20-19-17-15-10-5-4-3	92	8	736
183	18	3	18-20-19-17-15-10-5-2-1-3	92	9	828
183	18	3	18-16-12-13-14-15-10-5-4-3	92	9	828
184	18	4	18-20-19-17-15-10-5-4	143	7	1001
184	18	4	18-16-12-11-8-7-1-3-4	143	8	1144
184	18	4	18-16-12-13-14-15-10-5-4	143	8	1144
184	18	4	18-16-12-11-8-7-6-5-4	143	8	1144
184	18	4	18-16-12-13-14-9-7-1-3-4	143	9	1287
185	18	5	18-20-19-17-15-10-5	63	6	378
185	18	5	18-16-12-11-8-7-6-5	63	7	441
185	18	5	18-16-12-13-14-15-10-5	63	7	441
185	18	5	18-16-12-11-8-7-1-2-5	63	8	504
185	18	5	18-16-12-13-14-9-7-6-5	63	8	504
186	18	6	18-16-12-11-8-7-6	196	6	1176
186	18	6	18-20-19-17-15-10-5-6	196	7	1372
186	18	6	18-16-12-13-14-9-7-6	196	7	1372
186	18	6	18-16-12-13-14-15-10-5-6	196	8	1568
186	18	6	18-20-19-17-15-14-9-7-6	196	8	1568
187	18	7	18-16-12-11-8-7	101	5	505
187	18	7	18-16-12-13-14-9-7	101	6	606
187	18	7	18-20-19-17-15-14-9-7	101	7	707
187	18	7	18-20-19-17-15-10-5-6-7	101	8	808
187	18	7	18-20-19-17-15-10-5-2-1-7	101	9	909
188	18	8	18-16-12-11-8	153	4	612
188	18	8	18-16-12-13-14-9-7-8	153	7	1071
188	18	8	18-20-19-17-15-14-9-7-8	153	8	1224
188	18	8	18-20-19-17-15-14-13-12-11-8	153	9	1377
188	18	8	18-20-19-17-15-10-5-6-7-8	153	9	1377
189	18	9	18-16-12-13-14-9	0	5	0
189	18	9	18-20-19-17-15-14-9	0	6	0
189	18	9	18-16-12-11-8-7-9	0	6	0
189	18	9	18-20-19-17-15-10-5-6-7-9	0	9	0
189	18	9	18-20-19-17-15-10-5-2-1-7-9	0	10	0
1810	18	10	18-20-19-17-15-10	143	5	715
1810	18	10	18-16-12-13-14-15-10	143	6	858
1810	18	10	18-16-12-11-8-7-6-5-10	143	8	1144
1810	18	10	18-16-12-11-8-7-9-14-15-10	143	9	1287
1810	18	10	18-16-12-13-14-9-7-6-5-10	143	9	1287
1811	18	11	18-16-12-11	36	3	108
1811	18	11	18-20-19-17-15-14-13-12-11	36	8	288
1811	18	11	18-16-12-13-14-9-7-8-11	36	8	288
1811	18	11	18-20-19-17-15-14-9-7-8-11	36	9	324
1811	18	11	18-20-19-17-15-10-5-6-7-8-11	36	10	360
1812	18	12	18-16-12	30	2	60
1812	18	12	18-20-19-17-15-14-13-12	30	7	210
1812	18	12	18-20-19-17-15-14-9-7-8-11-12	30	10	300
1812	18	12	18-20-19-17-15-10-5-6-7-8-11-12	30	11	330
1812	18	12	18-20-19-17-15-10-5-2-1-7-8-11-12	30	12	360
1813	18	13	18-16-12-13	128	3	384
1813	18	13	18-20-19-17-15-14-13	128	6	768
1813	18	13	18-16-12-11-8-7-9-14-13	128	8	1024
1813	18	13	18-20-19-17-15-14-9-7-8-11-12-13	128	11	1408
1813	18	13	18-20-19-17-15-10-5-6-7-9-14-13	128	11	1408
1814	18	14	18-16-12-13-14	86	4	344
1814	18	14	18-20-19-17-15-14	86	5	430
1814	18	14	18-16-12-11-8-7-9-14	86	7	602
1814	18	14	18-16-12-11-8-7-6-5-10-15-14	86	10	860
1814	18	14	18-20-19-17-15-10-5-6-7-9-14	86	10	860
1815	18	15	18-20-19-17-15	145	4	580
1815	18	15	18-16-12-13-14-15	145	5	725
1815	18	15	18-16-12-11-8-7-9-14-15	145	8	1160
1815	18	15	18-16-12-11-8-7-6-5-10-15	145	9	1305
1815	18	15	18-16-12-11-8-7-1-2-5-10-15	145	10	1450
1816	18	16	18-16	158	1	158
1816	18	16	18-20-19-17-15-14-13-12-16	158	8	1264
1816	18	16	18-20-19-17-15-14-9-7-8-11-12-16	158	11	1738
1816	18	16	18-20-19-17-15-10-5-6-7-8-11-12-16	158	12	1896
1816	18	16	18-20-19-17-15-10-5-2-1-7-8-11-12-16	158	13	2054
1817	18	17	18-20-19-17	149	3	447
1817	18	17	18-16-12-13-14-15-17	149	6	894
1817	18	17	18-16-12-11-8-7-9-14-15-17	149	9	1341
1817	18	17	18-16-12-11-8-7-6-5-10-15-17	149	10	1490
1817	18	17	18-16-12-11-8-7-1-2-5-10-15-17	149	11	1639
1819	18	19	18-20-19	27	2	54
1819	18	19	18-16-12-13-14-15-17-19	27	7	189
1819	18	19	18-16-12-11-8-7-9-14-15-17-19	27	10	270
1819	18	19	18-16-12-11-8-7-6-5-10-15-17-19	27	11	297
1819	18	19	18-16-12-11-8-7-1-2-5-10-15-17-19	27	12	324
1820	18	20	18-20	24	1	24
1820	18	20	18-16-12-13-14-15-17-19-20	24	8	192
1820	18	20	18-16-12-11-8-7-9-14-15-17-19-20	24	11	264
1820	18	20	18-16-12-11-8-7-6-5-10-15-17-19-20	24	12	288
1820	18	20	18-16-12-11-8-7-1-2-5-10-15-17-19-20	24	13	312
190	19	0	19-17-15-10-5-2-0	49	6	294
190	19	0	19-17-15-10-5-2-1-0	49	7	343
190	19	0	19-17-15-14-9-7-1-0	49	7	343
190	19	0	19-17-15-10-5-4-3-1-0	49	8	392
190	19	0	19-17-15-14-9-7-1-2-0	49	8	392
191	19	1	19-17-15-10-5-2-1	84	6	504
191	19	1	19-17-15-14-9-7-1	84	6	504
191	19	1	19-17-15-10-5-2-0-1	84	7	588
191	19	1	19-17-15-10-5-6-7-1	84	7	588
191	19	1	19-17-15-10-5-4-3-1	84	7	588
192	19	2	19-17-15-10-5-2	50	5	250
192	19	2	19-17-15-14-9-7-1-2	50	7	350
192	19	2	19-17-15-14-9-7-1-0-2	50	8	400
192	19	2	19-17-15-14-9-7-6-5-2	50	8	400
192	19	2	19-17-15-10-5-6-7-1-2	50	8	400
193	19	3	19-17-15-10-5-4-3	13	6	78
193	19	3	19-17-15-10-5-2-1-3	13	7	91
193	19	3	19-17-15-14-9-7-1-3	13	7	91
193	19	3	19-17-15-10-5-2-0-1-3	13	8	104
193	19	3	19-17-15-10-5-6-7-1-3	13	8	104
194	19	4	19-17-15-10-5-4	151	5	755
194	19	4	19-17-15-10-5-2-1-3-4	151	8	1208
194	19	4	19-17-15-14-9-7-6-5-4	151	8	1208
194	19	4	19-17-15-14-9-7-1-3-4	151	8	1208
194	19	4	19-17-15-10-5-2-0-1-3-4	151	9	1359
195	19	5	19-17-15-10-5	126	4	504
195	19	5	19-17-15-14-9-7-6-5	126	7	882
195	19	5	19-17-15-14-9-7-1-2-5	126	8	1008
195	19	5	19-17-15-14-9-7-1-0-2-5	126	9	1134
195	19	5	19-20-18-16-12-13-14-15-10-5	126	9	1134
196	19	6	19-17-15-10-5-6	137	5	685
196	19	6	19-17-15-14-9-7-6	137	6	822
196	19	6	19-17-15-10-5-2-1-7-6	137	8	1096
196	19	6	19-20-18-16-12-11-8-7-6	137	8	1096
196	19	6	19-17-15-14-9-7-1-2-5-6	137	9	1233
197	19	7	19-17-15-14-9-7	118	5	590
197	19	7	19-17-15-10-5-6-7	118	6	708
197	19	7	19-17-15-10-5-2-1-7	118	7	826
197	19	7	19-20-18-16-12-11-8-7	118	7	826
197	19	7	19-17-15-10-5-2-0-1-7	118	8	944
198	19	8	19-20-18-16-12-11-8	74	6	444
198	19	8	19-17-15-14-9-7-8	74	6	444
198	19	8	19-17-15-14-13-12-11-8	74	7	518
198	19	8	19-17-15-10-5-6-7-8	74	7	518
198	19	8	19-17-15-10-5-2-1-7-8	74	8	592
199	19	9	19-17-15-14-9	147	4	588
199	19	9	19-20-18-16-12-13-14-9	147	7	1029
199	19	9	19-17-15-10-5-6-7-9	147	7	1029
199	19	9	19-17-15-10-5-2-1-7-9	147	8	1176
199	19	9	19-20-18-16-12-11-8-7-9	147	8	1176
1910	19	10	19-17-15-10	140	3	420
1910	19	10	19-20-18-16-12-13-14-15-10	140	8	1120
1910	19	10	19-17-15-14-9-7-6-5-10	140	8	1120
1910	19	10	19-17-15-14-9-7-1-2-5-10	140	9	1260
1910	19	10	19-17-15-14-9-7-1-0-2-5-10	140	10	1400
1911	19	11	19-20-18-16-12-11	152	5	760
1911	19	11	19-17-15-14-13-12-11	152	6	912
1911	19	11	19-17-15-14-9-7-8-11	152	7	1064
1911	19	11	19-17-15-10-5-6-7-8-11	152	8	1216
1911	19	11	19-17-15-10-5-2-1-7-8-11	152	9	1368
1912	19	12	19-20-18-16-12	40	4	160
1912	19	12	19-17-15-14-13-12	40	5	200
1912	19	12	19-17-15-14-9-7-8-11-12	40	8	320
1912	19	12	19-17-15-10-5-6-7-8-11-12	40	9	360
1912	19	12	19-17-15-10-5-2-1-7-8-11-12	40	10	400
1913	19	13	19-17-15-14-13	37	4	148
1913	19	13	19-20-18-16-12-13	37	5	185
1913	19	13	19-17-15-14-9-7-8-11-12-13	37	9	333
1913	19	13	19-17-15-10-5-6-7-9-14-13	37	9	333
1913	19	13	19-17-15-10-5-6-7-8-11-12-13	37	10	370
1914	19	14	19-17-15-14	198	3	594
1914	19	14	19-20-18-16-12-13-14	198	6	1188
1914	19	14	19-17-15-10-5-6-7-9-14	198	8	1584
1914	19	14	19-17-15-10-5-2-1-7-9-14	198	9	1782
1914	19	14	19-20-18-16-12-11-8-7-9-14	198	9	1782
1915	19	15	19-17-15	94	2	188
1915	19	15	19-20-18-16-12-13-14-15	94	7	658
1915	19	15	19-20-18-16-12-11-8-7-9-14-15	94	10	940
1915	19	15	19-20-18-16-12-11-8-7-6-5-10-15	94	11	1034
1915	19	15	19-20-18-16-12-11-8-7-1-2-5-10-15	94	12	1128
1916	19	16	19-20-18-16	185	3	555
1916	19	16	19-17-15-14-13-12-16	185	6	1110
1916	19	16	19-17-15-14-9-7-8-11-12-16	185	9	1665
1916	19	16	19-17-15-10-5-6-7-8-11-12-16	185	10	1850
1916	19	16	19-17-15-10-5-2-1-7-8-11-12-16	185	11	2035
1917	19	17	19-17	23	1	23
1917	19	17	19-20-18-16-12-13-14-15-17	23	8	184
1917	19	17	19-20-18-16-12-11-8-7-9-14-15-17	23	11	253
1917	19	17	19-20-18-16-12-11-8-7-6-5-10-15-17	23	12	276
1917	19	17	19-20-18-16-12-11-8-7-1-2-5-10-15-17	23	13	299
1918	19	18	19-20-18	73	2	146
1918	19	18	19-17-15-14-13-12-16-18	73	7	511
1918	19	18	19-17-15-14-9-7-8-11-12-16-18	73	10	730
1918	19	18	19-17-15-10-5-6-7-8-11-12-16-18	73	11	803
1918	19	18	19-17-15-10-5-2-1-7-8-11-12-16-18	73	12	876
1920	19	20	19-20	140	1	140
1920	19	20	19-17-15-14-13-12-16-18-20	140	8	1120
1920	19	20	19-17-15-14-9-7-8-11-12-16-18-20	140	11	1540
1920	19	20	19-17-15-10-5-6-7-8-11-12-16-18-20	140	12	1680
1920	19	20	19-17-15-10-5-2-1-7-8-11-12-16-18-20	140	13	1820
200	20	0	20-19-17-15-10-5-2-0	28	7	196
200	20	0	20-19-17-15-10-5-2-1-0	28	8	224
200	20	0	20-18-16-12-11-8-7-1-0	28	8	224
200	20	0	20-19-17-15-14-9-7-1-0	28	8	224
200	20	0	20-19-17-15-10-5-4-3-1-0	28	9	252
201	20	1	20-19-17-15-10-5-2-1	183	7	1281
201	20	1	20-19-17-15-14-9-7-1	183	7	1281
201	20	1	20-18-16-12-11-8-7-1	183	7	1281
201	20	1	20-19-17-15-10-5-2-0-1	183	8	1464
201	20	1	20-18-16-12-13-14-9-7-1	183	8	1464
202	20	2	20-19-17-15-10-5-2	39	6	234
202	20	2	20-18-16-12-11-8-7-1-2	39	8	312
202	20	2	20-19-17-15-14-9-7-1-2	39	8	312
202	20	2	20-18-16-12-11-8-7-1-0-2	39	9	351
202	20	2	20-19-17-15-14-9-7-6-5-2	39	9	351
203	20	3	20-19-17-15-10-5-4-3	183	7	1281
203	20	3	20-19-17-15-10-5-2-1-3	183	8	1464
203	20	3	20-18-16-12-11-8-7-1-3	183	8	1464
203	20	3	20-19-17-15-14-9-7-1-3	183	8	1464
203	20	3	20-19-17-15-10-5-2-0-1-3	183	9	1647
204	20	4	20-19-17-15-10-5-4	1	6	6
204	20	4	20-19-17-15-10-5-2-1-3-4	1	9	9
204	20	4	20-19-17-15-14-9-7-6-5-4	1	9	9
204	20	4	20-18-16-12-13-14-15-10-5-4	1	9	9
204	20	4	20-18-16-12-11-8-7-6-5-4	1	9	9
205	20	5	20-19-17-15-10-5	137	5	685
205	20	5	20-18-16-12-11-8-7-6-5	137	8	1096
205	20	5	20-18-16-12-13-14-15-10-5	137	8	1096
205	20	5	20-19-17-15-14-9-7-6-5	137	8	1096
205	20	5	20-18-16-12-11-8-7-1-2-5	137	9	1233
206	20	6	20-19-17-15-10-5-6	89	6	534
206	20	6	20-18-16-12-11-8-7-6	89	7	623
206	20	6	20-19-17-15-14-9-7-6	89	7	623
206	20	6	20-18-16-12-13-14-9-7-6	89	8	712
206	20	6	20-18-16-12-13-14-15-10-5-6	89	9	801
207	20	7	20-18-16-12-11-8-7	142	6	852
207	20	7	20-19-17-15-14-9-7	142	6	852
207	20	7	20-19-17-15-10-5-6-7	142	7	994
207	20	7	20-18-16-12-13-14-9-7	142	7	994
207	20	7	20-19-17-15-10-5-2-1-7	142	8	1136
208	20	8	20-18-16-12-11-8	43	5	215
208	20	8	20-19-17-15-14-9-7-8	43	7	301
208	20	8	20-19-17-15-14-13-12-11-8	43	8	344
208	20	8	20-18-16-12-13-14-9-7-8	43	8	344
208	20	8	20-19-17-15-10-5-6-7-8	43	8	344
209	20	9	20-19-17-15-14-9	63	5	315
209	20	9	20-18-16-12-13-14-9	63	6	378
209	20	9	20-18-16-12-11-8-7-9	63	7	441
209	20	9	20-19-17-15-10-5-6-7-9	63	8	504
209	20	9	20-19-17-15-10-5-2-1-7-9	63	9	567
2010	20	10	20-19-17-15-10	131	4	524
2010	20	10	20-18-16-12-13-14-15-10	131	7	917
2010	20	10	20-18-16-12-11-8-7-6-5-10	131	9	1179
2010	20	10	20-19-17-15-14-9-7-6-5-10	131	9	1179
2010	20	10	20-18-16-12-11-8-7-9-14-15-10	131	10	1310
2011	20	11	20-18-16-12-11	170	4	680
2011	20	11	20-19-17-15-14-13-12-11	170	7	1190
2011	20	11	20-19-17-15-14-9-7-8-11	170	8	1360
2011	20	11	20-19-17-15-10-5-6-7-8-11	170	9	1530
2011	20	11	20-18-16-12-13-14-9-7-8-11	170	9	1530
2012	20	12	20-18-16-12	111	3	333
2012	20	12	20-19-17-15-14-13-12	111	6	666
2012	20	12	20-19-17-15-14-9-7-8-11-12	111	9	999
2012	20	12	20-19-17-15-10-5-6-7-8-11-12	111	10	1110
2012	20	12	20-19-17-15-10-5-2-1-7-8-11-12	111	11	1221
2013	20	13	20-18-16-12-13	106	4	424
2013	20	13	20-19-17-15-14-13	106	5	530
2013	20	13	20-18-16-12-11-8-7-9-14-13	106	9	954
2013	20	13	20-19-17-15-14-9-7-8-11-12-13	106	10	1060
2013	20	13	20-19-17-15-10-5-6-7-9-14-13	106	10	1060
2014	20	14	20-19-17-15-14	136	4	544
2014	20	14	20-18-16-12-13-14	136	5	680
2014	20	14	20-18-16-12-11-8-7-9-14	136	8	1088
2014	20	14	20-19-17-15-10-5-6-7-9-14	136	9	1224
2014	20	14	20-19-17-15-10-5-2-1-7-9-14	136	10	1360
2015	20	15	20-19-17-15	47	3	141
2015	20	15	20-18-16-12-13-14-15	47	6	282
2015	20	15	20-18-16-12-11-8-7-9-14-15	47	9	423
2015	20	15	20-18-16-12-11-8-7-6-5-10-15	47	10	470
2015	20	15	20-18-16-12-11-8-7-1-2-5-10-15	47	11	517
2016	20	16	20-18-16	111	2	222
2016	20	16	20-19-17-15-14-13-12-16	111	7	777
2016	20	16	20-19-17-15-14-9-7-8-11-12-16	111	10	1110
2016	20	16	20-19-17-15-10-5-6-7-8-11-12-16	111	11	1221
2016	20	16	20-19-17-15-10-5-2-1-7-8-11-12-16	111	12	1332
2017	20	17	20-19-17	132	2	264
2017	20	17	20-18-16-12-13-14-15-17	132	7	924
2017	20	17	20-18-16-12-11-8-7-9-14-15-17	132	10	1320
2017	20	17	20-18-16-12-11-8-7-6-5-10-15-17	132	11	1452
2017	20	17	20-18-16-12-11-8-7-1-2-5-10-15-17	132	12	1584
2018	20	18	20-18	164	1	164
2018	20	18	20-19-17-15-14-13-12-16-18	164	8	1312
2018	20	18	20-19-17-15-14-9-7-8-11-12-16-18	164	11	1804
2018	20	18	20-19-17-15-10-5-6-7-8-11-12-16-18	164	12	1968
2018	20	18	20-19-17-15-10-5-2-1-7-8-11-12-16-18	164	13	2132
2019	20	19	20-19	71	1	71
2019	20	19	20-18-16-12-13-14-15-17-19	71	8	568
2019	20	19	20-18-16-12-11-8-7-9-14-15-17-19	71	11	781
2019	20	19	20-18-16-12-11-8-7-6-5-10-15-17-19	71	12	852
2019	20	19	20-18-16-12-11-8-7-1-2-5-10-15-17-19	71	13	923
