01	0	1	0-1	50	1346	67300
01	0	1	0-2-1	50	2794	139700
01	0	1	0-3-4-6-7-1	50	7177	358850
01	0	1	0-2-5-8-9-7-1	50	8227	411350
01	0	1	0-2-5-4-6-7-1	50	8973	448650
01	0	1	0-3-4-5-2-1	50	9066	453300
02	0	2	0-2	50	2024	101200
02	0	2	0-1-2	50	2116	105800
02	0	2	0-1-7-9-8-5-2	50	7549	377450
02	0	2	0-3-4-6-7-1-2	50	7947	397350
02	0	2	0-1-7-6-4-5-2	50	8295	414750
02	0	2	0-3-4-5-2	50	8296	414800
03	0	3	0-3	50	3414	170700
03	0	3	0-1-7-6-4-3	50	5109	255450
03	0	3	0-2-1-7-6-4-3	50	6557	327850
03	0	3	0-2-5-4-3	50	6906	345300
03	0	3	0-1-2-5-4-3	50	6998	349900
03	0	3	0-1-7-9-8-5-4-3	50	7685	384250
04	0	4	0-1-7-6-4	50	4261	213050
04	0	4	0-3-4	50	4262	213100
04	0	4	0-2-1-7-6-4	50	5709	285450
04	0	4	0-2-5-4	50	6058	302900
04	0	4	0-1-2-5-4	50	6150	307500
04	0	4	0-1-7-9-8-5-4	50	6837	341850
05	0	5	0-2-5	50	4397	219850
05	0	5	0-1-2-5	50	4489	224450
05	0	5	0-1-7-9-8-5	50	5176	258800
05	0	5	0-1-7-6-4-5	50	5922	296100
05	0	5	0-3-4-5	50	5923	296150
05	0	5	0-2-1-7-9-8-5	50	6624	331200
06	0	6	0-1-7-6	50	3456	172800
06	0	6	0-2-1-7-6	50	4904	245200
06	0	6	0-3-4-6	50	5067	253350
06	0	6	0-2-5-4-6	50	6863	343150
06	0	6	0-1-2-5-4-6	50	6955	347750
06	0	6	0-1-7-9-8-5-4-6	50	7642	382100
07	0	7	0-1-7	50	2578	128900
07	0	7	0-2-1-7	50	4026	201300
07	0	7	0-3-4-6-7	50	5945	297250
07	0	7	0-2-5-8-9-7	50	6995	349750
07	0	7	0-1-2-5-8-9-7	50	7087	354350
07	0	7	0-2-5-4-6-7	50	7741	387050
08	0	8	0-1-7-9-8	50	3897	194850
08	0	8	0-2-1-7-9-8	50	5345	267250
08	0	8	0-2-5-8	50	5676	283800
08	0	8	0-1-2-5-8	50	5768	288400
08	0	8	0-1-7-6-4-5-8	50	7201	360050
08	0	8	0-3-4-5-8	50	7202	360100
09	0	9	0-1-7-9	50	3355	167750
09	0	9	0-2-1-7-9	50	4803	240150
09	0	9	0-2-5-8-9	50	6218	310900
09	0	9	0-1-2-5-8-9	50	6310	315500
09	0	9	0-3-4-6-7-9	50	6722	336100
09	0	9	0-3-10-11-9	50	7316	365800
010	0	10	0-1-7-9-11-10	50	4641	232050
010	0	10	0-1-7-9-13-10	50	4654	232700
010	0	10	0-1-7-9-13-12-11-10	50	5999	299950
010	0	10	0-3-10	50	6030	301500
010	0	10	0-2-1-7-9-11-10	50	6089	304450
010	0	10	0-2-1-7-9-13-10	50	6102	305100
011	0	11	0-1-7-9-11	50	4346	217300
011	0	11	0-1-7-9-13-10-11	50	4949	247450
011	0	11	0-1-7-9-13-12-11	50	5704	285200
011	0	11	0-2-1-7-9-11	50	5794	289700
011	0	11	0-3-10-11	50	6325	316250
011	0	11	0-2-1-7-9-13-10-11	50	6397	319850
012	0	12	0-1-7-9-13-12	50	4600	230000
012	0	12	0-1-7-9-11-12	50	5450	272500
012	0	12	0-1-7-9-11-10-13-12	50	5717	285850
012	0	12	0-2-1-7-9-13-12	50	6048	302400
012	0	12	0-1-7-9-13-10-11-12	50	6053	302650
012	0	12	0-2-5-12	50	6682	334100
013	0	13	0-1-7-9-13	50	4089	204450
013	0	13	0-1-7-9-11-10-13	50	5206	260300
013	0	13	0-2-1-7-9-13	50	5537	276850
013	0	13	0-1-7-9-11-12-13	50	5961	298050
013	0	13	0-3-10-13	50	6595	329750
013	0	13	0-2-1-7-9-11-10-13	50	6654	332700
10	1	0	1-0	50	1346	67300
10	1	0	1-2-0	50	2794	139700
10	1	0	1-7-6-4-3-0	50	7177	358850
10	1	0	1-7-9-8-5-2-0	50	8227	411350
10	1	0	1-7-6-4-5-2-0	50	8973	448650
10	1	0	1-2-5-4-3-0	50	9066	453300
12	1	2	1-2	50	770	38500
12	1	2	1-0-2	50	3370	168500
12	1	2	1-7-9-8-5-2	50	6203	310150
12	1	2	1-7-6-4-5-2	50	6949	347450
12	1	2	1-7-9-13-12-5-2	50	7912	395600
12	1	2	1-7-9-11-12-5-2	50	8762	438100
13	1	3	1-7-6-4-3	50	3763	188150
13	1	3	1-0-3	50	4760	238000
13	1	3	1-2-5-4-3	50	5652	282600
13	1	3	1-2-0-3	50	6208	310400
13	1	3	1-7-9-8-5-4-3	50	6339	316950
13	1	3	1-7-9-13-12-5-4-3	50	8048	402400
14	1	4	1-7-6-4	50	2915	145750
14	1	4	1-2-5-4	50	4804	240200
14	1	4	1-7-9-8-5-4	50	5491	274550
14	1	4	1-0-3-4	50	5608	280400
14	1	4	1-2-0-3-4	50	7056	352800
14	1	4	1-7-9-13-12-5-4	50	7200	360000
15	1	5	1-2-5	50	3143	157150
15	1	5	1-7-9-8-5	50	3830	191500
15	1	5	1-7-6-4-5	50	4576	228800
15	1	5	1-7-9-13-12-5	50	5539	276950
15	1	5	1-0-2-5	50	5743	287150
15	1	5	1-7-9-11-12-5	50	6389	319450
16	1	6	1-7-6	50	2110	105500
16	1	6	1-2-5-4-6	50	5609	280450
16	1	6	1-7-9-8-5-4-6	50	6296	314800
16	1	6	1-0-3-4-6	50	6413	320650
16	1	6	1-2-5-8-9-7-6	50	6619	330950
16	1	6	1-2-0-3-4-6	50	7861	393050
17	1	7	1-7	50	1232	61600
17	1	7	1-2-5-8-9-7	50	5741	287050
17	1	7	1-2-5-4-6-7	50	6487	324350
17	1	7	1-0-3-4-6-7	50	7291	364550
17	1	7	1-2-5-12-13-9-7	50	7450	372500
17	1	7	1-2-5-12-11-9-7	50	8300	415000
18	1	8	1-7-9-8	50	2551	127550
18	1	8	1-2-5-8	50	4422	221100
18	1	8	1-7-6-4-5-8	50	5855	292750
18	1	8	1-7-9-13-12-5-8	50	6818	340900
18	1	8	1-0-2-5-8	50	7022	351100
18	1	8	1-2-5-12-13-9-8	50	7215	360750
19	1	9	1-7-9	50	2009	100450
19	1	9	1-2-5-8-9	50	4964	248200
19	1	9	1-7-6-4-5-8-9	50	6397	319850
19	1	9	1-2-5-12-13-9	50	6673	333650
19	1	9	1-2-5-4-6-7-9	50	7264	363200
19	1	9	1-2-5-12-11-9	50	7523	376150
110	1	10	1-7-9-11-10	50	3295	164750
110	1	10	1-7-9-13-10	50	3308	165400
110	1	10	1-7-9-13-12-11-10	50	4653	232650
110	1	10	1-7-9-11-12-13-10	50	5180	259000
110	1	10	1-2-5-8-9-11-10	50	6250	312500
110	1	10	1-2-5-8-9-13-10	50	6263	313150
111	1	11	1-7-9-11	50	3000	150000
111	1	11	1-7-9-13-10-11	50	3603	180150
111	1	11	1-7-9-13-12-11	50	4358	217900
111	1	11	1-2-5-8-9-11	50	5955	297750
111	1	11	1-2-5-12-11	50	6532	326600
111	1	11	1-2-5-8-9-13-10-11	50	6558	327900
112	1	12	1-7-9-13-12	50	3254	162700
112	1	12	1-7-9-11-12	50	4104	205200
112	1	12	1-7-9-11-10-13-12	50	4371	218550
112	1	12	1-7-9-13-10-11-12	50	4707	235350
112	1	12	1-2-5-12	50	5428	271400
112	1	12	1-7-9-8-5-12	50	6115	305750
113	1	13	1-7-9-13	50	2743	137150
113	1	13	1-7-9-11-10-13	50	3860	193000
113	1	13	1-7-9-11-12-13	50	4615	230750
113	1	13	1-2-5-8-9-13	50	5698	284900
113	1	13	1-2-5-12-13	50	5939	296950
113	1	13	1-7-9-8-5-12-13	50	6626	331300
20	2	0	2-0	50	2024	101200
20	2	0	2-1-0	50	2116	105800
20	2	0	2-5-8-9-7-1-0	50	7549	377450
20	2	0	2-1-7-6-4-3-0	50	7947	397350
20	2	0	2-5-4-6-7-1-0	50	8295	414750
20	2	0	2-5-4-3-0	50	8296	414800
21	2	1	2-1	50	770	38500
21	2	1	2-0-1	50	3370	168500
21	2	1	2-5-8-9-7-1	50	6203	310150
21	2	1	2-5-4-6-7-1	50	6949	347450
21	2	1	2-5-12-13-9-7-1	50	7912	395600
21	2	1	2-5-12-11-9-7-1	50	8762	438100
23	2	3	2-1-7-6-4-3	50	4533	226650
23	2	3	2-5-4-3	50	4882	244100
23	2	3	2-0-3	50	5438	271900
23	2	3	2-1-0-3	50	5530	276500
23	2	3	2-1-7-9-8-5-4-3	50	7109	355450
23	2	3	2-0-1-7-6-4-3	50	7133	356650
24	2	4	2-1-7-6-4	50	3685	184250
24	2	4	2-5-4	50	4034	201700
24	2	4	2-1-7-9-8-5-4	50	6261	313050
24	2	4	2-0-1-7-6-4	50	6285	314250
24	2	4	2-0-3-4	50	6286	314300
24	2	4	2-1-0-3-4	50	6378	318900
25	2	5	2-5	50	2373	118650
25	2	5	2-1-7-9-8-5	50	4600	230000
25	2	5	2-1-7-6-4-5	50	5346	267300
25	2	5	2-1-7-9-13-12-5	50	6309	315450
25	2	5	2-1-7-9-11-12-5	50	7159	357950
25	2	5	2-0-1-7-9-8-5	50	7200	360000
26	2	6	2-1-7-6	50	2880	144000
26	2	6	2-5-4-6	50	4839	241950
26	2	6	2-0-1-7-6	50	5480	274000
26	2	6	2-5-8-9-7-6	50	5849	292450
26	2	6	2-1-7-9-8-5-4-6	50	7066	353300
26	2	6	2-0-3-4-6	50	7091	354550
27	2	7	2-1-7	50	2002	100100
27	2	7	2-0-1-7	50	4602	230100
27	2	7	2-5-8-9-7	50	4971	248550
27	2	7	2-5-4-6-7	50	5717	285850
27	2	7	2-5-12-13-9-7	50	6680	334000
27	2	7	2-5-12-11-9-7	50	7530	376500
28	2	8	2-1-7-9-8	50	3321	166050
28	2	8	2-5-8	50	3652	182600
28	2	8	2-0-1-7-9-8	50	5921	296050
28	2	8	2-5-12-13-9-8	50	6445	322250
28	2	8	2-1-7-6-4-5-8	50	6625	331250
28	2	8	2-5-4-6-7-9-8	50	7036	351800
29	2	9	2-1-7-9	50	2779	138950
29	2	9	2-5-8-9	50	4194	209700
29	2	9	2-0-1-7-9	50	5379	268950
29	2	9	2-5-12-13-9	50	5903	295150
29	2	9	2-5-4-6-7-9	50	6494	324700
29	2	9	2-5-12-11-9	50	6753	337650
210	2	10	2-1-7-9-11-10	50	4065	203250
210	2	10	2-1-7-9-13-10	50	4078	203900
210	2	10	2-1-7-9-13-12-11-10	50	5423	271150
210	2	10	2-5-8-9-11-10	50	5480	274000
210	2	10	2-5-8-9-13-10	50	5493	274650
210	2	10	2-5-12-13-10	50	5734	286700
211	2	11	2-1-7-9-11	50	3770	188500
211	2	11	2-1-7-9-13-10-11	50	4373	218650
211	2	11	2-1-7-9-13-12-11	50	5128	256400
211	2	11	2-5-8-9-11	50	5185	259250
211	2	11	2-5-12-11	50	5762	288100
211	2	11	2-5-8-9-13-10-11	50	5788	289400
212	2	12	2-1-7-9-13-12	50	4024	201200
212	2	12	2-5-12	50	4658	232900
212	2	12	2-1-7-9-11-12	50	4874	243700
212	2	12	2-1-7-9-11-10-13-12	50	5141	257050
212	2	12	2-5-8-9-13-12	50	5439	271950
212	2	12	2-1-7-9-13-10-11-12	50	5477	273850
213	2	13	2-1-7-9-13	50	3513	175650
213	2	13	2-1-7-9-11-10-13	50	4630	231500
213	2	13	2-5-8-9-13	50	4928	246400
213	2	13	2-5-12-13	50	5169	258450
213	2	13	2-1-7-9-11-12-13	50	5385	269250
213	2	13	2-5-8-9-11-10-13	50	6045	302250
30	3	0	3-0	50	3414	170700
30	3	0	3-4-6-7-1-0	50	5109	255450
30	3	0	3-4-6-7-1-2-0	50	6557	327850
30	3	0	3-4-5-2-0	50	6906	345300
30	3	0	3-4-5-2-1-0	50	6998	349900
30	3	0	3-10-11-9-7-1-0	50	7257	362850
31	3	1	3-4-6-7-1	50	3763	188150
31	3	1	3-0-1	50	4760	238000
31	3	1	3-4-5-2-1	50	5652	282600
31	3	1	3-10-11-9-7-1	50	5911	295550
31	3	1	3-10-13-9-7-1	50	5924	296200
31	3	1	3-0-2-1	50	6208	310400
32	3	2	3-4-6-7-1-2	50	4533	226650
32	3	2	3-4-5-2	50	4882	244100
32	3	2	3-0-2	50	5438	271900
32	3	2	3-0-1-2	50	5530	276500
32	3	2	3-10-11-9-7-1-2	50	6681	334050
32	3	2	3-10-13-9-7-1-2	50	6694	334700
34	3	4	3-4	50	848	42400
34	3	4	3-10-11-9-7-6-4	50	6362	318100
34	3	4	3-10-13-9-7-6-4	50	6375	318750
34	3	4	3-10-11-9-8-5-4	50	7384	369200
34	3	4	3-10-13-9-8-5-4	50	7397	369850
34	3	4	3-10-13-12-5-4	50	7638	381900
35	3	5	3-4-5	50	2509	125450
35	3	5	3-4-6-7-9-8-5	50	5129	256450
35	3	5	3-10-11-9-8-5	50	5723	286150
35	3	5	3-10-13-9-8-5	50	5736	286800
35	3	5	3-10-13-12-5	50	5977	298850
35	3	5	3-10-11-12-5	50	6300	315000
36	3	6	3-4-6	50	1653	82650
36	3	6	3-10-11-9-7-6	50	5557	277850
36	3	6	3-10-13-9-7-6	50	5570	278500
36	3	6	3-4-5-8-9-7-6	50	5985	299250
36	3	6	3-0-1-7-6	50	6870	343500
36	3	6	3-10-11-12-13-9-7-6	50	6915	345750
37	3	7	3-4-6-7	50	2531	126550
37	3	7	3-10-11-9-7	50	4679	233950
37	3	7	3-10-13-9-7	50	4692	234600
37	3	7	3-4-5-8-9-7	50	5107	255350
37	3	7	3-0-1-7	50	5992	299600
37	3	7	3-10-11-12-13-9-7	50	6037	301850
38	3	8	3-4-5-8	50	3788	189400
38	3	8	3-4-6-7-9-8	50	3850	192500
38	3	8	3-10-11-9-8	50	4444	222200
38	3	8	3-10-13-9-8	50	4457	222850
38	3	8	3-10-11-12-13-9-8	50	5802	290100
38	3	8	3-10-13-12-11-9-8	50	6329	316450
39	3	9	3-4-6-7-9	50	3308	165400
39	3	9	3-10-11-9	50	3902	195100
39	3	9	3-10-13-9	50	3915	195750
39	3	9	3-4-5-8-9	50	4330	216500
39	3	9	3-10-11-12-13-9	50	5260	263000
39	3	9	3-10-13-12-11-9	50	5787	289350
310	3	10	3-10	50	2616	130800
310	3	10	3-4-6-7-9-11-10	50	4594	229700
310	3	10	3-4-6-7-9-13-10	50	4607	230350
310	3	10	3-4-5-8-9-11-10	50	5616	280800
310	3	10	3-4-5-8-9-13-10	50	5629	281450
310	3	10	3-4-5-12-13-10	50	5870	293500
311	3	11	3-10-11	50	2911	145550
311	3	11	3-4-6-7-9-11	50	4299	214950
311	3	11	3-10-13-12-11	50	4796	239800
311	3	11	3-4-6-7-9-13-10-11	50	4902	245100
311	3	11	3-10-13-9-11	50	4906	245300
311	3	11	3-4-5-8-9-11	50	5321	266050
312	3	12	3-10-13-12	50	3692	184600
312	3	12	3-10-11-12	50	4015	200750
312	3	12	3-4-6-7-9-13-12	50	4553	227650
312	3	12	3-4-5-12	50	4794	239700
312	3	12	3-10-11-9-13-12	50	5147	257350
312	3	12	3-4-6-7-9-11-12	50	5403	270150
313	3	13	3-10-13	50	3181	159050
313	3	13	3-4-6-7-9-13	50	4042	202100
313	3	13	3-10-11-12-13	50	4526	226300
313	3	13	3-10-11-9-13	50	4636	231800
313	3	13	3-4-5-8-9-13	50	5064	253200
313	3	13	3-4-6-7-9-11-10-13	50	5159	257950
40	4	0	4-6-7-1-0	50	4261	213050
40	4	0	4-3-0	50	4262	213100
40	4	0	4-6-7-1-2-0	50	5709	285450
40	4	0	4-5-2-0	50	6058	302900
40	4	0	4-5-2-1-0	50	6150	307500
40	4	0	4-5-8-9-7-1-0	50	6837	341850
41	4	1	4-6-7-1	50	2915	145750
41	4	1	4-5-2-1	50	4804	240200
41	4	1	4-5-8-9-7-1	50	5491	274550
41	4	1	4-3-0-1	50	5608	280400
41	4	1	4-3-10-11-9-7-1	50	6759	337950
41	4	1	4-3-10-13-9-7-1	50	6772	338600
42	4	2	4-6-7-1-2	50	3685	184250
42	4	2	4-5-2	50	4034	201700
42	4	2	4-5-8-9-7-1-2	50	6261	313050
42	4	2	4-6-7-1-0-2	50	6285	314250
42	4	2	4-3-0-2	50	6286	314300
42	4	2	4-3-0-1-2	50	6378	318900
43	4	3	4-3	50	848	42400
43	4	3	4-6-7-1-0-3	50	7675	383750
43	4	3	4-6-7-1-2-0-3	50	9123	456150
43	4	3	4-5-2-0-3	50	9472	473600
43	4	3	4-5-2-1-0-3	50	9564	478200
43	4	3	4-5-8-9-7-1-0-3	50	10251	512550
45	4	5	4-5	50	1661	83050
45	4	5	4-6-7-9-8-5	50	4281	214050
45	4	5	4-6-7-9-13-12-5	50	5990	299500
45	4	5	4-6-7-1-2-5	50	6058	302900
45	4	5	4-3-10-11-9-8-5	50	6571	328550
45	4	5	4-3-10-13-9-8-5	50	6584	329200
46	4	6	4-6	50	805	40250
46	4	6	4-5-8-9-7-6	50	5137	256850
46	4	6	4-3-10-11-9-7-6	50	6405	320250
46	4	6	4-3-10-13-9-7-6	50	6418	320900
46	4	6	4-5-12-13-9-7-6	50	6846	342300
46	4	6	4-5-2-1-7-6	50	6914	345700
47	4	7	4-6-7	50	1683	84150
47	4	7	4-5-8-9-7	50	4259	212950
47	4	7	4-3-10-11-9-7	50	5527	276350
47	4	7	4-3-10-13-9-7	50	5540	277000
47	4	7	4-5-12-13-9-7	50	5968	298400
47	4	7	4-5-2-1-7	50	6036	301800
48	4	8	4-5-8	50	2940	147000
48	4	8	4-6-7-9-8	50	3002	150100
48	4	8	4-3-10-11-9-8	50	5292	264600
48	4	8	4-3-10-13-9-8	50	5305	265250
48	4	8	4-5-12-13-9-8	50	5733	286650
48	4	8	4-5-12-11-9-8	50	6583	329150
49	4	9	4-6-7-9	50	2460	123000
49	4	9	4-5-8-9	50	3482	174100
49	4	9	4-3-10-11-9	50	4750	237500
49	4	9	4-3-10-13-9	50	4763	238150
49	4	9	4-5-12-13-9	50	5191	259550
49	4	9	4-5-12-11-9	50	6041	302050
410	4	10	4-3-10	50	3464	173200
410	4	10	4-6-7-9-11-10	50	3746	187300
410	4	10	4-6-7-9-13-10	50	3759	187950
410	4	10	4-5-8-9-11-10	50	4768	238400
410	4	10	4-5-8-9-13-10	50	4781	239050
410	4	10	4-5-12-13-10	50	5022	251100
411	4	11	4-6-7-9-11	50	3451	172550
411	4	11	4-3-10-11	50	3759	187950
411	4	11	4-6-7-9-13-10-11	50	4054	202700
411	4	11	4-5-8-9-11	50	4473	223650
411	4	11	4-6-7-9-13-12-11	50	4809	240450
411	4	11	4-5-12-11	50	5050	252500
412	4	12	4-6-7-9-13-12	50	3705	185250
412	4	12	4-5-12	50	3946	197300
412	4	12	4-3-10-13-12	50	4540	227000
412	4	12	4-6-7-9-11-12	50	4555	227750
412	4	12	4-5-8-9-13-12	50	4727	236350
412	4	12	4-6-7-9-11-10-13-12	50	4822	241100
413	4	13	4-6-7-9-13	50	3194	159700
413	4	13	4-3-10-13	50	4029	201450
413	4	13	4-5-8-9-13	50	4216	210800
413	4	13	4-6-7-9-11-10-13	50	4311	215550
413	4	13	4-5-12-13	50	4457	222850
413	4	13	4-6-7-9-11-12-13	50	5066	253300
50	5	0	5-2-0	50	4397	219850
50	5	0	5-2-1-0	50	4489	224450
50	5	0	5-8-9-7-1-0	50	5176	258800
50	5	0	5-4-6-7-1-0	50	5922	296100
50	5	0	5-4-3-0	50	5923	296150
50	5	0	5-8-9-7-1-2-0	50	6624	331200
51	5	1	5-2-1	50	3143	157150
51	5	1	5-8-9-7-1	50	3830	191500
51	5	1	5-4-6-7-1	50	4576	228800
51	5	1	5-12-13-9-7-1	50	5539	276950
51	5	1	5-2-0-1	50	5743	287150
51	5	1	5-12-11-9-7-1	50	6389	319450
52	5	2	5-2	50	2373	118650
52	5	2	5-8-9-7-1-2	50	4600	230000
52	5	2	5-4-6-7-1-2	50	5346	267300
52	5	2	5-12-13-9-7-1-2	50	6309	315450
52	5	2	5-12-11-9-7-1-2	50	7159	357950
52	5	2	5-8-9-7-1-0-2	50	7200	360000
53	5	3	5-4-3	50	2509	125450
53	5	3	5-8-9-7-6-4-3	50	5129	256450
53	5	3	5-12-13-9-7-6-4-3	50	6838	341900
53	5	3	5-2-1-7-6-4-3	50	6906	345300
53	5	3	5-12-11-9-7-6-4-3	50	7688	384400
53	5	3	5-2-0-3	50	7811	390550
54	5	4	5-4	50	1661	83050
54	5	4	5-8-9-7-6-4	50	4281	214050
54	5	4	5-12-13-9-7-6-4	50	5990	299500
54	5	4	5-2-1-7-6-4	50	6058	302900
54	5	4	5-12-11-9-7-6-4	50	6840	342000
54	5	4	5-12-13-10-11-9-7-6-4	50	7107	355350
56	5	6	5-4-6	50	2466	123300
56	5	6	5-8-9-7-6	50	3476	173800
56	5	6	5-12-13-9-7-6	50	5185	259250
56	5	6	5-2-1-7-6	50	5253	262650
56	5	6	5-12-11-9-7-6	50	6035	301750
56	5	6	5-12-13-10-11-9-7-6	50	6302	315100
57	5	7	5-8-9-7	50	2598	129900
57	5	7	5-4-6-7	50	3344	167200
57	5	7	5-12-13-9-7	50	4307	215350
57	5	7	5-2-1-7	50	4375	218750
57	5	7	5-12-11-9-7	50	5157	257850
57	5	7	5-12-13-10-11-9-7	50	5424	271200
58	5	8	5-8	50	1279	63950
58	5	8	5-12-13-9-8	50	4072	203600
58	5	8	5-4-6-7-9-8	50	4663	233150
58	5	8	5-12-11-9-8	50	4922	246100
58	5	8	5-12-13-10-11-9-8	50	5189	259450
58	5	8	5-12-11-10-13-9-8	50	5525	276250
59	5	9	5-8-9	50	1821	91050
59	5	9	5-12-13-9	50	3530	176500
59	5	9	5-4-6-7-9	50	4121	206050
59	5	9	5-12-11-9	50	4380	219000
59	5	9	5-12-13-10-11-9	50	4647	232350
59	5	9	5-12-11-10-13-9	50	4983	249150
510	5	10	5-8-9-11-10	50	3107	155350
510	5	10	5-8-9-13-10	50	3120	156000
510	5	10	5-12-13-10	50	3361	168050
510	5	10	5-12-11-10	50	3684	184200
510	5	10	5-8-9-13-12-11-10	50	4465	223250
510	5	10	5-12-13-9-11-10	50	4816	240800
511	5	11	5-8-9-11	50	2812	140600
511	5	11	5-12-11	50	3389	169450
511	5	11	5-8-9-13-10-11	50	3415	170750
511	5	11	5-12-13-10-11	50	3656	182800
511	5	11	5-8-9-13-12-11	50	4170	208500
511	5	11	5-12-13-9-11	50	4521	226050
512	5	12	5-12	50	2285	114250
512	5	12	5-8-9-13-12	50	3066	153300
512	5	12	5-8-9-11-12	50	3916	195800
512	5	12	5-8-9-11-10-13-12	50	4183	209150
512	5	12	5-8-9-13-10-11-12	50	4519	225950
512	5	12	5-4-6-7-9-13-12	50	5366	268300
513	5	13	5-8-9-13	50	2555	127750
513	5	13	5-12-13	50	2796	139800
513	5	13	5-8-9-11-10-13	50	3672	183600
513	5	13	5-12-11-10-13	50	4249	212450
513	5	13	5-8-9-11-12-13	50	4427	221350
513	5	13	5-4-6-7-9-13	50	4855	242750
60	6	0	6-7-1-0	50	3456	172800
60	6	0	6-7-1-2-0	50	4904	245200
60	6	0	6-4-3-0	50	5067	253350
60	6	0	6-4-5-2-0	50	6863	343150
60	6	0	6-4-5-2-1-0	50	6955	347750
60	6	0	6-4-5-8-9-7-1-0	50	7642	382100
61	6	1	6-7-1	50	2110	105500
61	6	1	6-4-5-2-1	50	5609	280450
61	6	1	6-4-5-8-9-7-1	50	6296	314800
61	6	1	6-4-3-0-1	50	6413	320650
61	6	1	6-7-9-8-5-2-1	50	6619	330950
61	6	1	6-4-3-10-11-9-7-1	50	7564	378200
62	6	2	6-7-1-2	50	2880	144000
62	6	2	6-4-5-2	50	4839	241950
62	6	2	6-7-1-0-2	50	5480	274000
62	6	2	6-7-9-8-5-2	50	5849	292450
62	6	2	6-4-5-8-9-7-1-2	50	7066	353300
62	6	2	6-4-3-0-2	50	7091	354550
63	6	3	6-4-3	50	1653	82650
63	6	3	6-7-9-8-5-4-3	50	5985	299250
63	6	3	6-7-1-0-3	50	6870	343500
63	6	3	6-7-9-13-12-5-4-3	50	7694	384700
63	6	3	6-7-1-2-5-4-3	50	7762	388100
63	6	3	6-7-1-2-0-3	50	8318	415900
64	6	4	6-4	50	805	40250
64	6	4	6-7-9-8-5-4	50	5137	256850
64	6	4	6-7-9-13-12-5-4	50	6846	342300
64	6	4	6-7-1-2-5-4	50	6914	345700
64	6	4	6-7-9-11-12-5-4	50	7696	384800
64	6	4	6-7-1-0-3-4	50	7718	385900
65	6	5	6-4-5	50	2466	123300
65	6	5	6-7-9-8-5	50	3476	173800
65	6	5	6-7-9-13-12-5	50	5185	259250
65	6	5	6-7-1-2-5	50	5253	262650
65	6	5	6-7-9-11-12-5	50	6035	301750
65	6	5	6-7-9-11-10-13-12-5	50	6302	315100
67	6	7	6-7	50	878	43900
67	6	7	6-4-5-8-9-7	50	5064	253200
67	6	7	6-4-3-10-11-9-7	50	6332	316600
67	6	7	6-4-3-10-13-9-7	50	6345	317250
67	6	7	6-4-5-12-13-9-7	50	6773	338650
67	6	7	6-4-5-2-1-7	50	6841	342050
68	6	8	6-7-9-8	50	2197	109850
68	6	8	6-4-5-8	50	3745	187250
68	6	8	6-4-3-10-11-9-8	50	6097	304850
68	6	8	6-4-3-10-13-9-8	50	6110	305500
68	6	8	6-7-9-13-12-5-8	50	6464	323200
68	6	8	6-7-1-2-5-8	50	6532	326600
69	6	9	6-7-9	50	1655	82750
69	6	9	6-4-5-8-9	50	4287	214350
69	6	9	6-4-3-10-11-9	50	5555	277750
69	6	9	6-4-3-10-13-9	50	5568	278400
69	6	9	6-4-5-12-13-9	50	5996	299800
69	6	9	6-4-5-12-11-9	50	6846	342300
610	6	10	6-7-9-11-10	50	2941	147050
610	6	10	6-7-9-13-10	50	2954	147700
610	6	10	6-4-3-10	50	4269	213450
610	6	10	6-7-9-13-12-11-10	50	4299	214950
610	6	10	6-7-9-11-12-13-10	50	4826	241300
610	6	10	6-4-5-8-9-11-10	50	5573	278650
611	6	11	6-7-9-11	50	2646	132300
611	6	11	6-7-9-13-10-11	50	3249	162450
611	6	11	6-7-9-13-12-11	50	4004	200200
611	6	11	6-4-3-10-11	50	4564	228200
611	6	11	6-4-5-8-9-11	50	5278	263900
611	6	11	6-4-5-12-11	50	5855	292750
612	6	12	6-7-9-13-12	50	2900	145000
612	6	12	6-7-9-11-12	50	3750	187500
612	6	12	6-7-9-11-10-13-12	50	4017	200850
612	6	12	6-7-9-13-10-11-12	50	4353	217650
612	6	12	6-4-5-12	50	4751	237550
612	6	12	6-4-3-10-13-12	50	5345	267250
613	6	13	6-7-9-13	50	2389	119450
613	6	13	6-7-9-11-10-13	50	3506	175300
613	6	13	6-7-9-11-12-13	50	4261	213050
613	6	13	6-4-3-10-13	50	4834	241700
613	6	13	6-4-5-8-9-13	50	5021	251050
613	6	13	6-4-5-12-13	50	5262	263100
70	7	0	7-1-0	50	2578	128900
70	7	0	7-1-2-0	50	4026	201300
70	7	0	7-6-4-3-0	50	5945	297250
70	7	0	7-9-8-5-2-0	50	6995	349750
70	7	0	7-9-8-5-2-1-0	50	7087	354350
70	7	0	7-6-4-5-2-0	50	7741	387050
71	7	1	7-1	50	1232	61600
71	7	1	7-9-8-5-2-1	50	5741	287050
71	7	1	7-6-4-5-2-1	50	6487	324350
71	7	1	7-6-4-3-0-1	50	7291	364550
71	7	1	7-9-13-12-5-2-1	50	7450	372500
71	7	1	7-9-11-12-5-2-1	50	8300	415000
72	7	2	7-1-2	50	2002	100100
72	7	2	7-1-0-2	50	4602	230100
72	7	2	7-9-8-5-2	50	4971	248550
72	7	2	7-6-4-5-2	50	5717	285850
72	7	2	7-9-13-12-5-2	50	6680	334000
72	7	2	7-9-11-12-5-2	50	7530	376500
73	7	3	7-6-4-3	50	2531	126550
73	7	3	7-9-8-5-4-3	50	5107	255350
73	7	3	7-1-0-3	50	5992	299600
73	7	3	7-9-13-12-5-4-3	50	6816	340800
73	7	3	7-1-2-5-4-3	50	6884	344200
73	7	3	7-1-2-0-3	50	7440	372000
74	7	4	7-6-4	50	1683	84150
74	7	4	7-9-8-5-4	50	4259	212950
74	7	4	7-9-13-12-5-4	50	5968	298400
74	7	4	7-1-2-5-4	50	6036	301800
74	7	4	7-9-11-12-5-4	50	6818	340900
74	7	4	7-1-0-3-4	50	6840	342000
75	7	5	7-9-8-5	50	2598	129900
75	7	5	7-6-4-5	50	3344	167200
75	7	5	7-9-13-12-5	50	4307	215350
75	7	5	7-1-2-5	50	4375	218750
75	7	5	7-9-11-12-5	50	5157	257850
75	7	5	7-9-11-10-13-12-5	50	5424	271200
76	7	6	7-6	50	878	43900
76	7	6	7-9-8-5-4-6	50	5064	253200
76	7	6	7-9-13-12-5-4-6	50	6773	338650
76	7	6	7-1-2-5-4-6	50	6841	342050
76	7	6	7-9-11-12-5-4-6	50	7623	381150
76	7	6	7-1-0-3-4-6	50	7645	382250
78	7	8	7-9-8	50	1319	65950
78	7	8	7-6-4-5-8	50	4623	231150
78	7	8	7-9-13-12-5-8	50	5586	279300
78	7	8	7-1-2-5-8	50	5654	282700
78	7	8	7-9-11-12-5-8	50	6436	321800
78	7	8	7-9-11-10-13-12-5-8	50	6703	335150
79	7	9	7-9	50	777	38850
79	7	9	7-6-4-5-8-9	50	5165	258250
79	7	9	7-1-2-5-8-9	50	6196	309800
79	7	9	7-6-4-3-10-11-9	50	6433	321650
79	7	9	7-6-4-3-10-13-9	50	6446	322300
79	7	9	7-6-4-5-12-13-9	50	6874	343700
710	7	10	7-9-11-10	50	2063	103150
710	7	10	7-9-13-10	50	2076	103800
710	7	10	7-9-13-12-11-10	50	3421	171050
710	7	10	7-9-11-12-13-10	50	3948	197400
710	7	10	7-6-4-3-10	50	5147	257350
710	7	10	7-9-8-5-12-13-10	50	5959	297950
711	7	11	7-9-11	50	1768	88400
711	7	11	7-9-13-10-11	50	2371	118550
711	7	11	7-9-13-12-11	50	3126	156300
711	7	11	7-6-4-3-10-11	50	5442	272100
711	7	11	7-9-8-5-12-11	50	5987	299350
711	7	11	7-6-4-5-8-9-11	50	6156	307800
712	7	12	7-9-13-12	50	2022	101100
712	7	12	7-9-11-12	50	2872	143600
712	7	12	7-9-11-10-13-12	50	3139	156950
712	7	12	7-9-13-10-11-12	50	3475	173750
712	7	12	7-9-8-5-12	50	4883	244150
712	7	12	7-6-4-5-12	50	5629	281450
713	7	13	7-9-13	50	1511	75550
713	7	13	7-9-11-10-13	50	2628	131400
713	7	13	7-9-11-12-13	50	3383	169150
713	7	13	7-9-8-5-12-13	50	5394	269700
713	7	13	7-6-4-3-10-13	50	5712	285600
713	7	13	7-6-4-5-8-9-13	50	5899	294950
80	8	0	8-9-7-1-0	50	3897	194850
80	8	0	8-9-7-1-2-0	50	5345	267250
80	8	0	8-5-2-0	50	5676	283800
80	8	0	8-5-2-1-0	50	5768	288400
80	8	0	8-5-4-6-7-1-0	50	7201	360050
80	8	0	8-5-4-3-0	50	7202	360100
81	8	1	8-9-7-1	50	2551	127550
81	8	1	8-5-2-1	50	4422	221100
81	8	1	8-5-4-6-7-1	50	5855	292750
81	8	1	8-5-12-13-9-7-1	50	6818	340900
81	8	1	8-5-2-0-1	50	7022	351100
81	8	1	8-9-13-12-5-2-1	50	7215	360750
82	8	2	8-9-7-1-2	50	3321	166050
82	8	2	8-5-2	50	3652	182600
82	8	2	8-9-7-1-0-2	50	5921	296050
82	8	2	8-9-13-12-5-2	50	6445	322250
82	8	2	8-5-4-6-7-1-2	50	6625	331250
82	8	2	8-9-7-6-4-5-2	50	7036	351800
83	8	3	8-5-4-3	50	3788	189400
83	8	3	8-9-7-6-4-3	50	3850	192500
83	8	3	8-9-13-12-5-4-3	50	6581	329050
83	8	3	8-9-7-1-0-3	50	7311	365550
83	8	3	8-9-11-12-5-4-3	50	7431	371550
83	8	3	8-9-11-10-13-12-5-4-3	50	7698	384900
84	8	4	8-5-4	50	2940	147000
84	8	4	8-9-7-6-4	50	3002	150100
84	8	4	8-9-13-12-5-4	50	5733	286650
84	8	4	8-9-11-12-5-4	50	6583	329150
84	8	4	8-9-11-10-13-12-5-4	50	6850	342500
84	8	4	8-9-13-10-11-12-5-4	50	7186	359300
85	8	5	8-5	50	1279	63950
85	8	5	8-9-13-12-5	50	4072	203600
85	8	5	8-9-7-6-4-5	50	4663	233150
85	8	5	8-9-11-12-5	50	4922	246100
85	8	5	8-9-11-10-13-12-5	50	5189	259450
85	8	5	8-9-13-10-11-12-5	50	5525	276250
86	8	6	8-9-7-6	50	2197	109850
86	8	6	8-5-4-6	50	3745	187250
86	8	6	8-5-12-13-9-7-6	50	6464	323200
86	8	6	8-5-2-1-7-6	50	6532	326600
86	8	6	8-9-13-12-5-4-6	50	6538	326900
86	8	6	8-5-12-11-9-7-6	50	7314	365700
87	8	7	8-9-7	50	1319	65950
87	8	7	8-5-4-6-7	50	4623	231150
87	8	7	8-5-12-13-9-7	50	5586	279300
87	8	7	8-5-2-1-7	50	5654	282700
87	8	7	8-5-12-11-9-7	50	6436	321800
87	8	7	8-5-12-13-10-11-9-7	50	6703	335150
89	8	9	8-9	50	542	27100
89	8	9	8-5-12-13-9	50	4809	240450
89	8	9	8-5-4-6-7-9	50	5400	270000
89	8	9	8-5-12-11-9	50	5659	282950
89	8	9	8-5-12-13-10-11-9	50	5926	296300
89	8	9	8-5-12-11-10-13-9	50	6262	313100
810	8	10	8-9-11-10	50	1828	91400
810	8	10	8-9-13-10	50	1841	92050
810	8	10	8-9-13-12-11-10	50	3186	159300
810	8	10	8-9-11-12-13-10	50	3713	185650
810	8	10	8-5-12-13-10	50	4640	232000
810	8	10	8-5-12-11-10	50	4963	248150
811	8	11	8-9-11	50	1533	76650
811	8	11	8-9-13-10-11	50	2136	106800
811	8	11	8-9-13-12-11	50	2891	144550
811	8	11	8-5-12-11	50	4668	233400
811	8	11	8-5-12-13-10-11	50	4935	246750
811	8	11	8-5-12-13-9-11	50	5800	290000
812	8	12	8-9-13-12	50	1787	89350
812	8	12	8-9-11-12	50	2637	131850
812	8	12	8-9-11-10-13-12	50	2904	145200
812	8	12	8-9-13-10-11-12	50	3240	162000
812	8	12	8-5-12	50	3564	178200
812	8	12	8-5-4-6-7-9-13-12	50	6645	332250
813	8	13	8-9-13	50	1276	63800
813	8	13	8-9-11-10-13	50	2393	119650
813	8	13	8-9-11-12-13	50	3148	157400
813	8	13	8-5-12-13	50	4075	203750
813	8	13	8-5-12-11-10-13	50	5528	276400
813	8	13	8-5-4-6-7-9-13	50	6134	306700
90	9	0	9-7-1-0	50	3355	167750
90	9	0	9-7-1-2-0	50	4803	240150
90	9	0	9-8-5-2-0	50	6218	310900
90	9	0	9-8-5-2-1-0	50	6310	315500
90	9	0	9-7-6-4-3-0	50	6722	336100
90	9	0	9-8-5-4-6-7-1-0	50	7743	387150
91	9	1	9-7-1	50	2009	100450
91	9	1	9-8-5-2-1	50	4964	248200
91	9	1	9-8-5-4-6-7-1	50	6397	319850
91	9	1	9-13-12-5-2-1	50	6673	333650
91	9	1	9-7-6-4-5-2-1	50	7264	363200
91	9	1	9-11-12-5-2-1	50	7523	376150
92	9	2	9-7-1-2	50	2779	138950
92	9	2	9-8-5-2	50	4194	209700
92	9	2	9-7-1-0-2	50	5379	268950
92	9	2	9-13-12-5-2	50	5903	295150
92	9	2	9-7-6-4-5-2	50	6494	324700
92	9	2	9-11-12-5-2	50	6753	337650
93	9	3	9-7-6-4-3	50	3308	165400
93	9	3	9-8-5-4-3	50	4330	216500
93	9	3	9-13-12-5-4-3	50	6039	301950
93	9	3	9-7-1-0-3	50	6769	338450
93	9	3	9-11-12-5-4-3	50	6889	344450
93	9	3	9-11-10-13-12-5-4-3	50	7156	357800
94	9	4	9-7-6-4	50	2460	123000
94	9	4	9-8-5-4	50	3482	174100
94	9	4	9-13-12-5-4	50	5191	259550
94	9	4	9-11-12-5-4	50	6041	302050
94	9	4	9-11-10-13-12-5-4	50	6308	315400
94	9	4	9-13-10-11-12-5-4	50	6644	332200
95	9	5	9-8-5	50	1821	91050
95	9	5	9-13-12-5	50	3530	176500
95	9	5	9-7-6-4-5	50	4121	206050
95	9	5	9-11-12-5	50	4380	219000
95	9	5	9-11-10-13-12-5	50	4647	232350
95	9	5	9-13-10-11-12-5	50	4983	249150
96	9	6	9-7-6	50	1655	82750
96	9	6	9-8-5-4-6	50	4287	214350
96	9	6	9-13-12-5-4-6	50	5996	299800
96	9	6	9-11-12-5-4-6	50	6846	342300
96	9	6	9-8-5-2-1-7-6	50	7074	353700
96	9	6	9-11-10-13-12-5-4-6	50	7113	355650
97	9	7	9-7	50	777	38850
97	9	7	9-8-5-4-6-7	50	5165	258250
97	9	7	9-8-5-2-1-7	50	6196	309800
97	9	7	9-13-12-5-4-6-7	50	6874	343700
97	9	7	9-11-12-5-4-6-7	50	7724	386200
97	9	7	9-13-12-5-2-1-7	50	7905	395250
98	9	8	9-8	50	542	27100
98	9	8	9-13-12-5-8	50	4809	240450
98	9	8	9-7-6-4-5-8	50	5400	270000
98	9	8	9-11-12-5-8	50	5659	282950
98	9	8	9-11-10-13-12-5-8	50	5926	296300
98	9	8	9-13-10-11-12-5-8	50	6262	313100
910	9	10	9-11-10	50	1286	64300
910	9	10	9-13-10	50	1299	64950
910	9	10	9-13-12-11-10	50	2644	132200
910	9	10	9-11-12-13-10	50	3171	158550
910	9	10	9-8-5-12-13-10	50	5182	259100
910	9	10	9-8-5-12-11-10	50	5505	275250
911	9	11	9-11	50	991	49550
911	9	11	9-13-10-11	50	1594	79700
911	9	11	9-13-12-11	50	2349	117450
911	9	11	9-8-5-12-11	50	5210	260500
911	9	11	9-8-5-12-13-10-11	50	5477	273850
911	9	11	9-7-6-4-3-10-11	50	6219	310950
912	9	12	9-13-12	50	1245	62250
912	9	12	9-11-12	50	2095	104750
912	9	12	9-11-10-13-12	50	2362	118100
912	9	12	9-13-10-11-12	50	2698	134900
912	9	12	9-8-5-12	50	4106	205300
912	9	12	9-7-6-4-5-12	50	6406	320300
913	9	13	9-13	50	734	36700
913	9	13	9-11-10-13	50	1851	92550
913	9	13	9-11-12-13	50	2606	130300
913	9	13	9-8-5-12-13	50	4617	230850
913	9	13	9-8-5-12-11-10-13	50	6070	303500
913	9	13	9-7-6-4-3-10-13	50	6489	324450
100	10	0	10-11-9-7-1-0	50	4641	232050
100	10	0	10-13-9-7-1-0	50	4654	232700
100	10	0	10-11-12-13-9-7-1-0	50	5999	299950
100	10	0	10-11-9-7-1-2-0	50	6089	304450
100	10	0	10-13-9-7-1-2-0	50	6102	305100
100	10	0	10-13-12-11-9-7-1-0	50	6526	326300
101	10	1	10-11-9-7-1	50	3295	164750
101	10	1	10-13-9-7-1	50	3308	165400
101	10	1	10-11-12-13-9-7-1	50	4653	232650
101	10	1	10-13-12-11-9-7-1	50	5180	259000
101	10	1	10-11-9-8-5-2-1	50	6250	312500
101	10	1	10-13-9-8-5-2-1	50	6263	313150
102	10	2	10-11-9-7-1-2	50	4065	203250
102	10	2	10-13-9-7-1-2	50	4078	203900
102	10	2	10-11-12-13-9-7-1-2	50	5423	271150
102	10	2	10-11-9-8-5-2	50	5480	274000
102	10	2	10-13-9-8-5-2	50	5493	274650
102	10	2	10-13-12-5-2	50	5734	286700
103	10	3	10-11-9-7-6-4-3	50	4594	229700
103	10	3	10-13-9-7-6-4-3	50	4607	230350
103	10	3	10-11-9-8-5-4-3	50	5616	280800
103	10	3	10-13-9-8-5-4-3	50	5629	281450
103	10	3	10-13-12-5-4-3	50	5870	293500
103	10	3	10-11-12-13-9-7-6-4-3	50	5952	297600
104	10	4	10-11-9-7-6-4	50	3746	187300
104	10	4	10-13-9-7-6-4	50	3759	187950
104	10	4	10-11-9-8-5-4	50	4768	238400
104	10	4	10-13-9-8-5-4	50	4781	239050
104	10	4	10-13-12-5-4	50	5022	251100
104	10	4	10-11-12-13-9-7-6-4	50	5104	255200
105	10	5	10-11-9-8-5	50	3107	155350
105	10	5	10-13-9-8-5	50	3120	156000
105	10	5	10-13-12-5	50	3361	168050
105	10	5	10-11-12-5	50	3684	184200
105	10	5	10-11-12-13-9-8-5	50	4465	223250
105	10	5	10-11-9-13-12-5	50	4816	240800
106	10	6	10-11-9-7-6	50	2941	147050
106	10	6	10-13-9-7-6	50	2954	147700
106	10	6	10-11-12-13-9-7-6	50	4299	214950
106	10	6	10-13-12-11-9-7-6	50	4826	241300
106	10	6	10-11-9-8-5-4-6	50	5573	278650
106	10	6	10-13-9-8-5-4-6	50	5586	279300
107	10	7	10-11-9-7	50	2063	103150
107	10	7	10-13-9-7	50	2076	103800
107	10	7	10-11-12-13-9-7	50	3421	171050
107	10	7	10-13-12-11-9-7	50	3948	197400
107	10	7	10-13-12-5-8-9-7	50	5959	297950
107	10	7	10-11-12-5-8-9-7	50	6282	314100
108	10	8	10-11-9-8	50	1828	91400
108	10	8	10-13-9-8	50	1841	92050
108	10	8	10-11-12-13-9-8	50	3186	159300
108	10	8	10-13-12-11-9-8	50	3713	185650
108	10	8	10-13-12-5-8	50	4640	232000
108	10	8	10-11-12-5-8	50	4963	248150
109	10	9	10-11-9	50	1286	64300
109	10	9	10-13-9	50	1299	64950
109	10	9	10-11-12-13-9	50	2644	132200
109	10	9	10-13-12-11-9	50	3171	158550
109	10	9	10-13-12-5-8-9	50	5182	259100
109	10	9	10-11-12-5-8-9	50	5505	275250
1011	10	11	10-11	50	295	14750
1011	10	11	10-13-12-11	50	2180	109000
1011	10	11	10-13-9-11	50	2290	114500
1011	10	11	10-13-12-5-8-9-11	50	6173	308650
1011	10	11	10-13-9-8-5-12-11	50	6509	325450
1011	10	11	10-13-12-5-4-6-7-9-11	50	8473	423650
1012	10	12	10-13-12	50	1076	53800
1012	10	12	10-11-12	50	1399	69950
1012	10	12	10-11-9-13-12	50	2531	126550
1012	10	12	10-13-9-11-12	50	3394	169700
1012	10	12	10-11-9-8-5-12	50	5392	269600
1012	10	12	10-13-9-8-5-12	50	5405	270250
1013	10	13	10-13	50	565	28250
1013	10	13	10-11-12-13	50	1910	95500
1013	10	13	10-11-9-13	50	2020	101000
1013	10	13	10-11-9-8-5-12-13	50	5903	295150
1013	10	13	10-11-12-5-8-9-13	50	6239	311950
1013	10	13	10-11-9-7-6-4-5-12-13	50	8203	410150
110	11	0	11-9-7-1-0	50	4346	217300
110	11	0	11-10-13-9-7-1-0	50	4949	247450
110	11	0	11-12-13-9-7-1-0	50	5704	285200
110	11	0	11-9-7-1-2-0	50	5794	289700
110	11	0	11-10-13-9-7-1-2-0	50	6397	319850
110	11	0	11-12-13-9-7-1-2-0	50	7152	357600
111	11	1	11-9-7-1	50	3000	150000
111	11	1	11-10-13-9-7-1	50	3603	180150
111	11	1	11-12-13-9-7-1	50	4358	217900
111	11	1	11-9-8-5-2-1	50	5955	297750
111	11	1	11-12-5-2-1	50	6532	326600
111	11	1	11-10-13-9-8-5-2-1	50	6558	327900
112	11	2	11-9-7-1-2	50	3770	188500
112	11	2	11-10-13-9-7-1-2	50	4373	218650
112	11	2	11-12-13-9-7-1-2	50	5128	256400
112	11	2	11-9-8-5-2	50	5185	259250
112	11	2	11-12-5-2	50	5762	288100
112	11	2	11-10-13-9-8-5-2	50	5788	289400
113	11	3	11-9-7-6-4-3	50	4299	214950
113	11	3	11-10-13-9-7-6-4-3	50	4902	245100
113	11	3	11-9-8-5-4-3	50	5321	266050
113	11	3	11-12-13-9-7-6-4-3	50	5657	282850
113	11	3	11-12-5-4-3	50	5898	294900
113	11	3	11-10-13-9-8-5-4-3	50	5924	296200
114	11	4	11-9-7-6-4	50	3451	172550
114	11	4	11-10-13-9-7-6-4	50	4054	202700
114	11	4	11-9-8-5-4	50	4473	223650
114	11	4	11-12-13-9-7-6-4	50	4809	240450
114	11	4	11-12-5-4	50	5050	252500
114	11	4	11-10-13-9-8-5-4	50	5076	253800
115	11	5	11-9-8-5	50	2812	140600
115	11	5	11-12-5	50	3389	169450
115	11	5	11-10-13-9-8-5	50	3415	170750
115	11	5	11-10-13-12-5	50	3656	182800
115	11	5	11-12-13-9-8-5	50	4170	208500
115	11	5	11-9-13-12-5	50	4521	226050
116	11	6	11-9-7-6	50	2646	132300
116	11	6	11-10-13-9-7-6	50	3249	162450
116	11	6	11-12-13-9-7-6	50	4004	200200
116	11	6	11-9-8-5-4-6	50	5278	263900
116	11	6	11-12-5-4-6	50	5855	292750
116	11	6	11-10-13-9-8-5-4-6	50	5881	294050
117	11	7	11-9-7	50	1768	88400
117	11	7	11-10-13-9-7	50	2371	118550
117	11	7	11-12-13-9-7	50	3126	156300
117	11	7	11-12-5-8-9-7	50	5987	299350
117	11	7	11-9-8-5-4-6-7	50	6156	307800
117	11	7	11-10-13-12-5-8-9-7	50	6254	312700
118	11	8	11-9-8	50	1533	76650
118	11	8	11-10-13-9-8	50	2136	106800
118	11	8	11-12-13-9-8	50	2891	144550
118	11	8	11-12-5-8	50	4668	233400
118	11	8	11-10-13-12-5-8	50	4935	246750
118	11	8	11-9-13-12-5-8	50	5800	290000
119	11	9	11-9	50	991	49550
119	11	9	11-10-13-9	50	1594	79700
119	11	9	11-12-13-9	50	2349	117450
119	11	9	11-12-5-8-9	50	5210	260500
119	11	9	11-10-13-12-5-8-9	50	5477	273850
119	11	9	11-12-5-4-6-7-9	50	7510	375500
1110	11	10	11-10	50	295	14750
1110	11	10	11-12-13-10	50	2180	109000
1110	11	10	11-9-13-10	50	2290	114500
1110	11	10	11-9-8-5-12-13-10	50	6173	308650
1110	11	10	11-12-5-8-9-13-10	50	6509	325450
1110	11	10	11-9-7-6-4-3-10	50	6915	345750
1112	11	12	11-12	50	1104	55200
1112	11	12	11-10-13-12	50	1371	68550
1112	11	12	11-9-13-12	50	2236	111800
1112	11	12	11-9-8-5-12	50	5097	254850
1112	11	12	11-10-13-9-8-5-12	50	5700	285000
1112	11	12	11-9-7-6-4-5-12	50	7397	369850
1113	11	13	11-10-13	50	860	43000
1113	11	13	11-12-13	50	1615	80750
1113	11	13	11-9-13	50	1725	86250
1113	11	13	11-9-8-5-12-13	50	5608	280400
1113	11	13	11-12-5-8-9-13	50	5944	297200
1113	11	13	11-9-7-6-4-3-10-13	50	7480	374000
120	12	0	12-13-9-7-1-0	50	4600	230000
120	12	0	12-11-9-7-1-0	50	5450	272500
120	12	0	12-13-10-11-9-7-1-0	50	5717	285850
120	12	0	12-13-9-7-1-2-0	50	6048	302400
120	12	0	12-11-10-13-9-7-1-0	50	6053	302650
120	12	0	12-5-2-0	50	6682	334100
121	12	1	12-13-9-7-1	50	3254	162700
121	12	1	12-11-9-7-1	50	4104	205200
121	12	1	12-13-10-11-9-7-1	50	4371	218550
121	12	1	12-11-10-13-9-7-1	50	4707	235350
121	12	1	12-5-2-1	50	5428	271400
121	12	1	12-5-8-9-7-1	50	6115	305750
122	12	2	12-13-9-7-1-2	50	4024	201200
122	12	2	12-5-2	50	4658	232900
122	12	2	12-11-9-7-1-2	50	4874	243700
122	12	2	12-13-10-11-9-7-1-2	50	5141	257050
122	12	2	12-13-9-8-5-2	50	5439	271950
122	12	2	12-11-10-13-9-7-1-2	50	5477	273850
123	12	3	12-13-9-7-6-4-3	50	4553	227650
123	12	3	12-5-4-3	50	4794	239700
123	12	3	12-11-9-7-6-4-3	50	5403	270150
123	12	3	12-13-9-8-5-4-3	50	5575	278750
123	12	3	12-13-10-11-9-7-6-4-3	50	5670	283500
123	12	3	12-11-10-13-9-7-6-4-3	50	6006	300300
124	12	4	12-13-9-7-6-4	50	3705	185250
124	12	4	12-5-4	50	3946	197300
124	12	4	12-11-9-7-6-4	50	4555	227750
124	12	4	12-13-9-8-5-4	50	4727	236350
124	12	4	12-13-10-11-9-7-6-4	50	4822	241100
124	12	4	12-11-10-13-9-7-6-4	50	5158	257900
125	12	5	12-5	50	2285	114250
125	12	5	12-13-9-8-5	50	3066	153300
125	12	5	12-11-9-8-5	50	3916	195800
125	12	5	12-13-10-11-9-8-5	50	4183	209150
125	12	5	12-11-10-13-9-8-5	50	4519	225950
125	12	5	12-13-9-7-6-4-5	50	5366	268300
126	12	6	12-13-9-7-6	50	2900	145000
126	12	6	12-11-9-7-6	50	3750	187500
126	12	6	12-13-10-11-9-7-6	50	4017	200850
126	12	6	12-11-10-13-9-7-6	50	4353	217650
126	12	6	12-5-4-6	50	4751	237550
126	12	6	12-13-9-8-5-4-6	50	5532	276600
127	12	7	12-13-9-7	50	2022	101100
127	12	7	12-11-9-7	50	2872	143600
127	12	7	12-13-10-11-9-7	50	3139	156950
127	12	7	12-11-10-13-9-7	50	3475	173750
127	12	7	12-5-8-9-7	50	4883	244150
127	12	7	12-5-4-6-7	50	5629	281450
128	12	8	12-13-9-8	50	1787	89350
128	12	8	12-11-9-8	50	2637	131850
128	12	8	12-13-10-11-9-8	50	2904	145200
128	12	8	12-11-10-13-9-8	50	3240	162000
128	12	8	12-5-8	50	3564	178200
128	12	8	12-13-9-7-6-4-5-8	50	6645	332250
129	12	9	12-13-9	50	1245	62250
129	12	9	12-11-9	50	2095	104750
129	12	9	12-13-10-11-9	50	2362	118100
129	12	9	12-11-10-13-9	50	2698	134900
129	12	9	12-5-8-9	50	4106	205300
129	12	9	12-5-4-6-7-9	50	6406	320300
1210	12	10	12-13-10	50	1076	53800
1210	12	10	12-11-10	50	1399	69950
1210	12	10	12-13-9-11-10	50	2531	126550
1210	12	10	12-11-9-13-10	50	3394	169700
1210	12	10	12-5-8-9-11-10	50	5392	269600
1210	12	10	12-5-8-9-13-10	50	5405	270250
1211	12	11	12-11	50	1104	55200
1211	12	11	12-13-10-11	50	1371	68550
1211	12	11	12-13-9-11	50	2236	111800
1211	12	11	12-5-8-9-11	50	5097	254850
1211	12	11	12-5-8-9-13-10-11	50	5700	285000
1211	12	11	12-5-4-6-7-9-11	50	7397	369850
1213	12	13	12-13	50	511	25550
1213	12	13	12-11-10-13	50	1964	98200
1213	12	13	12-11-9-13	50	2829	141450
1213	12	13	12-5-8-9-13	50	4840	242000
1213	12	13	12-5-8-9-11-10-13	50	5957	297850
1213	12	13	12-5-4-6-7-9-13	50	7140	357000
130	13	0	13-9-7-1-0	50	4089	204450
130	13	0	13-10-11-9-7-1-0	50	5206	260300
130	13	0	13-9-7-1-2-0	50	5537	276850
130	13	0	13-12-11-9-7-1-0	50	5961	298050
130	13	0	13-10-11-9-7-1-2-0	50	6654	332700
130	13	0	13-9-8-5-2-0	50	6952	347600
131	13	1	13-9-7-1	50	2743	137150
131	13	1	13-10-11-9-7-1	50	3860	193000
131	13	1	13-12-11-9-7-1	50	4615	230750
131	13	1	13-9-8-5-2-1	50	5698	284900
131	13	1	13-12-5-2-1	50	5939	296950
131	13	1	13-12-5-8-9-7-1	50	6626	331300
132	13	2	13-9-7-1-2	50	3513	175650
132	13	2	13-10-11-9-7-1-2	50	4630	231500
132	13	2	13-9-8-5-2	50	4928	246400
132	13	2	13-12-5-2	50	5169	258450
132	13	2	13-12-11-9-7-1-2	50	5385	269250
132	13	2	13-10-11-9-8-5-2	50	6045	302250
133	13	3	13-9-7-6-4-3	50	4042	202100
133	13	3	13-9-8-5-4-3	50	5064	253200
133	13	3	13-10-11-9-7-6-4-3	50	5159	257950
133	13	3	13-12-5-4-3	50	5305	265250
133	13	3	13-12-11-9-7-6-4-3	50	5914	295700
133	13	3	13-10-11-9-8-5-4-3	50	6181	309050
134	13	4	13-9-7-6-4	50	3194	159700
134	13	4	13-9-8-5-4	50	4216	210800
134	13	4	13-10-11-9-7-6-4	50	4311	215550
134	13	4	13-12-5-4	50	4457	222850
134	13	4	13-12-11-9-7-6-4	50	5066	253300
134	13	4	13-10-11-9-8-5-4	50	5333	266650
135	13	5	13-9-8-5	50	2555	127750
135	13	5	13-12-5	50	2796	139800
135	13	5	13-10-11-9-8-5	50	3672	183600
135	13	5	13-10-11-12-5	50	4249	212450
135	13	5	13-12-11-9-8-5	50	4427	221350
135	13	5	13-9-7-6-4-5	50	4855	242750
136	13	6	13-9-7-6	50	2389	119450
136	13	6	13-10-11-9-7-6	50	3506	175300
136	13	6	13-12-11-9-7-6	50	4261	213050
136	13	6	13-9-8-5-4-6	50	5021	251050
136	13	6	13-12-5-4-6	50	5262	263100
136	13	6	13-10-11-9-8-5-4-6	50	6138	306900
137	13	7	13-9-7	50	1511	75550
137	13	7	13-10-11-9-7	50	2628	131400
137	13	7	13-12-11-9-7	50	3383	169150
137	13	7	13-12-5-8-9-7	50	5394	269700
137	13	7	13-9-8-5-4-6-7	50	5899	294950
137	13	7	13-12-5-4-6-7	50	6140	307000
138	13	8	13-9-8	50	1276	63800
138	13	8	13-10-11-9-8	50	2393	119650
138	13	8	13-12-11-9-8	50	3148	157400
138	13	8	13-12-5-8	50	4075	203750
138	13	8	13-10-11-12-5-8	50	5528	276400
138	13	8	13-9-7-6-4-5-8	50	6134	306700
139	13	9	13-9	50	734	36700
139	13	9	13-10-11-9	50	1851	92550
139	13	9	13-12-11-9	50	2606	130300
139	13	9	13-12-5-8-9	50	4617	230850
139	13	9	13-10-11-12-5-8-9	50	6070	303500
139	13	9	13-12-5-4-6-7-9	50	6917	345850
1310	13	10	13-10	50	565	28250
1310	13	10	13-12-11-10	50	1910	95500
1310	13	10	13-9-11-10	50	2020	101000
1310	13	10	13-12-5-8-9-11-10	50	5903	295150
1310	13	10	13-9-8-5-12-11-10	50	6239	311950
1310	13	10	13-9-7-6-4-3-10	50	6658	332900
1311	13	11	13-10-11	50	860	43000
1311	13	11	13-12-11	50	1615	80750
1311	13	11	13-9-11	50	1725	86250
1311	13	11	13-12-5-8-9-11	50	5608	280400
1311	13	11	13-9-8-5-12-11	50	5944	297200
1311	13	11	13-9-7-6-4-3-10-11	50	6953	347650
1312	13	12	13-12	50	511	25550
1312	13	12	13-10-11-12	50	1964	98200
1312	13	12	13-9-11-12	50	2829	141450
1312	13	12	13-9-8-5-12	50	4840	242000
1312	13	12	13-10-11-9-8-5-12	50	5957	297850
1312	13	12	13-9-7-6-4-5-12	50	7140	357000
