01	0	1	0-1	99	1	99
01	0	1	0-2-1	99	2	198
01	0	1	0-2-5-4-3-1	99	5	495
02	0	2	0-2	111	1	111
02	0	2	0-1-2	111	2	222
02	0	2	0-1-3-4-5-2	111	5	555
03	0	3	0-1-3	105	2	210
03	0	3	0-2-1-3	105	3	315
03	0	3	0-2-5-4-3	105	4	420
04	0	4	0-1-3-4	19	3	57
04	0	4	0-2-5-4	19	3	57
04	0	4	0-2-1-3-4	19	4	76
05	0	5	0-2-5	84	2	168
05	0	5	0-1-2-5	84	3	252
05	0	5	0-1-3-4-5	84	4	336
06	0	6	0-2-5-6	7	3	21
06	0	6	0-1-7-6	7	3	21
06	0	6	0-1-2-5-6	7	4	28
07	0	7	0-1-7	2	2	4
07	0	7	0-2-1-7	2	3	6
07	0	7	0-2-5-6-7	2	4	8
08	0	8	0-1-7-8	83	3	249
08	0	8	0-2-1-7-8	83	4	332
08	0	8	0-2-5-6-7-8	83	5	415
09	0	9	0-1-7-9	119	3	357
09	0	9	0-2-1-7-9	119	4	476
09	0	9	0-2-5-6-7-9	119	5	595
010	0	10	0-2-5-10	9	3	27
010	0	10	0-1-2-5-10	9	4	36
010	0	10	0-1-3-4-5-10	9	5	45
011	0	11	0-1-7-8-11	58	4	232
011	0	11	0-2-1-7-8-11	58	5	290
011	0	11	0-2-5-6-7-8-11	58	6	348
012	0	12	0-1-7-8-11-12	81	5	405
012	0	12	0-2-1-7-8-11-12	81	6	486
012	0	12	0-1-7-9-14-13-12	81	6	486
013	0	13	0-1-7-9-14-13	123	5	615
013	0	13	0-1-7-8-11-12-13	123	6	738
013	0	13	0-2-1-7-9-14-13	123	6	738
014	0	14	0-1-7-9-14	113	4	452
014	0	14	0-2-5-10-15-14	113	5	565
014	0	14	0-2-1-7-9-14	113	5	565
015	0	15	0-2-5-10-15	129	4	516
015	0	15	0-1-7-9-14-15	129	5	645
015	0	15	0-1-2-5-10-15	129	5	645
016	0	16	0-1-7-8-11-12-16	58	6	348
016	0	16	0-2-1-7-8-11-12-16	58	7	406
016	0	16	0-1-7-9-14-13-12-16	58	7	406
017	0	17	0-2-5-10-15-17	113	5	565
017	0	17	0-1-7-9-14-15-17	113	6	678
017	0	17	0-1-2-5-10-15-17	113	6	678
018	0	18	0-1-7-8-11-12-16-18	14	7	98
018	0	18	0-2-1-7-8-11-12-16-18	14	8	112
018	0	18	0-2-5-10-15-17-19-20-18	14	8	112
019	0	19	0-2-5-10-15-17-19	136	6	816
019	0	19	0-1-7-9-14-15-17-19	136	7	952
019	0	19	0-1-2-5-10-15-17-19	136	7	952
020	0	20	0-2-5-10-15-17-19-20	103	7	721
020	0	20	0-1-7-8-11-12-16-18-20	103	8	824
020	0	20	0-1-2-5-10-15-17-19-20	103	8	824
10	1	0	1-0	42	1	42
10	1	0	1-2-0	42	2	84
10	1	0	1-3-4-5-2-0	42	5	210
12	1	2	1-2	149	1	149
12	1	2	1-0-2	149	2	298
12	1	2	1-3-4-5-2	149	4	596
13	1	3	1-3	77	1	77
13	1	3	1-2-5-4-3	77	4	308
13	1	3	1-0-2-5-4-3	77	5	385
14	1	4	1-3-4	1	2	2
14	1	4	1-2-5-4	1	3	3
14	1	4	1-0-2-5-4	1	4	4
15	1	5	1-2-5	13	2	26
15	1	5	1-0-2-5	13	3	39
15	1	5	1-7-6-5	13	3	39
16	1	6	1-7-6	71	2	142
16	1	6	1-2-5-6	71	3	213
16	1	6	1-0-2-5-6	71	4	284
17	1	7	1-7	131	1	131
17	1	7	1-2-5-6-7	131	4	524
17	1	7	1-0-2-5-6-7	131	5	655
18	1	8	1-7-8	67	2	134
18	1	8	1-2-5-6-7-8	67	5	335
18	1	8	1-0-2-5-6-7-8	67	6	402
19	1	9	1-7-9	118	2	236
19	1	9	1-2-5-6-7-9	118	5	590
19	1	9	1-2-5-10-15-14-9	118	6	708
110	1	10	1-2-5-10	27	3	81
110	1	10	1-0-2-5-10	27	4	108
110	1	10	1-7-6-5-10	27	4	108
111	1	11	1-7-8-11	148	3	444
111	1	11	1-7-9-14-13-12-11	148	6	888
111	1	11	1-2-5-6-7-8-11	148	6	888
112	1	12	1-7-8-11-12	37	4	148
112	1	12	1-7-9-14-13-12	37	5	185
112	1	12	1-2-5-6-7-8-11-12	37	7	259
113	1	13	1-7-9-14-13	56	4	224
113	1	13	1-7-8-11-12-13	56	5	280
113	1	13	1-2-5-10-15-14-13	56	6	336
114	1	14	1-7-9-14	76	3	228
114	1	14	1-2-5-10-15-14	76	5	380
114	1	14	1-7-8-11-12-13-14	76	6	456
115	1	15	1-7-9-14-15	42	4	168
115	1	15	1-2-5-10-15	42	4	168
115	1	15	1-0-2-5-10-15	42	5	210
116	1	16	1-7-8-11-12-16	110	5	550
116	1	16	1-7-9-14-13-12-16	110	6	660
116	1	16	1-2-5-6-7-8-11-12-16	110	8	880
117	1	17	1-7-9-14-15-17	98	5	490
117	1	17	1-2-5-10-15-17	98	5	490
117	1	17	1-0-2-5-10-15-17	98	6	588
118	1	18	1-7-8-11-12-16-18	73	6	438
118	1	18	1-7-9-14-13-12-16-18	73	7	511
118	1	18	1-7-9-14-15-17-19-20-18	73	8	584
119	1	19	1-7-9-14-15-17-19	102	6	612
119	1	19	1-2-5-10-15-17-19	102	6	612
119	1	19	1-0-2-5-10-15-17-19	102	7	714
120	1	20	1-7-8-11-12-16-18-20	125	7	875
120	1	20	1-2-5-10-15-17-19-20	125	7	875
120	1	20	1-7-9-14-15-17-19-20	125	7	875
20	2	0	2-0	95	1	95
20	2	0	2-1-0	95	2	190
20	2	0	2-5-4-3-1-0	95	5	475
21	2	1	2-1	47	1	47
21	2	1	2-0-1	47	2	94
21	2	1	2-5-4-3-1	47	4	188
23	2	3	2-1-3	30	2	60
23	2	3	2-0-1-3	30	3	90
23	2	3	2-5-4-3	30	3	90
24	2	4	2-5-4	75	2	150
24	2	4	2-1-3-4	75	3	225
24	2	4	2-0-1-3-4	75	4	300
25	2	5	2-5	83	1	83
25	2	5	2-1-3-4-5	83	4	332
25	2	5	2-1-7-6-5	83	4	332
26	2	6	2-5-6	57	2	114
26	2	6	2-1-7-6	57	3	171
26	2	6	2-0-1-7-6	57	4	228
27	2	7	2-1-7	28	2	56
27	2	7	2-0-1-7	28	3	84
27	2	7	2-5-6-7	28	3	84
28	2	8	2-1-7-8	8	3	24
28	2	8	2-0-1-7-8	8	4	32
28	2	8	2-5-6-7-8	8	4	32
29	2	9	2-1-7-9	145	3	435
29	2	9	2-0-1-7-9	145	4	580
29	2	9	2-5-6-7-9	145	4	580
210	2	10	2-5-10	48	2	96
210	2	10	2-1-3-4-5-10	48	5	240
210	2	10	2-1-7-6-5-10	48	5	240
211	2	11	2-1-7-8-11	44	4	176
211	2	11	2-0-1-7-8-11	44	5	220
211	2	11	2-5-6-7-8-11	44	5	220
212	2	12	2-1-7-8-11-12	90	5	450
212	2	12	2-0-1-7-8-11-12	90	6	540
212	2	12	2-1-7-9-14-13-12	90	6	540
213	2	13	2-5-10-15-14-13	144	5	720
213	2	13	2-1-7-9-14-13	144	5	720
213	2	13	2-1-7-8-11-12-13	144	6	864
214	2	14	2-5-10-15-14	103	4	412
214	2	14	2-1-7-9-14	103	4	412
214	2	14	2-0-1-7-9-14	103	5	515
215	2	15	2-5-10-15	117	3	351
215	2	15	2-1-7-9-14-15	117	5	585
215	2	15	2-0-1-7-9-14-15	117	6	702
216	2	16	2-1-7-8-11-12-16	64	6	384
216	2	16	2-0-1-7-8-11-12-16	64	7	448
216	2	16	2-1-7-9-14-13-12-16	64	7	448
217	2	17	2-5-10-15-17	14	4	56
217	2	17	2-1-7-9-14-15-17	14	6	84
217	2	17	2-0-1-7-9-14-15-17	14	7	98
218	2	18	2-1-7-8-11-12-16-18	128	7	896
218	2	18	2-5-10-15-17-19-20-18	128	7	896
218	2	18	2-0-1-7-8-11-12-16-18	128	8	1024
219	2	19	2-5-10-15-17-19	9	5	45
219	2	19	2-1-7-9-14-15-17-19	9	7	63
219	2	19	2-0-1-7-9-14-15-17-19	9	8	72
220	2	20	2-5-10-15-17-19-20	71	6	426
220	2	20	2-1-7-8-11-12-16-18-20	71	8	568
220	2	20	2-1-7-9-14-15-17-19-20	71	8	568
30	3	0	3-1-0	55	2	110
30	3	0	3-1-2-0	55	3	165
30	3	0	3-4-5-2-0	55	4	220
31	3	1	3-1	32	1	32
31	3	1	3-4-5-2-1	32	4	128
31	3	1	3-4-5-2-0-1	32	5	160
32	3	2	3-1-2	96	2	192
32	3	2	3-1-0-2	96	3	288
32	3	2	3-4-5-2	96	3	288
34	3	4	3-4	127	1	127
34	3	4	3-1-2-5-4	127	4	508
34	3	4	3-1-0-2-5-4	127	5	635
35	3	5	3-4-5	31	2	62
35	3	5	3-1-2-5	31	3	93
35	3	5	3-1-0-2-5	31	4	124
36	3	6	3-4-5-6	104	3	312
36	3	6	3-1-7-6	104	3	312
36	3	6	3-1-2-5-6	104	4	416
37	3	7	3-1-7	40	2	80
37	3	7	3-4-5-6-7	40	4	160
37	3	7	3-4-5-2-1-7	40	5	200
38	3	8	3-1-7-8	135	3	405
38	3	8	3-4-5-6-7-8	135	5	675
38	3	8	3-4-5-2-1-7-8	135	6	810
39	3	9	3-1-7-9	142	3	426
39	3	9	3-4-5-6-7-9	142	5	710
39	3	9	3-4-5-10-15-14-9	142	6	852
310	3	10	3-4-5-10	12	3	36
310	3	10	3-1-2-5-10	12	4	48
310	3	10	3-1-0-2-5-10	12	5	60
311	3	11	3-1-7-8-11	137	4	548
311	3	11	3-4-5-6-7-8-11	137	6	822
311	3	11	3-1-7-9-14-13-12-11	137	7	959
312	3	12	3-1-7-8-11-12	131	5	655
312	3	12	3-1-7-9-14-13-12	131	6	786
312	3	12	3-4-5-6-7-8-11-12	131	7	917
313	3	13	3-1-7-9-14-13	47	5	235
313	3	13	3-1-7-8-11-12-13	47	6	282
313	3	13	3-4-5-10-15-14-13	47	6	282
314	3	14	3-1-7-9-14	2	4	8
314	3	14	3-4-5-10-15-14	2	5	10
314	3	14	3-1-2-5-10-15-14	2	6	12
315	3	15	3-4-5-10-15	125	4	500
315	3	15	3-1-7-9-14-15	125	5	625
315	3	15	3-1-2-5-10-15	125	5	625
316	3	16	3-1-7-8-11-12-16	60	6	360
316	3	16	3-1-7-9-14-13-12-16	60	7	420
316	3	16	3-4-5-6-7-8-11-12-16	60	8	480
317	3	17	3-4-5-10-15-17	87	5	435
317	3	17	3-1-7-9-14-15-17	87	6	522
317	3	17	3-1-2-5-10-15-17	87	6	522
318	3	18	3-1-7-8-11-12-16-18	63	7	441
318	3	18	3-1-7-9-14-13-12-16-18	63	8	504
318	3	18	3-4-5-10-15-17-19-20-18	63	8	504
319	3	19	3-4-5-10-15-17-19	147	6	882
319	3	19	3-1-7-9-14-15-17-19	147	7	1029
319	3	19	3-1-2-5-10-15-17-19	147	7	1029
320	3	20	3-4-5-10-15-17-19-20	106	7	742
320	3	20	3-1-7-8-11-12-16-18-20	106	8	848
320	3	20	3-1-2-5-10-15-17-19-20	106	8	848
40	4	0	4-3-1-0	102	3	306
40	4	0	4-5-2-0	102	3	306
40	4	0	4-5-2-1-0	102	4	408
41	4	1	4-3-1	75	2	150
41	4	1	4-5-2-1	75	3	225
41	4	1	4-5-2-0-1	75	4	300
42	4	2	4-5-2	84	2	168
42	4	2	4-3-1-2	84	3	252
42	4	2	4-3-1-0-2	84	4	336
43	4	3	4-3	143	1	143
43	4	3	4-5-2-1-3	143	4	572
43	4	3	4-5-2-0-1-3	143	5	715
45	4	5	4-5	64	1	64
45	4	5	4-3-1-2-5	64	4	256
45	4	5	4-3-1-0-2-5	64	5	320
46	4	6	4-5-6	67	2	134
46	4	6	4-3-1-7-6	67	4	268
46	4	6	4-3-1-2-5-6	67	5	335
47	4	7	4-3-1-7	55	3	165
47	4	7	4-5-6-7	55	3	165
47	4	7	4-5-2-1-7	55	4	220
48	4	8	4-3-1-7-8	15	4	60
48	4	8	4-5-6-7-8	15	4	60
48	4	8	4-5-2-1-7-8	15	5	75
49	4	9	4-3-1-7-9	7	4	28
49	4	9	4-5-6-7-9	7	4	28
49	4	9	4-5-10-15-14-9	7	5	35
410	4	10	4-5-10	113	2	226
410	4	10	4-3-1-2-5-10	113	5	565
410	4	10	4-3-1-0-2-5-10	113	6	678
411	4	11	4-3-1-7-8-11	32	5	160
411	4	11	4-5-6-7-8-11	32	5	160
411	4	11	4-5-2-1-7-8-11	32	6	192
412	4	12	4-3-1-7-8-11-12	62	6	372
412	4	12	4-5-10-15-14-13-12	62	6	372
412	4	12	4-5-6-7-8-11-12	62	6	372
413	4	13	4-5-10-15-14-13	1	5	5
413	4	13	4-3-1-7-9-14-13	1	6	6
413	4	13	4-5-6-7-9-14-13	1	6	6
414	4	14	4-5-10-15-14	83	4	332
414	4	14	4-3-1-7-9-14	83	5	415
414	4	14	4-5-6-7-9-14	83	5	415
415	4	15	4-5-10-15	49	3	147
415	4	15	4-3-1-7-9-14-15	49	6	294
415	4	15	4-3-1-2-5-10-15	49	6	294
416	4	16	4-3-1-7-8-11-12-16	142	7	994
416	4	16	4-5-10-15-14-13-12-16	142	7	994
416	4	16	4-5-6-7-8-11-12-16	142	7	994
417	4	17	4-5-10-15-17	124	4	496
417	4	17	4-3-1-7-9-14-15-17	124	7	868
417	4	17	4-3-1-2-5-10-15-17	124	7	868
418	4	18	4-5-10-15-17-19-20-18	106	7	742
418	4	18	4-3-1-7-8-11-12-16-18	106	8	848
418	4	18	4-5-6-7-8-11-12-16-18	106	8	848
419	4	19	4-5-10-15-17-19	93	5	465
419	4	19	4-3-1-7-9-14-15-17-19	93	8	744
419	4	19	4-3-1-2-5-10-15-17-19	93	8	744
420	4	20	4-5-10-15-17-19-20	2	6	12
420	4	20	4-3-1-7-8-11-12-16-18-20	2	9	18
420	4	20	4-3-1-2-5-10-15-17-19-20	2	9	18
50	5	0	5-2-0	86	2	172
50	5	0	5-2-1-0	86	3	258
50	5	0	5-4-3-1-0	86	4	344
51	5	1	5-2-1	22	2	44
51	5	1	5-2-0-1	22	3	66
51	5	1	5-6-7-1	22	3	66
52	5	2	5-2	121	1	121
52	5	2	5-4-3-1-2	121	4	484
52	5	2	5-6-7-1-2	121	4	484
53	5	3	5-4-3	122	2	244
53	5	3	5-2-1-3	122	3	366
53	5	3	5-2-0-1-3	122	4	488
54	5	4	5-4	11	1	11
54	5	4	5-2-1-3-4	11	4	44
54	5	4	5-2-0-1-3-4	11	5	55
56	5	6	5-6	58	1	58
56	5	6	5-2-1-7-6	58	4	232
56	5	6	5-2-0-1-7-6	58	5	290
57	5	7	5-6-7	65	2	130
57	5	7	5-2-1-7	65	3	195
57	5	7	5-2-0-1-7	65	4	260
58	5	8	5-6-7-8	147	3	441
58	5	8	5-2-1-7-8	147	4	588
58	5	8	5-2-0-1-7-8	147	5	735
59	5	9	5-6-7-9	137	3	411
59	5	9	5-10-15-14-9	137	4	548
59	5	9	5-2-1-7-9	137	4	548
510	5	10	5-10	98	1	98
510	5	10	5-6-7-9-14-15-10	98	6	588
510	5	10	5-2-1-7-9-14-15-10	98	7	686
511	5	11	5-6-7-8-11	71	4	284
511	5	11	5-2-1-7-8-11	71	5	355
511	5	11	5-10-15-14-13-12-11	71	6	426
512	5	12	5-6-7-8-11-12	29	5	145
512	5	12	5-10-15-14-13-12	29	5	145
512	5	12	5-2-1-7-8-11-12	29	6	174
513	5	13	5-10-15-14-13	14	4	56
513	5	13	5-6-7-9-14-13	14	5	70
513	5	13	5-6-7-8-11-12-13	14	6	84
514	5	14	5-10-15-14	25	3	75
514	5	14	5-6-7-9-14	25	4	100
514	5	14	5-2-1-7-9-14	25	5	125
515	5	15	5-10-15	30	2	60
515	5	15	5-6-7-9-14-15	30	5	150
515	5	15	5-2-1-7-9-14-15	30	6	180
516	5	16	5-6-7-8-11-12-16	85	6	510
516	5	16	5-10-15-14-13-12-16	85	6	510
516	5	16	5-2-1-7-8-11-12-16	85	7	595
517	5	17	5-10-15-17	51	3	153
517	5	17	5-6-7-9-14-15-17	51	6	306
517	5	17	5-2-1-7-9-14-15-17	51	7	357
518	5	18	5-10-15-17-19-20-18	134	6	804
518	5	18	5-6-7-8-11-12-16-18	134	7	938
518	5	18	5-10-15-14-13-12-16-18	134	7	938
519	5	19	5-10-15-17-19	115	4	460
519	5	19	5-6-7-9-14-15-17-19	115	7	805
519	5	19	5-2-1-7-9-14-15-17-19	115	8	920
520	5	20	5-10-15-17-19-20	108	5	540
520	5	20	5-6-7-8-11-12-16-18-20	108	8	864
520	5	20	5-6-7-9-14-15-17-19-20	108	8	864
60	6	0	6-7-1-0	139	3	417
60	6	0	6-5-2-0	139	3	417
60	6	0	6-5-2-1-0	139	4	556
61	6	1	6-7-1	27	2	54
61	6	1	6-5-2-1	27	3	81
61	6	1	6-5-2-0-1	27	4	108
62	6	2	6-5-2	48	2	96
62	6	2	6-7-1-2	48	3	144
62	6	2	6-7-1-0-2	48	4	192
63	6	3	6-7-1-3	14	3	42
63	6	3	6-5-4-3	14	3	42
63	6	3	6-5-2-1-3	14	4	56
64	6	4	6-5-4	26	2	52
64	6	4	6-7-1-3-4	26	4	104
64	6	4	6-5-2-1-3-4	26	5	130
65	6	5	6-5	22	1	22
65	6	5	6-7-1-2-5	22	4	88
65	6	5	6-7-1-0-2-5	22	5	110
67	6	7	6-7	115	1	115
67	6	7	6-5-2-1-7	115	4	460
67	6	7	6-5-2-0-1-7	115	5	575
68	6	8	6-7-8	18	2	36
68	6	8	6-5-2-1-7-8	18	5	90
68	6	8	6-5-2-0-1-7-8	18	6	108
69	6	9	6-7-9	98	2	196
69	6	9	6-5-10-15-14-9	98	5	490
69	6	9	6-5-2-1-7-9	98	5	490
610	6	10	6-5-10	25	2	50
610	6	10	6-7-9-14-15-10	25	5	125
610	6	10	6-7-1-2-5-10	25	5	125
611	6	11	6-7-8-11	9	3	27
611	6	11	6-7-9-14-13-12-11	9	6	54
611	6	11	6-5-2-1-7-8-11	9	6	54
612	6	12	6-7-8-11-12	1	4	4
612	6	12	6-7-9-14-13-12	1	5	5
612	6	12	6-5-10-15-14-13-12	1	6	6
613	6	13	6-7-9-14-13	86	4	344
613	6	13	6-7-8-11-12-13	86	5	430
613	6	13	6-5-10-15-14-13	86	5	430
614	6	14	6-7-9-14	146	3	438
614	6	14	6-5-10-15-14	146	4	584
614	6	14	6-7-8-11-12-13-14	146	6	876
615	6	15	6-5-10-15	147	3	441
615	6	15	6-7-9-14-15	147	4	588
615	6	15	6-7-1-2-5-10-15	147	6	882
616	6	16	6-7-8-11-12-16	50	5	250
616	6	16	6-7-9-14-13-12-16	50	6	300
616	6	16	6-5-10-15-14-13-12-16	50	7	350
617	6	17	6-5-10-15-17	69	4	276
617	6	17	6-7-9-14-15-17	69	5	345
617	6	17	6-7-1-2-5-10-15-17	69	7	483
618	6	18	6-7-8-11-12-16-18	53	6	318
618	6	18	6-7-9-14-13-12-16-18	53	7	371
618	6	18	6-5-10-15-17-19-20-18	53	7	371
619	6	19	6-5-10-15-17-19	64	5	320
619	6	19	6-7-9-14-15-17-19	64	6	384
619	6	19	6-7-1-2-5-10-15-17-19	64	8	512
620	6	20	6-5-10-15-17-19-20	119	6	714
620	6	20	6-7-8-11-12-16-18-20	119	7	833
620	6	20	6-7-9-14-15-17-19-20	119	7	833
70	7	0	7-1-0	26	2	52
70	7	0	7-1-2-0	26	3	78
70	7	0	7-6-5-2-0	26	4	104
71	7	1	7-1	17	1	17
71	7	1	7-6-5-2-1	17	4	68
71	7	1	7-6-5-2-0-1	17	5	85
72	7	2	7-1-2	4	2	8
72	7	2	7-1-0-2	4	3	12
72	7	2	7-6-5-2	4	3	12
73	7	3	7-1-3	90	2	180
73	7	3	7-6-5-4-3	90	4	360
73	7	3	7-6-5-2-1-3	90	5	450
74	7	4	7-1-3-4	40	3	120
74	7	4	7-6-5-4	40	3	120
74	7	4	7-1-2-5-4	40	4	160
75	7	5	7-6-5	102	2	204
75	7	5	7-1-2-5	102	3	306
75	7	5	7-1-0-2-5	102	4	408
76	7	6	7-6	29	1	29
76	7	6	7-1-2-5-6	29	4	116
76	7	6	7-1-0-2-5-6	29	5	145
78	7	8	7-8	83	1	83
78	7	8	7-9-14-13-12-11-8	83	6	498
78	7	8	7-6-5-10-15-14-13-12-11-8	83	9	747
79	7	9	7-9	70	1	70
79	7	9	7-8-11-12-13-14-9	70	6	420
79	7	9	7-6-5-10-15-14-9	70	6	420
710	7	10	7-6-5-10	90	3	270
710	7	10	7-9-14-15-10	90	4	360
710	7	10	7-1-2-5-10	90	4	360
711	7	11	7-8-11	134	2	268
711	7	11	7-9-14-13-12-11	134	5	670
711	7	11	7-6-5-10-15-14-13-12-11	134	8	1072
712	7	12	7-8-11-12	132	3	396
712	7	12	7-9-14-13-12	132	4	528
712	7	12	7-6-5-10-15-14-13-12	132	7	924
713	7	13	7-9-14-13	136	3	408
713	7	13	7-8-11-12-13	136	4	544
713	7	13	7-6-5-10-15-14-13	136	6	816
714	7	14	7-9-14	37	2	74
714	7	14	7-8-11-12-13-14	37	5	185
714	7	14	7-6-5-10-15-14	37	5	185
715	7	15	7-9-14-15	81	3	243
715	7	15	7-6-5-10-15	81	4	324
715	7	15	7-1-2-5-10-15	81	5	405
716	7	16	7-8-11-12-16	60	4	240
716	7	16	7-9-14-13-12-16	60	5	300
716	7	16	7-6-5-10-15-14-13-12-16	60	8	480
717	7	17	7-9-14-15-17	72	4	288
717	7	17	7-6-5-10-15-17	72	5	360
717	7	17	7-1-2-5-10-15-17	72	6	432
718	7	18	7-8-11-12-16-18	37	5	185
718	7	18	7-9-14-13-12-16-18	37	6	222
718	7	18	7-9-14-15-17-19-20-18	37	7	259
719	7	19	7-9-14-15-17-19	6	5	30
719	7	19	7-6-5-10-15-17-19	6	6	36
719	7	19	7-1-2-5-10-15-17-19	6	7	42
720	7	20	7-8-11-12-16-18-20	74	6	444
720	7	20	7-9-14-15-17-19-20	74	6	444
720	7	20	7-9-14-13-12-16-18-20	74	7	518
80	8	0	8-7-1-0	114	3	342
80	8	0	8-7-1-2-0	114	4	456
80	8	0	8-7-6-5-2-0	114	5	570
81	8	1	8-7-1	19	2	38
81	8	1	8-7-6-5-2-1	19	5	95
81	8	1	8-7-6-5-2-0-1	19	6	114
82	8	2	8-7-1-2	3	3	9
82	8	2	8-7-1-0-2	3	4	12
82	8	2	8-7-6-5-2	3	4	12
83	8	3	8-7-1-3	81	3	243
83	8	3	8-7-6-5-4-3	81	5	405
83	8	3	8-7-6-5-2-1-3	81	6	486
84	8	4	8-7-1-3-4	86	4	344
84	8	4	8-7-6-5-4	86	4	344
84	8	4	8-7-1-2-5-4	86	5	430
85	8	5	8-7-6-5	125	3	375
85	8	5	8-7-1-2-5	125	4	500
85	8	5	8-7-1-0-2-5	125	5	625
86	8	6	8-7-6	138	2	276
86	8	6	8-7-1-2-5-6	138	5	690
86	8	6	8-7-1-0-2-5-6	138	6	828
87	8	7	8-7	8	1	8
87	8	7	8-11-12-13-14-9-7	8	6	48
87	8	7	8-11-12-13-14-15-10-5-6-7	8	9	72
89	8	9	8-7-9	132	2	264
89	8	9	8-11-12-13-14-9	132	5	660
89	8	9	8-7-6-5-10-15-14-9	132	7	924
810	8	10	8-7-6-5-10	42	4	168
810	8	10	8-7-9-14-15-10	42	5	210
810	8	10	8-7-1-2-5-10	42	5	210
811	8	11	8-11	138	1	138
811	8	11	8-7-9-14-13-12-11	138	6	828
811	8	11	8-7-6-5-10-15-14-13-12-11	138	9	1242
812	8	12	8-11-12	1	2	2
812	8	12	8-7-9-14-13-12	1	5	5
812	8	12	8-7-6-5-10-15-14-13-12	1	8	8
813	8	13	8-11-12-13	149	3	447
813	8	13	8-7-9-14-13	149	4	596
813	8	13	8-7-6-5-10-15-14-13	149	7	1043
814	8	14	8-7-9-14	9	3	27
814	8	14	8-11-12-13-14	9	4	36
814	8	14	8-7-6-5-10-15-14	9	6	54
815	8	15	8-7-9-14-15	76	4	304
815	8	15	8-11-12-13-14-15	76	5	380
815	8	15	8-7-6-5-10-15	76	5	380
816	8	16	8-11-12-16	65	3	195
816	8	16	8-7-9-14-13-12-16	65	6	390
816	8	16	8-7-6-5-10-15-14-13-12-16	65	9	585
817	8	17	8-7-9-14-15-17	51	5	255
817	8	17	8-11-12-13-14-15-17	51	6	306
817	8	17	8-7-6-5-10-15-17	51	6	306
818	8	18	8-11-12-16-18	56	4	224
818	8	18	8-7-9-14-13-12-16-18	56	7	392
818	8	18	8-7-9-14-15-17-19-20-18	56	8	448
819	8	19	8-7-9-14-15-17-19	31	6	186
819	8	19	8-11-12-16-18-20-19	31	6	186
819	8	19	8-11-12-13-14-15-17-19	31	7	217
820	8	20	8-11-12-16-18-20	56	5	280
820	8	20	8-7-9-14-15-17-19-20	56	7	392
820	8	20	8-7-9-14-13-12-16-18-20	56	8	448
90	9	0	9-7-1-0	44	3	132
90	9	0	9-7-1-2-0	44	4	176
90	9	0	9-7-6-5-2-0	44	5	220
91	9	1	9-7-1	4	2	8
91	9	1	9-7-6-5-2-1	4	5	20
91	9	1	9-7-6-5-2-0-1	4	6	24
92	9	2	9-7-1-2	80	3	240
92	9	2	9-7-1-0-2	80	4	320
92	9	2	9-7-6-5-2	80	4	320
93	9	3	9-7-1-3	67	3	201
93	9	3	9-7-6-5-4-3	67	5	335
93	9	3	9-7-6-5-2-1-3	67	6	402
94	9	4	9-7-1-3-4	36	4	144
94	9	4	9-7-6-5-4	36	4	144
94	9	4	9-7-1-2-5-4	36	5	180
95	9	5	9-7-6-5	117	3	351
95	9	5	9-7-1-2-5	117	4	468
95	9	5	9-14-15-10-5	117	4	468
96	9	6	9-7-6	9	2	18
96	9	6	9-7-1-2-5-6	9	5	45
96	9	6	9-14-15-10-5-6	9	5	45
97	9	7	9-7	148	1	148
97	9	7	9-14-15-10-5-6-7	148	6	888
97	9	7	9-14-13-12-11-8-7	148	6	888
98	9	8	9-7-8	69	2	138
98	9	8	9-14-13-12-11-8	69	5	345
98	9	8	9-14-15-10-5-6-7-8	69	7	483
910	9	10	9-14-15-10	71	3	213
910	9	10	9-7-6-5-10	71	4	284
910	9	10	9-7-1-2-5-10	71	5	355
911	9	11	9-7-8-11	106	3	318
911	9	11	9-14-13-12-11	106	4	424
911	9	11	9-14-15-10-5-6-7-8-11	106	8	848
912	9	12	9-14-13-12	133	3	399
912	9	12	9-7-8-11-12	133	4	532
912	9	12	9-7-6-5-10-15-14-13-12	133	8	1064
913	9	13	9-14-13	106	2	212
913	9	13	9-7-8-11-12-13	106	5	530
913	9	13	9-7-6-5-10-15-14-13	106	7	742
914	9	14	9-14	35	1	35
914	9	14	9-7-8-11-12-13-14	35	6	210
914	9	14	9-7-6-5-10-15-14	35	6	210
915	9	15	9-14-15	127	2	254
915	9	15	9-7-6-5-10-15	127	5	635
915	9	15	9-7-1-2-5-10-15	127	6	762
916	9	16	9-14-13-12-16	111	4	444
916	9	16	9-7-8-11-12-16	111	5	555
916	9	16	9-14-15-17-19-20-18-16	111	7	777
917	9	17	9-14-15-17	17	3	51
917	9	17	9-7-6-5-10-15-17	17	6	102
917	9	17	9-7-1-2-5-10-15-17	17	7	119
918	9	18	9-14-13-12-16-18	16	5	80
918	9	18	9-7-8-11-12-16-18	16	6	96
918	9	18	9-14-15-17-19-20-18	16	6	96
919	9	19	9-14-15-17-19	135	4	540
919	9	19	9-7-6-5-10-15-17-19	135	7	945
919	9	19	9-14-13-12-16-18-20-19	135	7	945
920	9	20	9-14-15-17-19-20	47	5	235
920	9	20	9-14-13-12-16-18-20	47	6	282
920	9	20	9-7-8-11-12-16-18-20	47	7	329
100	10	0	10-5-2-0	92	3	276
100	10	0	10-5-2-1-0	92	4	368
100	10	0	10-5-4-3-1-0	92	5	460
101	10	1	10-5-2-1	43	3	129
101	10	1	10-5-2-0-1	43	4	172
101	10	1	10-5-6-7-1	43	4	172
102	10	2	10-5-2	48	2	96
102	10	2	10-5-4-3-1-2	48	5	240
102	10	2	10-5-6-7-1-2	48	5	240
103	10	3	10-5-4-3	25	3	75
103	10	3	10-5-2-1-3	25	4	100
103	10	3	10-5-2-0-1-3	25	5	125
104	10	4	10-5-4	47	2	94
104	10	4	10-5-2-1-3-4	47	5	235
104	10	4	10-5-2-0-1-3-4	47	6	282
105	10	5	10-5	12	1	12
105	10	5	10-15-14-9-7-6-5	12	6	72
105	10	5	10-15-14-9-7-1-2-5	12	7	84
106	10	6	10-5-6	70	2	140
106	10	6	10-5-2-1-7-6	70	5	350
106	10	6	10-15-14-9-7-6	70	5	350
107	10	7	10-5-6-7	16	3	48
107	10	7	10-5-2-1-7	16	4	64
107	10	7	10-15-14-9-7	16	4	64
108	10	8	10-5-6-7-8	55	4	220
108	10	8	10-5-2-1-7-8	55	5	275
108	10	8	10-15-14-9-7-8	55	5	275
109	10	9	10-15-14-9	49	3	147
109	10	9	10-5-6-7-9	49	4	196
109	10	9	10-5-2-1-7-9	49	5	245
1011	10	11	10-15-14-13-12-11	66	5	330
1011	10	11	10-5-6-7-8-11	66	5	330
1011	10	11	10-5-2-1-7-8-11	66	6	396
1012	10	12	10-15-14-13-12	54	4	216
1012	10	12	10-5-6-7-8-11-12	54	6	324
1012	10	12	10-5-2-1-7-8-11-12	54	7	378
1013	10	13	10-15-14-13	134	3	402
1013	10	13	10-5-6-7-9-14-13	134	6	804
1013	10	13	10-5-6-7-8-11-12-13	134	7	938
1014	10	14	10-15-14	51	2	102
1014	10	14	10-5-6-7-9-14	51	5	255
1014	10	14	10-5-2-1-7-9-14	51	6	306
1015	10	15	10-15	145	1	145
1015	10	15	10-5-6-7-9-14-15	145	6	870
1015	10	15	10-5-2-1-7-9-14-15	145	7	1015
1016	10	16	10-15-14-13-12-16	140	5	700
1016	10	16	10-15-17-19-20-18-16	140	6	840
1016	10	16	10-5-6-7-8-11-12-16	140	7	980
1017	10	17	10-15-17	105	2	210
1017	10	17	10-5-6-7-9-14-15-17	105	7	735
1017	10	17	10-5-2-1-7-9-14-15-17	105	8	840
1018	10	18	10-15-17-19-20-18	126	5	630
1018	10	18	10-15-14-13-12-16-18	126	6	756
1018	10	18	10-5-6-7-8-11-12-16-18	126	8	1008
1019	10	19	10-15-17-19	45	3	135
1019	10	19	10-5-6-7-9-14-15-17-19	45	8	360
1019	10	19	10-15-14-13-12-16-18-20-19	45	8	360
1020	10	20	10-15-17-19-20	143	4	572
1020	10	20	10-15-14-13-12-16-18-20	143	7	1001
1020	10	20	10-5-6-7-8-11-12-16-18-20	143	9	1287
110	11	0	11-8-7-1-0	111	4	444
110	11	0	11-8-7-1-2-0	111	5	555
110	11	0	11-8-7-6-5-2-0	111	6	666
111	11	1	11-8-7-1	15	3	45
111	11	1	11-8-7-6-5-2-1	15	6	90
111	11	1	11-12-13-14-9-7-1	15	6	90
112	11	2	11-8-7-1-2	30	4	120
112	11	2	11-8-7-1-0-2	30	5	150
112	11	2	11-8-7-6-5-2	30	5	150
113	11	3	11-8-7-1-3	21	4	84
113	11	3	11-8-7-6-5-4-3	21	6	126
113	11	3	11-8-7-6-5-2-1-3	21	7	147
114	11	4	11-8-7-1-3-4	106	5	530
114	11	4	11-8-7-6-5-4	106	5	530
114	11	4	11-8-7-1-2-5-4	106	6	636
115	11	5	11-8-7-6-5	136	4	544
115	11	5	11-8-7-1-2-5	136	5	680
115	11	5	11-8-7-1-0-2-5	136	6	816
116	11	6	11-8-7-6	58	3	174
116	11	6	11-8-7-1-2-5-6	58	6	348
116	11	6	11-12-13-14-9-7-6	58	6	348
117	11	7	11-8-7	141	2	282
117	11	7	11-12-13-14-9-7	141	5	705
117	11	7	11-12-13-14-15-10-5-6-7	141	8	1128
118	11	8	11-8	130	1	130
118	11	8	11-12-13-14-9-7-8	130	6	780
118	11	8	11-12-13-14-15-10-5-6-7-8	130	9	1170
119	11	9	11-8-7-9	51	3	153
119	11	9	11-12-13-14-9	51	4	204
119	11	9	11-8-7-6-5-10-15-14-9	51	8	408
1110	11	10	11-12-13-14-15-10	128	5	640
1110	11	10	11-8-7-6-5-10	128	5	640
1110	11	10	11-8-7-9-14-15-10	128	6	768
1112	11	12	11-12	149	1	149
1112	11	12	11-8-7-9-14-13-12	149	6	894
1112	11	12	11-8-7-6-5-10-15-14-13-12	149	9	1341
1113	11	13	11-12-13	81	2	162
1113	11	13	11-8-7-9-14-13	81	5	405
1113	11	13	11-8-7-6-5-10-15-14-13	81	8	648
1114	11	14	11-12-13-14	81	3	243
1114	11	14	11-8-7-9-14	81	4	324
1114	11	14	11-8-7-6-5-10-15-14	81	7	567
1115	11	15	11-12-13-14-15	18	4	72
1115	11	15	11-8-7-9-14-15	18	5	90
1115	11	15	11-8-7-6-5-10-15	18	6	108
1116	11	16	11-12-16	85	2	170
1116	11	16	11-8-7-9-14-13-12-16	85	7	595
1116	11	16	11-12-13-14-15-17-19-20-18-16	85	9	765
1117	11	17	11-12-13-14-15-17	63	5	315
1117	11	17	11-8-7-9-14-15-17	63	6	378
1117	11	17	11-12-16-18-20-19-17	63	6	378
1118	11	18	11-12-16-18	68	3	204
1118	11	18	11-8-7-9-14-13-12-16-18	68	8	544
1118	11	18	11-12-13-14-15-17-19-20-18	68	8	544
1119	11	19	11-12-16-18-20-19	142	5	710
1119	11	19	11-12-13-14-15-17-19	142	6	852
1119	11	19	11-8-7-9-14-15-17-19	142	7	994
1120	11	20	11-12-16-18-20	106	4	424
1120	11	20	11-12-13-14-15-17-19-20	106	7	742
1120	11	20	11-8-7-9-14-15-17-19-20	106	8	848
120	12	0	12-11-8-7-1-0	144	5	720
120	12	0	12-13-14-9-7-1-0	144	6	864
120	12	0	12-11-8-7-1-2-0	144	6	864
121	12	1	12-11-8-7-1	105	4	420
121	12	1	12-13-14-9-7-1	105	5	525
121	12	1	12-11-8-7-6-5-2-1	105	7	735
122	12	2	12-11-8-7-1-2	125	5	625
122	12	2	12-11-8-7-1-0-2	125	6	750
122	12	2	12-13-14-15-10-5-2	125	6	750
123	12	3	12-11-8-7-1-3	14	5	70
123	12	3	12-13-14-9-7-1-3	14	6	84
123	12	3	12-11-8-7-6-5-4-3	14	7	98
124	12	4	12-11-8-7-1-3-4	94	6	564
124	12	4	12-13-14-15-10-5-4	94	6	564
124	12	4	12-11-8-7-6-5-4	94	6	564
125	12	5	12-11-8-7-6-5	35	5	175
125	12	5	12-13-14-15-10-5	35	5	175
125	12	5	12-11-8-7-1-2-5	35	6	210
126	12	6	12-11-8-7-6	136	4	544
126	12	6	12-13-14-9-7-6	136	5	680
126	12	6	12-13-14-15-10-5-6	136	6	816
127	12	7	12-11-8-7	2	3	6
127	12	7	12-13-14-9-7	2	4	8
127	12	7	12-13-14-15-10-5-6-7	2	7	14
128	12	8	12-11-8	133	2	266
128	12	8	12-13-14-9-7-8	133	5	665
128	12	8	12-13-14-15-10-5-6-7-8	133	8	1064
129	12	9	12-13-14-9	72	3	216
129	12	9	12-11-8-7-9	72	4	288
129	12	9	12-16-18-20-19-17-15-14-9	72	8	576
1210	12	10	12-13-14-15-10	79	4	316
1210	12	10	12-11-8-7-6-5-10	79	6	474
1210	12	10	12-11-8-7-9-14-15-10	79	7	553
1211	12	11	12-11	47	1	47
1211	12	11	12-13-14-9-7-8-11	47	6	282
1211	12	11	12-13-14-15-10-5-6-7-8-11	47	9	423
1213	12	13	12-13	41	1	41
1213	12	13	12-11-8-7-9-14-13	41	6	246
1213	12	13	12-16-18-20-19-17-15-14-13	41	8	328
1214	12	14	12-13-14	19	2	38
1214	12	14	12-11-8-7-9-14	19	5	95
1214	12	14	12-16-18-20-19-17-15-14	19	7	133
1215	12	15	12-13-14-15	112	3	336
1215	12	15	12-11-8-7-9-14-15	112	6	672
1215	12	15	12-16-18-20-19-17-15	112	6	672
1216	12	16	12-16	97	1	97
1216	12	16	12-13-14-15-17-19-20-18-16	97	8	776
1216	12	16	12-11-8-7-9-14-15-17-19-20-18-16	97	11	1067
1217	12	17	12-13-14-15-17	37	4	148
1217	12	17	12-16-18-20-19-17	37	5	185
1217	12	17	12-11-8-7-9-14-15-17	37	7	259
1218	12	18	12-16-18	30	2	60
1218	12	18	12-13-14-15-17-19-20-18	30	7	210
1218	12	18	12-11-8-7-9-14-15-17-19-20-18	30	10	300
1219	12	19	12-16-18-20-19	8	4	32
1219	12	19	12-13-14-15-17-19	8	5	40
1219	12	19	12-11-8-7-9-14-15-17-19	8	8	64
1220	12	20	12-16-18-20	17	3	51
1220	12	20	12-13-14-15-17-19-20	17	6	102
1220	12	20	12-11-8-7-9-14-15-17-19-20	17	9	153
130	13	0	13-14-9-7-1-0	129	5	645
130	13	0	13-12-11-8-7-1-0	129	6	774
130	13	0	13-14-15-10-5-2-0	129	6	774
131	13	1	13-14-9-7-1	29	4	116
131	13	1	13-12-11-8-7-1	29	5	145
131	13	1	13-14-15-10-5-2-1	29	6	174
132	13	2	13-14-9-7-1-2	81	5	405
132	13	2	13-14-15-10-5-2	81	5	405
132	13	2	13-14-9-7-1-0-2	81	6	486
133	13	3	13-14-9-7-1-3	35	5	175
133	13	3	13-12-11-8-7-1-3	35	6	210
133	13	3	13-14-15-10-5-4-3	35	6	210
134	13	4	13-14-15-10-5-4	46	5	230
134	13	4	13-14-9-7-1-3-4	46	6	276
134	13	4	13-14-9-7-6-5-4	46	6	276
135	13	5	13-14-15-10-5	52	4	208
135	13	5	13-14-9-7-6-5	52	5	260
135	13	5	13-14-9-7-1-2-5	52	6	312
136	13	6	13-14-9-7-6	89	4	356
136	13	6	13-14-15-10-5-6	89	5	445
136	13	6	13-12-11-8-7-6	89	5	445
137	13	7	13-14-9-7	2	3	6
137	13	7	13-12-11-8-7	2	4	8
137	13	7	13-14-15-10-5-6-7	2	6	12
138	13	8	13-12-11-8	49	3	147
138	13	8	13-14-9-7-8	49	4	196
138	13	8	13-14-15-10-5-6-7-8	49	7	343
139	13	9	13-14-9	139	2	278
139	13	9	13-12-11-8-7-9	139	5	695
139	13	9	13-14-15-10-5-6-7-9	139	7	973
1310	13	10	13-14-15-10	30	3	90
1310	13	10	13-14-9-7-6-5-10	30	6	180
1310	13	10	13-14-9-7-1-2-5-10	30	7	210
1311	13	11	13-12-11	40	2	80
1311	13	11	13-14-9-7-8-11	40	5	200
1311	13	11	13-14-15-10-5-6-7-8-11	40	8	320
1312	13	12	13-12	81	1	81
1312	13	12	13-14-9-7-8-11-12	81	6	486
1312	13	12	13-14-15-17-19-20-18-16-12	81	8	648
1314	13	14	13-14	71	1	71
1314	13	14	13-12-11-8-7-9-14	71	6	426
1314	13	14	13-12-16-18-20-19-17-15-14	71	8	568
1315	13	15	13-14-15	64	2	128
1315	13	15	13-12-11-8-7-9-14-15	64	7	448
1315	13	15	13-14-9-7-6-5-10-15	64	7	448
1316	13	16	13-12-16	120	2	240
1316	13	16	13-14-9-7-8-11-12-16	120	7	840
1316	13	16	13-14-15-17-19-20-18-16	120	7	840
1317	13	17	13-14-15-17	65	3	195
1317	13	17	13-12-16-18-20-19-17	65	6	390
1317	13	17	13-12-11-8-7-9-14-15-17	65	8	520
1318	13	18	13-12-16-18	137	3	411
1318	13	18	13-14-15-17-19-20-18	137	6	822
1318	13	18	13-14-9-7-8-11-12-16-18	137	8	1096
1319	13	19	13-14-15-17-19	95	4	380
1319	13	19	13-12-16-18-20-19	95	5	475
1319	13	19	13-12-11-8-7-9-14-15-17-19	95	9	855
1320	13	20	13-12-16-18-20	147	4	588
1320	13	20	13-14-15-17-19-20	147	5	735
1320	13	20	13-14-9-7-8-11-12-16-18-20	147	9	1323
140	14	0	14-9-7-1-0	124	4	496
140	14	0	14-9-7-1-2-0	124	5	620
140	14	0	14-15-10-5-2-0	124	5	620
141	14	1	14-9-7-1	98	3	294
141	14	1	14-15-10-5-2-1	98	5	490
141	14	1	14-15-10-5-2-0-1	98	6	588
142	14	2	14-9-7-1-2	22	4	88
142	14	2	14-15-10-5-2	22	4	88
142	14	2	14-9-7-1-0-2	22	5	110
143	14	3	14-9-7-1-3	118	4	472
143	14	3	14-15-10-5-4-3	118	5	590
143	14	3	14-15-10-5-2-1-3	118	6	708
144	14	4	14-15-10-5-4	69	4	276
144	14	4	14-9-7-1-3-4	69	5	345
144	14	4	14-9-7-6-5-4	69	5	345
145	14	5	14-15-10-5	53	3	159
145	14	5	14-9-7-6-5	53	4	212
145	14	5	14-9-7-1-2-5	53	5	265
146	14	6	14-9-7-6	58	3	174
146	14	6	14-15-10-5-6	58	4	232
146	14	6	14-9-7-1-2-5-6	58	6	348
147	14	7	14-9-7	33	2	66
147	14	7	14-15-10-5-6-7	33	5	165
147	14	7	14-13-12-11-8-7	33	5	165
148	14	8	14-9-7-8	54	3	162
148	14	8	14-13-12-11-8	54	4	216
148	14	8	14-15-10-5-6-7-8	54	6	324
149	14	9	14-9	76	1	76
149	14	9	14-15-10-5-6-7-9	76	6	456
149	14	9	14-13-12-11-8-7-9	76	6	456
1410	14	10	14-15-10	93	2	186
1410	14	10	14-9-7-6-5-10	93	5	465
1410	14	10	14-9-7-1-2-5-10	93	6	558
1411	14	11	14-13-12-11	94	3	282
1411	14	11	14-9-7-8-11	94	4	376
1411	14	11	14-15-10-5-6-7-8-11	94	7	658
1412	14	12	14-13-12	138	2	276
1412	14	12	14-9-7-8-11-12	138	5	690
1412	14	12	14-15-17-19-20-18-16-12	138	7	966
1413	14	13	14-13	40	1	40
1413	14	13	14-9-7-8-11-12-13	40	6	240
1413	14	13	14-15-17-19-20-18-16-12-13	40	8	320
1415	14	15	14-15	47	1	47
1415	14	15	14-9-7-6-5-10-15	47	6	282
1415	14	15	14-9-7-1-2-5-10-15	47	7	329
1416	14	16	14-13-12-16	69	3	207
1416	14	16	14-9-7-8-11-12-16	69	6	414
1416	14	16	14-15-17-19-20-18-16	69	6	414
1417	14	17	14-15-17	71	2	142
1417	14	17	14-9-7-6-5-10-15-17	71	7	497
1417	14	17	14-13-12-16-18-20-19-17	71	7	497
1418	14	18	14-13-12-16-18	66	4	264
1418	14	18	14-15-17-19-20-18	66	5	330
1418	14	18	14-9-7-8-11-12-16-18	66	7	462
1419	14	19	14-15-17-19	89	3	267
1419	14	19	14-13-12-16-18-20-19	89	6	534
1419	14	19	14-9-7-6-5-10-15-17-19	89	8	712
1420	14	20	14-15-17-19-20	115	4	460
1420	14	20	14-13-12-16-18-20	115	5	575
1420	14	20	14-9-7-8-11-12-16-18-20	115	8	920
150	15	0	15-10-5-2-0	129	4	516
150	15	0	15-10-5-2-1-0	129	5	645
150	15	0	15-14-9-7-1-0	129	5	645
151	15	1	15-10-5-2-1	79	4	316
151	15	1	15-14-9-7-1	79	4	316
151	15	1	15-10-5-2-0-1	79	5	395
152	15	2	15-10-5-2	7	3	21
152	15	2	15-14-9-7-1-2	7	5	35
152	15	2	15-14-9-7-1-0-2	7	6	42
153	15	3	15-10-5-4-3	130	4	520
153	15	3	15-10-5-2-1-3	130	5	650
153	15	3	15-14-9-7-1-3	130	5	650
154	15	4	15-10-5-4	43	3	129
154	15	4	15-10-5-2-1-3-4	43	6	258
154	15	4	15-14-9-7-6-5-4	43	6	258
155	15	5	15-10-5	80	2	160
155	15	5	15-14-9-7-6-5	80	5	400
155	15	5	15-14-9-7-1-2-5	80	6	480
156	15	6	15-10-5-6	11	3	33
156	15	6	15-14-9-7-6	11	4	44
156	15	6	15-10-5-2-1-7-6	11	6	66
157	15	7	15-14-9-7	147	3	441
157	15	7	15-10-5-6-7	147	4	588
157	15	7	15-10-5-2-1-7	147	5	735
158	15	8	15-14-9-7-8	96	4	384
158	15	8	15-14-13-12-11-8	96	5	480
158	15	8	15-10-5-6-7-8	96	5	480
159	15	9	15-14-9	121	2	242
159	15	9	15-10-5-6-7-9	121	5	605
159	15	9	15-10-5-2-1-7-9	121	6	726
1510	15	10	15-10	114	1	114
1510	15	10	15-14-9-7-6-5-10	114	6	684
1510	15	10	15-14-9-7-1-2-5-10	114	7	798
1511	15	11	15-14-13-12-11	8	4	32
1511	15	11	15-14-9-7-8-11	8	5	40
1511	15	11	15-10-5-6-7-8-11	8	6	48
1512	15	12	15-14-13-12	7	3	21
1512	15	12	15-14-9-7-8-11-12	7	6	42
1512	15	12	15-17-19-20-18-16-12	7	6	42
1513	15	13	15-14-13	3	2	6
1513	15	13	15-14-9-7-8-11-12-13	3	7	21
1513	15	13	15-10-5-6-7-9-14-13	3	7	21
1514	15	14	15-14	148	1	148
1514	15	14	15-10-5-6-7-9-14	148	6	888
1514	15	14	15-10-5-2-1-7-9-14	148	7	1036
1516	15	16	15-14-13-12-16	45	4	180
1516	15	16	15-17-19-20-18-16	45	5	225
1516	15	16	15-14-9-7-8-11-12-16	45	7	315
1517	15	17	15-17	10	1	10
1517	15	17	15-14-13-12-16-18-20-19-17	10	8	80
1517	15	17	15-14-9-7-8-11-12-16-18-20-19-17	10	11	110
1518	15	18	15-17-19-20-18	112	4	448
1518	15	18	15-14-13-12-16-18	112	5	560
1518	15	18	15-14-9-7-8-11-12-16-18	112	8	896
1519	15	19	15-17-19	60	2	120
1519	15	19	15-14-13-12-16-18-20-19	60	7	420
1519	15	19	15-14-9-7-8-11-12-16-18-20-19	60	10	600
1520	15	20	15-17-19-20	59	3	177
1520	15	20	15-14-13-12-16-18-20	59	6	354
1520	15	20	15-14-9-7-8-11-12-16-18-20	59	9	531
160	16	0	16-12-11-8-7-1-0	76	6	456
160	16	0	16-12-13-14-9-7-1-0	76	7	532
160	16	0	16-12-11-8-7-1-2-0	76	7	532
161	16	1	16-12-11-8-7-1	32	5	160
161	16	1	16-12-13-14-9-7-1	32	6	192
161	16	1	16-12-11-8-7-6-5-2-1	32	8	256
162	16	2	16-12-11-8-7-1-2	36	6	216
162	16	2	16-12-11-8-7-1-0-2	36	7	252
162	16	2	16-12-13-14-15-10-5-2	36	7	252
163	16	3	16-12-11-8-7-1-3	51	6	306
163	16	3	16-12-13-14-9-7-1-3	51	7	357
163	16	3	16-12-11-8-7-6-5-4-3	51	8	408
164	16	4	16-12-11-8-7-1-3-4	59	7	413
164	16	4	16-12-13-14-15-10-5-4	59	7	413
164	16	4	16-12-11-8-7-6-5-4	59	7	413
165	16	5	16-12-11-8-7-6-5	27	6	162
165	16	5	16-12-13-14-15-10-5	27	6	162
165	16	5	16-12-11-8-7-1-2-5	27	7	189
166	16	6	16-12-11-8-7-6	1	5	5
166	16	6	16-12-13-14-9-7-6	1	6	6
166	16	6	16-12-13-14-15-10-5-6	1	7	7
167	16	7	16-12-11-8-7	14	4	56
167	16	7	16-12-13-14-9-7	14	5	70
167	16	7	16-12-13-14-15-10-5-6-7	14	8	112
168	16	8	16-12-11-8	100	3	300
168	16	8	16-12-13-14-9-7-8	100	6	600
168	16	8	16-12-13-14-15-10-5-6-7-8	100	9	900
169	16	9	16-12-13-14-9	35	4	140
169	16	9	16-12-11-8-7-9	35	5	175
169	16	9	16-18-20-19-17-15-14-9	35	7	245
1610	16	10	16-12-13-14-15-10	77	5	385
1610	16	10	16-18-20-19-17-15-10	77	6	462
1610	16	10	16-12-11-8-7-6-5-10	77	7	539
1611	16	11	16-12-11	114	2	228
1611	16	11	16-12-13-14-9-7-8-11	114	7	798
1611	16	11	16-18-20-19-17-15-14-13-12-11	114	9	1026
1612	16	12	16-12	142	1	142
1612	16	12	16-18-20-19-17-15-14-13-12	142	8	1136
1612	16	12	16-18-20-19-17-15-14-9-7-8-11-12	142	11	1562
1613	16	13	16-12-13	80	2	160
1613	16	13	16-18-20-19-17-15-14-13	80	7	560
1613	16	13	16-12-11-8-7-9-14-13	80	7	560
1614	16	14	16-12-13-14	92	3	276
1614	16	14	16-18-20-19-17-15-14	92	6	552
1614	16	14	16-12-11-8-7-9-14	92	6	552
1615	16	15	16-12-13-14-15	144	4	576
1615	16	15	16-18-20-19-17-15	144	5	720
1615	16	15	16-12-11-8-7-9-14-15	144	7	1008
1617	16	17	16-18-20-19-17	65	4	260
1617	16	17	16-12-13-14-15-17	65	5	325
1617	16	17	16-12-11-8-7-9-14-15-17	65	8	520
1618	16	18	16-18	1	1	1
1618	16	18	16-12-13-14-15-17-19-20-18	1	8	8
1618	16	18	16-12-11-8-7-9-14-15-17-19-20-18	1	11	11
1619	16	19	16-18-20-19	89	3	267
1619	16	19	16-12-13-14-15-17-19	89	6	534
1619	16	19	16-12-11-8-7-9-14-15-17-19	89	9	801
1620	16	20	16-18-20	69	2	138
1620	16	20	16-12-13-14-15-17-19-20	69	7	483
1620	16	20	16-12-11-8-7-9-14-15-17-19-20	69	10	690
170	17	0	17-15-10-5-2-0	96	5	480
170	17	0	17-15-10-5-2-1-0	96	6	576
170	17	0	17-15-14-9-7-1-0	96	6	576
171	17	1	17-15-10-5-2-1	73	5	365
171	17	1	17-15-14-9-7-1	73	5	365
171	17	1	17-15-10-5-2-0-1	73	6	438
172	17	2	17-15-10-5-2	68	4	272
172	17	2	17-15-14-9-7-1-2	68	6	408
172	17	2	17-15-14-9-7-1-0-2	68	7	476
173	17	3	17-15-10-5-4-3	37	5	185
173	17	3	17-15-10-5-2-1-3	37	6	222
173	17	3	17-15-14-9-7-1-3	37	6	222
174	17	4	17-15-10-5-4	3	4	12
174	17	4	17-15-10-5-2-1-3-4	3	7	21
174	17	4	17-15-14-9-7-6-5-4	3	7	21
175	17	5	17-15-10-5	5	3	15
175	17	5	17-15-14-9-7-6-5	5	6	30
175	17	5	17-15-14-9-7-1-2-5	5	7	35
176	17	6	17-15-10-5-6	64	4	256
176	17	6	17-15-14-9-7-6	64	5	320
176	17	6	17-15-10-5-2-1-7-6	64	7	448
177	17	7	17-15-14-9-7	89	4	356
177	17	7	17-15-10-5-6-7	89	5	445
177	17	7	17-15-10-5-2-1-7	89	6	534
178	17	8	17-15-14-9-7-8	32	5	160
178	17	8	17-15-14-13-12-11-8	32	6	192
178	17	8	17-15-10-5-6-7-8	32	6	192
179	17	9	17-15-14-9	138	3	414
179	17	9	17-15-10-5-6-7-9	138	6	828
179	17	9	17-15-10-5-2-1-7-9	138	7	966
1710	17	10	17-15-10	47	2	94
1710	17	10	17-15-14-9-7-6-5-10	47	7	329
1710	17	10	17-15-14-9-7-1-2-5-10	47	8	376
1711	17	11	17-15-14-13-12-11	105	5	525
1711	17	11	17-19-20-18-16-12-11	105	6	630
1711	17	11	17-15-14-9-7-8-11	105	6	630
1712	17	12	17-15-14-13-12	59	4	236
1712	17	12	17-19-20-18-16-12	59	5	295
1712	17	12	17-15-14-9-7-8-11-12	59	7	413
1713	17	13	17-15-14-13	16	3	48
1713	17	13	17-19-20-18-16-12-13	16	6	96
1713	17	13	17-15-14-9-7-8-11-12-13	16	8	128
1714	17	14	17-15-14	1	2	2
1714	17	14	17-19-20-18-16-12-13-14	1	7	7
1714	17	14	17-15-10-5-6-7-9-14	1	7	7
1715	17	15	17-15	62	1	62
1715	17	15	17-19-20-18-16-12-13-14-15	62	8	496
1715	17	15	17-19-20-18-16-12-11-8-7-9-14-15	62	11	682
1716	17	16	17-19-20-18-16	139	4	556
1716	17	16	17-15-14-13-12-16	139	5	695
1716	17	16	17-15-14-9-7-8-11-12-16	139	8	1112
1718	17	18	17-19-20-18	59	3	177
1718	17	18	17-15-14-13-12-16-18	59	6	354
1718	17	18	17-15-14-9-7-8-11-12-16-18	59	9	531
1719	17	19	17-19	90	1	90
1719	17	19	17-15-14-13-12-16-18-20-19	90	8	720
1719	17	19	17-15-14-9-7-8-11-12-16-18-20-19	90	11	990
1720	17	20	17-19-20	106	2	212
1720	17	20	17-15-14-13-12-16-18-20	106	7	742
1720	17	20	17-15-14-9-7-8-11-12-16-18-20	106	10	1060
180	18	0	18-16-12-11-8-7-1-0	103	7	721
180	18	0	18-16-12-13-14-9-7-1-0	103	8	824
180	18	0	18-20-19-17-15-10-5-2-0	103	8	824
181	18	1	18-16-12-11-8-7-1	74	6	444
181	18	1	18-16-12-13-14-9-7-1	74	7	518
181	18	1	18-20-19-17-15-10-5-2-1	74	8	592
182	18	2	18-16-12-11-8-7-1-2	31	7	217
182	18	2	18-20-19-17-15-10-5-2	31	7	217
182	18	2	18-16-12-11-8-7-1-0-2	31	8	248
183	18	3	18-16-12-11-8-7-1-3	61	7	427
183	18	3	18-16-12-13-14-9-7-1-3	61	8	488
183	18	3	18-20-19-17-15-10-5-4-3	61	8	488
184	18	4	18-20-19-17-15-10-5-4	2	7	14
184	18	4	18-16-12-11-8-7-1-3-4	2	8	16
184	18	4	18-16-12-13-14-15-10-5-4	2	8	16
185	18	5	18-20-19-17-15-10-5	2	6	12
185	18	5	18-16-12-11-8-7-6-5	2	7	14
185	18	5	18-16-12-13-14-15-10-5	2	7	14
186	18	6	18-16-12-11-8-7-6	7	6	42
186	18	6	18-20-19-17-15-10-5-6	7	7	49
186	18	6	18-16-12-13-14-9-7-6	7	7	49
187	18	7	18-16-12-11-8-7	56	5	280
187	18	7	18-16-12-13-14-9-7	56	6	336
187	18	7	18-20-19-17-15-14-9-7	56	7	392
188	18	8	18-16-12-11-8	15	4	60
188	18	8	18-16-12-13-14-9-7-8	15	7	105
188	18	8	18-20-19-17-15-14-9-7-8	15	8	120
189	18	9	18-16-12-13-14-9	6	5	30
189	18	9	18-20-19-17-15-14-9	6	6	36
189	18	9	18-16-12-11-8-7-9	6	6	36
1810	18	10	18-20-19-17-15-10	147	5	735
1810	18	10	18-16-12-13-14-15-10	147	6	882
1810	18	10	18-16-12-11-8-7-6-5-10	147	8	1176
1811	18	11	18-16-12-11	94	3	282
1811	18	11	18-20-19-17-15-14-13-12-11	94	8	752
1811	18	11	18-16-12-13-14-9-7-8-11	94	8	752
1812	18	12	18-16-12	8	2	16
1812	18	12	18-20-19-17-15-14-13-12	8	7	56
1812	18	12	18-20-19-17-15-14-9-7-8-11-12	8	10	80
1813	18	13	18-16-12-13	40	3	120
1813	18	13	18-20-19-17-15-14-13	40	6	240
1813	18	13	18-16-12-11-8-7-9-14-13	40	8	320
1814	18	14	18-16-12-13-14	146	4	584
1814	18	14	18-20-19-17-15-14	146	5	730
1814	18	14	18-16-12-11-8-7-9-14	146	7	1022
1815	18	15	18-20-19-17-15	95	4	380
1815	18	15	18-16-12-13-14-15	95	5	475
1815	18	15	18-16-12-11-8-7-9-14-15	95	8	760
1816	18	16	18-16	141	1	141
1816	18	16	18-20-19-17-15-14-13-12-16	141	8	1128
1816	18	16	18-20-19-17-15-14-9-7-8-11-12-16	141	11	1551
1817	18	17	18-20-19-17	145	3	435
1817	18	17	18-16-12-13-14-15-17	145	6	870
1817	18	17	18-16-12-11-8-7-9-14-15-17	145	9	1305
1819	18	19	18-20-19	33	2	66
1819	18	19	18-16-12-13-14-15-17-19	33	7	231
1819	18	19	18-16-12-11-8-7-9-14-15-17-19	33	10	330
1820	18	20	18-20	106	1	106
1820	18	20	18-16-12-13-14-15-17-19-20	106	8	848
1820	18	20	18-16-12-11-8-7-9-14-15-17-19-20	106	11	1166
190	19	0	19-17-15-10-5-2-0	147	6	882
190	19	0	19-17-15-10-5-2-1-0	147	7	1029
190	19	0	19-17-15-14-9-7-1-0	147	7	1029
191	19	1	19-17-15-10-5-2-1	25	6	150
191	19	1	19-17-15-14-9-7-1	25	6	150
191	19	1	19-17-15-10-5-2-0-1	25	7	175
192	19	2	19-17-15-10-5-2	33	5	165
192	19	2	19-17-15-14-9-7-1-2	33	7	231
192	19	2	19-17-15-14-9-7-1-0-2	33	8	264
193	19	3	19-17-15-10-5-4-3	62	6	372
193	19	3	19-17-15-10-5-2-1-3	62	7	434
193	19	3	19-17-15-14-9-7-1-3	62	7	434
194	19	4	19-17-15-10-5-4	26	5	130
194	19	4	19-17-15-10-5-2-1-3-4	26	8	208
194	19	4	19-17-15-14-9-7-6-5-4	26	8	208
195	19	5	19-17-15-10-5	93	4	372
195	19	5	19-17-15-14-9-7-6-5	93	7	651
195	19	5	19-17-15-14-9-7-1-2-5	93	8	744
196	19	6	19-17-15-10-5-6	26	5	130
196	19	6	19-17-15-14-9-7-6	26	6	156
196	19	6	19-17-15-10-5-2-1-7-6	26	8	208
197	19	7	19-17-15-14-9-7	4	5	20
197	19	7	19-17-15-10-5-6-7	4	6	24
197	19	7	19-17-15-10-5-2-1-7	4	7	28
198	19	8	19-20-18-16-12-11-8	18	6	108
198	19	8	19-17-15-14-9-7-8	18	6	108
198	19	8	19-17-15-14-13-12-11-8	18	7	126
199	19	9	19-17-15-14-9	58	4	232
199	19	9	19-20-18-16-12-13-14-9	58	7	406
199	19	9	19-17-15-10-5-6-7-9	58	7	406
1910	19	10	19-17-15-10	14	3	42
1910	19	10	19-20-18-16-12-13-14-15-10	14	8	112
1910	19	10	19-17-15-14-9-7-6-5-10	14	8	112
1911	19	11	19-20-18-16-12-11	120	5	600
1911	19	11	19-17-15-14-13-12-11	120	6	720
1911	19	11	19-17-15-14-9-7-8-11	120	7	840
1912	19	12	19-20-18-16-12	91	4	364
1912	19	12	19-17-15-14-13-12	91	5	455
1912	19	12	19-17-15-14-9-7-8-11-12	91	8	728
1913	19	13	19-17-15-14-13	76	4	304
1913	19	13	19-20-18-16-12-13	76	5	380
1913	19	13	19-17-15-14-9-7-8-11-12-13	76	9	684
1914	19	14	19-17-15-14	15	3	45
1914	19	14	19-20-18-16-12-13-14	15	6	90
1914	19	14	19-17-15-10-5-6-7-9-14	15	8	120
1915	19	15	19-17-15	71	2	142
1915	19	15	19-20-18-16-12-13-14-15	71	7	497
1915	19	15	19-20-18-16-12-11-8-7-9-14-15	71	10	710
1916	19	16	19-20-18-16	85	3	255
1916	19	16	19-17-15-14-13-12-16	85	6	510
1916	19	16	19-17-15-14-9-7-8-11-12-16	85	9	765
1917	19	17	19-17	16	1	16
1917	19	17	19-20-18-16-12-13-14-15-17	16	8	128
1917	19	17	19-20-18-16-12-11-8-7-9-14-15-17	16	11	176
1918	19	18	19-20-18	6	2	12
1918	19	18	19-17-15-14-13-12-16-18	6	7	42
1918	19	18	19-17-15-14-9-7-8-11-12-16-18	6	10	60
1920	19	20	19-20	72	1	72
1920	19	20	19-17-15-14-13-12-16-18-20	72	8	576
1920	19	20	19-17-15-14-9-7-8-11-12-16-18-20	72	11	792
200	20	0	20-19-17-15-10-5-2-0	128	7	896
200	20	0	20-19-17-15-10-5-2-1-0	128	8	1024
200	20	0	20-18-16-12-11-8-7-1-0	128	8	1024
201	20	1	20-19-17-15-10-5-2-1	5	7	35
201	20	1	20-19-17-15-14-9-7-1	5	7	35
201	20	1	20-18-16-12-11-8-7-1	5	7	35
202	20	2	20-19-17-15-10-5-2	85	6	510
202	20	2	20-18-16-12-11-8-7-1-2	85	8	680
202	20	2	20-19-17-15-14-9-7-1-2	85	8	680
203	20	3	20-19-17-15-10-5-4-3	81	7	567
203	20	3	20-19-17-15-10-5-2-1-3	81	8	648
203	20	3	20-18-16-12-11-8-7-1-3	81	8	648
204	20	4	20-19-17-15-10-5-4	57	6	342
204	20	4	20-19-17-15-10-5-2-1-3-4	57	9	513
204	20	4	20-18-16-12-13-14-15-10-5-4	57	9	513
205	20	5	20-19-17-15-10-5	20	5	100
205	20	5	20-18-16-12-11-8-7-6-5	20	8	160
205	20	5	20-18-16-12-13-14-15-10-5	20	8	160
206	20	6	20-19-17-15-10-5-6	142	6	852
206	20	6	20-18-16-12-11-8-7-6	142	7	994
206	20	6	20-19-17-15-14-9-7-6	142	7	994
207	20	7	20-18-16-12-11-8-7	20	6	120
207	20	7	20-19-17-15-14-9-7	20	6	120
207	20	7	20-19-17-15-10-5-6-7	20	7	140
208	20	8	20-18-16-12-11-8	42	5	210
208	20	8	20-19-17-15-14-9-7-8	42	7	294
208	20	8	20-19-17-15-14-13-12-11-8	42	8	336
209	20	9	20-19-17-15-14-9	34	5	170
209	20	9	20-18-16-12-13-14-9	34	6	204
209	20	9	20-18-16-12-11-8-7-9	34	7	238
2010	20	10	20-19-17-15-10	141	4	564
2010	20	10	20-18-16-12-13-14-15-10	141	7	987
2010	20	10	20-18-16-12-11-8-7-6-5-10	141	9	1269
2011	20	11	20-18-16-12-11	11	4	44
2011	20	11	20-19-17-15-14-13-12-11	11	7	77
2011	20	11	20-19-17-15-14-9-7-8-11	11	8	88
2012	20	12	20-18-16-12	11	3	33
2012	20	12	20-19-17-15-14-13-12	11	6	66
2012	20	12	20-19-17-15-14-9-7-8-11-12	11	9	99
2013	20	13	20-18-16-12-13	16	4	64
2013	20	13	20-19-17-15-14-13	16	5	80
2013	20	13	20-18-16-12-11-8-7-9-14-13	16	9	144
2014	20	14	20-19-17-15-14	121	4	484
2014	20	14	20-18-16-12-13-14	121	5	605
2014	20	14	20-18-16-12-11-8-7-9-14	121	8	968
2015	20	15	20-19-17-15	136	3	408
2015	20	15	20-18-16-12-13-14-15	136	6	816
2015	20	15	20-18-16-12-11-8-7-9-14-15	136	9	1224
2016	20	16	20-18-16	53	2	106
2016	20	16	20-19-17-15-14-13-12-16	53	7	371
2016	20	16	20-19-17-15-14-9-7-8-11-12-16	53	10	530
2017	20	17	20-19-17	34	2	68
2017	20	17	20-18-16-12-13-14-15-17	34	7	238
2017	20	17	20-18-16-12-11-8-7-9-14-15-17	34	10	340
2018	20	18	20-18	112	1	112
2018	20	18	20-19-17-15-14-13-12-16-18	112	8	896
2018	20	18	20-19-17-15-14-9-7-8-11-12-16-18	112	11	1232
2019	20	19	20-19	8	1	8
2019	20	19	20-18-16-12-13-14-15-17-19	8	8	64
2019	20	19	20-18-16-12-11-8-7-9-14-15-17-19	8	11	88
