01	0	1	0-1	31	1	31
01	0	1	0-2-1	31	2	62
01	0	1	0-2-5-4-3-1	31	5	155
02	0	2	0-2	34	1	34
02	0	2	0-1-2	34	2	68
02	0	2	0-1-3-4-5-2	34	5	170
03	0	3	0-1-3	33	2	66
03	0	3	0-2-1-3	33	3	99
03	0	3	0-2-5-4-3	33	4	132
04	0	4	0-1-3-4	41	3	123
04	0	4	0-2-5-4	41	3	123
04	0	4	0-2-1-3-4	41	4	164
05	0	5	0-2-5	0	2	0
05	0	5	0-1-2-5	0	3	0
05	0	5	0-1-3-4-5	0	4	0
06	0	6	0-2-5-6	22	3	66
06	0	6	0-1-7-6	22	3	66
06	0	6	0-1-2-5-6	22	4	88
07	0	7	0-1-7	4	2	8
07	0	7	0-2-1-7	4	3	12
07	0	7	0-2-5-6-7	4	4	16
08	0	8	0-1-7-8	45	3	135
08	0	8	0-2-1-7-8	45	4	180
08	0	8	0-2-5-6-7-8	45	5	225
09	0	9	0-1-7-9	35	3	105
09	0	9	0-2-1-7-9	35	4	140
09	0	9	0-2-5-6-7-9	35	5	175
010	0	10	0-2-5-10	39	3	117
010	0	10	0-1-2-5-10	39	4	156
010	0	10	0-1-3-4-5-10	39	5	195
011	0	11	0-1-7-8-11	26	4	104
011	0	11	0-2-1-7-8-11	26	5	130
011	0	11	0-2-5-6-7-8-11	26	6	156
012	0	12	0-1-7-8-11-12	46	5	230
012	0	12	0-2-1-7-8-11-12	46	6	276
012	0	12	0-1-7-9-14-13-12	46	6	276
013	0	13	0-1-7-9-14-13	18	5	90
013	0	13	0-1-7-8-11-12-13	18	6	108
013	0	13	0-2-1-7-9-14-13	18	6	108
014	0	14	0-1-7-9-14	22	4	88
014	0	14	0-2-5-10-15-14	22	5	110
014	0	14	0-2-1-7-9-14	22	5	110
015	0	15	0-2-5-10-15	48	4	192
015	0	15	0-1-7-9-14-15	48	5	240
015	0	15	0-1-2-5-10-15	48	5	240
016	0	16	0-1-7-8-11-12-16	47	6	282
016	0	16	0-2-1-7-8-11-12-16	47	7	329
016	0	16	0-1-7-9-14-13-12-16	47	7	329
017	0	17	0-2-5-10-15-17	15	5	75
017	0	17	0-1-7-9-14-15-17	15	6	90
017	0	17	0-1-2-5-10-15-17	15	6	90
018	0	18	0-1-7-8-11-12-16-18	22	7	154
018	0	18	0-2-1-7-8-11-12-16-18	22	8	176
018	0	18	0-2-5-10-15-17-19-20-18	22	8	176
019	0	19	0-2-5-10-15-17-19	20	6	120
019	0	19	0-1-7-9-14-15-17-19	20	7	140
019	0	19	0-1-2-5-10-15-17-19	20	7	140
020	0	20	0-2-5-10-15-17-19-20	9	7	63
020	0	20	0-1-7-8-11-12-16-18-20	9	8	72
020	0	20	0-1-2-5-10-15-17-19-20	9	8	72
10	1	0	1-0	0	1	0
10	1	0	1-2-0	0	2	0
10	1	0	1-3-4-5-2-0	0	5	0
12	1	2	1-2	33	1	33
12	1	2	1-0-2	33	2	66
12	1	2	1-3-4-5-2	33	4	132
13	1	3	1-3	32	1	32
13	1	3	1-2-5-4-3	32	4	128
13	1	3	1-0-2-5-4-3	32	5	160
14	1	4	1-3-4	24	2	48
14	1	4	1-2-5-4	24	3	72
14	1	4	1-0-2-5-4	24	4	96
15	1	5	1-2-5	29	2	58
15	1	5	1-0-2-5	29	3	87
15	1	5	1-7-6-5	29	3	87
16	1	6	1-7-6	14	2	28
16	1	6	1-2-5-6	14	3	42
16	1	6	1-0-2-5-6	14	4	56
17	1	7	1-7	13	1	13
17	1	7	1-2-5-6-7	13	4	52
17	1	7	1-0-2-5-6-7	13	5	65
18	1	8	1-7-8	25	2	50
18	1	8	1-2-5-6-7-8	25	5	125
18	1	8	1-0-2-5-6-7-8	25	6	150
19	1	9	1-7-9	5	2	10
19	1	9	1-2-5-6-7-9	5	5	25
19	1	9	1-2-5-10-15-14-9	5	6	30
110	1	10	1-2-5-10	45	3	135
110	1	10	1-0-2-5-10	45	4	180
110	1	10	1-7-6-5-10	45	4	180
111	1	11	1-7-8-11	40	3	120
111	1	11	1-7-9-14-13-12-11	40	6	240
111	1	11	1-2-5-6-7-8-11	40	6	240
112	1	12	1-7-8-11-12	39	4	156
112	1	12	1-7-9-14-13-12	39	5	195
112	1	12	1-2-5-6-7-8-11-12	39	7	273
113	1	13	1-7-9-14-13	37	4	148
113	1	13	1-7-8-11-12-13	37	5	185
113	1	13	1-2-5-10-15-14-13	37	6	222
114	1	14	1-7-9-14	31	3	93
114	1	14	1-2-5-10-15-14	31	5	155
114	1	14	1-7-8-11-12-13-14	31	6	186
115	1	15	1-7-9-14-15	1	4	4
115	1	15	1-2-5-10-15	1	4	4
115	1	15	1-0-2-5-10-15	1	5	5
116	1	16	1-7-8-11-12-16	38	5	190
116	1	16	1-7-9-14-13-12-16	38	6	228
116	1	16	1-2-5-6-7-8-11-12-16	38	8	304
117	1	17	1-7-9-14-15-17	45	5	225
117	1	17	1-2-5-10-15-17	45	5	225
117	1	17	1-0-2-5-10-15-17	45	6	270
118	1	18	1-7-8-11-12-16-18	6	6	36
118	1	18	1-7-9-14-13-12-16-18	6	7	42
118	1	18	1-7-9-14-15-17-19-20-18	6	8	48
119	1	19	1-7-9-14-15-17-19	35	6	210
119	1	19	1-2-5-10-15-17-19	35	6	210
119	1	19	1-0-2-5-10-15-17-19	35	7	245
120	1	20	1-7-8-11-12-16-18-20	15	7	105
120	1	20	1-2-5-10-15-17-19-20	15	7	105
120	1	20	1-7-9-14-15-17-19-20	15	7	105
20	2	0	2-0	47	1	47
20	2	0	2-1-0	47	2	94
20	2	0	2-5-4-3-1-0	47	5	235
21	2	1	2-1	20	1	20
21	2	1	2-0-1	20	2	40
21	2	1	2-5-4-3-1	20	4	80
23	2	3	2-1-3	47	2	94
23	2	3	2-0-1-3	47	3	141
23	2	3	2-5-4-3	47	3	141
24	2	4	2-5-4	26	2	52
24	2	4	2-1-3-4	26	3	78
24	2	4	2-0-1-3-4	26	4	104
25	2	5	2-5	30	1	30
25	2	5	2-1-3-4-5	30	4	120
25	2	5	2-1-7-6-5	30	4	120
26	2	6	2-5-6	0	2	0
26	2	6	2-1-7-6	0	3	0
26	2	6	2-0-1-7-6	0	4	0
27	2	7	2-1-7	44	2	88
27	2	7	2-0-1-7	44	3	132
27	2	7	2-5-6-7	44	3	132
28	2	8	2-1-7-8	27	3	81
28	2	8	2-0-1-7-8	27	4	108
28	2	8	2-5-6-7-8	27	4	108
29	2	9	2-1-7-9	37	3	111
29	2	9	2-0-1-7-9	37	4	148
29	2	9	2-5-6-7-9	37	4	148
210	2	10	2-5-10	46	2	92
210	2	10	2-1-3-4-5-10	46	5	230
210	2	10	2-1-7-6-5-10	46	5	230
211	2	11	2-1-7-8-11	46	4	184
211	2	11	2-0-1-7-8-11	46	5	230
211	2	11	2-5-6-7-8-11	46	5	230
212	2	12	2-1-7-8-11-12	14	5	70
212	2	12	2-0-1-7-8-11-12	14	6	84
212	2	12	2-1-7-9-14-13-12	14	6	84
213	2	13	2-5-10-15-14-13	35	5	175
213	2	13	2-1-7-9-14-13	35	5	175
213	2	13	2-1-7-8-11-12-13	35	6	210
214	2	14	2-5-10-15-14	39	4	156
214	2	14	2-1-7-9-14	39	4	156
214	2	14	2-0-1-7-9-14	39	5	195
215	2	15	2-5-10-15	35	3	105
215	2	15	2-1-7-9-14-15	35	5	175
215	2	15	2-0-1-7-9-14-15	35	6	210
216	2	16	2-1-7-8-11-12-16	18	6	108
216	2	16	2-0-1-7-8-11-12-16	18	7	126
216	2	16	2-1-7-9-14-13-12-16	18	7	126
217	2	17	2-5-10-15-17	15	4	60
217	2	17	2-1-7-9-14-15-17	15	6	90
217	2	17	2-0-1-7-9-14-15-17	15	7	105
218	2	18	2-1-7-8-11-12-16-18	18	7	126
218	2	18	2-5-10-15-17-19-20-18	18	7	126
218	2	18	2-0-1-7-8-11-12-16-18	18	8	144
219	2	19	2-5-10-15-17-19	14	5	70
219	2	19	2-1-7-9-14-15-17-19	14	7	98
219	2	19	2-0-1-7-9-14-15-17-19	14	8	112
220	2	20	2-5-10-15-17-19-20	32	6	192
220	2	20	2-1-7-8-11-12-16-18-20	32	8	256
220	2	20	2-1-7-9-14-15-17-19-20	32	8	256
30	3	0	3-1-0	2	2	4
30	3	0	3-1-2-0	2	3	6
30	3	0	3-4-5-2-0	2	4	8
31	3	1	3-1	12	1	12
31	3	1	3-4-5-2-1	12	4	48
31	3	1	3-4-5-2-0-1	12	5	60
32	3	2	3-1-2	34	2	68
32	3	2	3-1-0-2	34	3	102
32	3	2	3-4-5-2	34	3	102
34	3	4	3-4	2	1	2
34	3	4	3-1-2-5-4	2	4	8
34	3	4	3-1-0-2-5-4	2	5	10
35	3	5	3-4-5	15	2	30
35	3	5	3-1-2-5	15	3	45
35	3	5	3-1-0-2-5	15	4	60
36	3	6	3-4-5-6	14	3	42
36	3	6	3-1-7-6	14	3	42
36	3	6	3-1-2-5-6	14	4	56
37	3	7	3-1-7	6	2	12
37	3	7	3-4-5-6-7	6	4	24
37	3	7	3-4-5-2-1-7	6	5	30
38	3	8	3-1-7-8	20	3	60
38	3	8	3-4-5-6-7-8	20	5	100
38	3	8	3-4-5-2-1-7-8	20	6	120
39	3	9	3-1-7-9	14	3	42
39	3	9	3-4-5-6-7-9	14	5	70
39	3	9	3-4-5-10-15-14-9	14	6	84
310	3	10	3-4-5-10	32	3	96
310	3	10	3-1-2-5-10	32	4	128
310	3	10	3-1-0-2-5-10	32	5	160
311	3	11	3-1-7-8-11	30	4	120
311	3	11	3-4-5-6-7-8-11	30	6	180
311	3	11	3-1-7-9-14-13-12-11	30	7	210
312	3	12	3-1-7-8-11-12	12	5	60
312	3	12	3-1-7-9-14-13-12	12	6	72
312	3	12	3-4-5-6-7-8-11-12	12	7	84
313	3	13	3-1-7-9-14-13	45	5	225
313	3	13	3-1-7-8-11-12-13	45	6	270
313	3	13	3-4-5-10-15-14-13	45	6	270
314	3	14	3-1-7-9-14	31	4	124
314	3	14	3-4-5-10-15-14	31	5	155
314	3	14	3-1-2-5-10-15-14	31	6	186
315	3	15	3-4-5-10-15	9	4	36
315	3	15	3-1-7-9-14-15	9	5	45
315	3	15	3-1-2-5-10-15	9	5	45
316	3	16	3-1-7-8-11-12-16	33	6	198
316	3	16	3-1-7-9-14-13-12-16	33	7	231
316	3	16	3-4-5-6-7-8-11-12-16	33	8	264
317	3	17	3-4-5-10-15-17	29	5	145
317	3	17	3-1-7-9-14-15-17	29	6	174
317	3	17	3-1-2-5-10-15-17	29	6	174
318	3	18	3-1-7-8-11-12-16-18	30	7	210
318	3	18	3-1-7-9-14-13-12-16-18	30	8	240
318	3	18	3-4-5-10-15-17-19-20-18	30	8	240
319	3	19	3-4-5-10-15-17-19	19	6	114
319	3	19	3-1-7-9-14-15-17-19	19	7	133
319	3	19	3-1-2-5-10-15-17-19	19	7	133
320	3	20	3-4-5-10-15-17-19-20	18	7	126
320	3	20	3-1-7-8-11-12-16-18-20	18	8	144
320	3	20	3-1-2-5-10-15-17-19-20	18	8	144
40	4	0	4-3-1-0	10	3	30
40	4	0	4-5-2-0	10	3	30
40	4	0	4-5-2-1-0	10	4	40
41	4	1	4-3-1	4	2	8
41	4	1	4-5-2-1	4	3	12
41	4	1	4-5-2-0-1	4	4	16
42	4	2	4-5-2	16	2	32
42	4	2	4-3-1-2	16	3	48
42	4	2	4-3-1-0-2	16	4	64
43	4	3	4-3	19	1	19
43	4	3	4-5-2-1-3	19	4	76
43	4	3	4-5-2-0-1-3	19	5	95
45	4	5	4-5	40	1	40
45	4	5	4-3-1-2-5	40	4	160
45	4	5	4-3-1-0-2-5	40	5	200
46	4	6	4-5-6	48	2	96
46	4	6	4-3-1-7-6	48	4	192
46	4	6	4-3-1-2-5-6	48	5	240
47	4	7	4-3-1-7	31	3	93
47	4	7	4-5-6-7	31	3	93
47	4	7	4-5-2-1-7	31	4	124
48	4	8	4-3-1-7-8	22	4	88
48	4	8	4-5-6-7-8	22	4	88
48	4	8	4-5-2-1-7-8	22	5	110
49	4	9	4-3-1-7-9	45	4	180
49	4	9	4-5-6-7-9	45	4	180
49	4	9	4-5-10-15-14-9	45	5	225
410	4	10	4-5-10	7	2	14
410	4	10	4-3-1-2-5-10	7	5	35
410	4	10	4-3-1-0-2-5-10	7	6	42
411	4	11	4-3-1-7-8-11	6	5	30
411	4	11	4-5-6-7-8-11	6	5	30
411	4	11	4-5-2-1-7-8-11	6	6	36
412	4	12	4-3-1-7-8-11-12	10	6	60
412	4	12	4-5-10-15-14-13-12	10	6	60
412	4	12	4-5-6-7-8-11-12	10	6	60
413	4	13	4-5-10-15-14-13	20	5	100
413	4	13	4-3-1-7-9-14-13	20	6	120
413	4	13	4-5-6-7-9-14-13	20	6	120
414	4	14	4-5-10-15-14	21	4	84
414	4	14	4-3-1-7-9-14	21	5	105
414	4	14	4-5-6-7-9-14	21	5	105
415	4	15	4-5-10-15	6	3	18
415	4	15	4-3-1-7-9-14-15	6	6	36
415	4	15	4-3-1-2-5-10-15	6	6	36
416	4	16	4-3-1-7-8-11-12-16	27	7	189
416	4	16	4-5-10-15-14-13-12-16	27	7	189
416	4	16	4-5-6-7-8-11-12-16	27	7	189
417	4	17	4-5-10-15-17	10	4	40
417	4	17	4-3-1-7-9-14-15-17	10	7	70
417	4	17	4-3-1-2-5-10-15-17	10	7	70
418	4	18	4-5-10-15-17-19-20-18	13	7	91
418	4	18	4-3-1-7-8-11-12-16-18	13	8	104
418	4	18	4-5-6-7-8-11-12-16-18	13	8	104
419	4	19	4-5-10-15-17-19	23	5	115
419	4	19	4-3-1-7-9-14-15-17-19	23	8	184
419	4	19	4-3-1-2-5-10-15-17-19	23	8	184
420	4	20	4-5-10-15-17-19-20	7	6	42
420	4	20	4-3-1-7-8-11-12-16-18-20	7	9	63
420	4	20	4-3-1-2-5-10-15-17-19-20	7	9	63
50	5	0	5-2-0	42	2	84
50	5	0	5-2-1-0	42	3	126
50	5	0	5-4-3-1-0	42	4	168
51	5	1	5-2-1	20	2	40
51	5	1	5-2-0-1	20	3	60
51	5	1	5-6-7-1	20	3	60
52	5	2	5-2	14	1	14
52	5	2	5-4-3-1-2	14	4	56
52	5	2	5-6-7-1-2	14	4	56
53	5	3	5-4-3	26	2	52
53	5	3	5-2-1-3	26	3	78
53	5	3	5-2-0-1-3	26	4	104
54	5	4	5-4	39	1	39
54	5	4	5-2-1-3-4	39	4	156
54	5	4	5-2-0-1-3-4	39	5	195
56	5	6	5-6	38	1	38
56	5	6	5-2-1-7-6	38	4	152
56	5	6	5-2-0-1-7-6	38	5	190
57	5	7	5-6-7	18	2	36
57	5	7	5-2-1-7	18	3	54
57	5	7	5-2-0-1-7	18	4	72
58	5	8	5-6-7-8	39	3	117
58	5	8	5-2-1-7-8	39	4	156
58	5	8	5-2-0-1-7-8	39	5	195
59	5	9	5-6-7-9	13	3	39
59	5	9	5-10-15-14-9	13	4	52
59	5	9	5-2-1-7-9	13	4	52
510	5	10	5-10	7	1	7
510	5	10	5-6-7-9-14-15-10	7	6	42
510	5	10	5-2-1-7-9-14-15-10	7	7	49
511	5	11	5-6-7-8-11	23	4	92
511	5	11	5-2-1-7-8-11	23	5	115
511	5	11	5-10-15-14-13-12-11	23	6	138
512	5	12	5-6-7-8-11-12	44	5	220
512	5	12	5-10-15-14-13-12	44	5	220
512	5	12	5-2-1-7-8-11-12	44	6	264
513	5	13	5-10-15-14-13	28	4	112
513	5	13	5-6-7-9-14-13	28	5	140
513	5	13	5-6-7-8-11-12-13	28	6	168
514	5	14	5-10-15-14	24	3	72
514	5	14	5-6-7-9-14	24	4	96
514	5	14	5-2-1-7-9-14	24	5	120
515	5	15	5-10-15	6	2	12
515	5	15	5-6-7-9-14-15	6	5	30
515	5	15	5-2-1-7-9-14-15	6	6	36
516	5	16	5-6-7-8-11-12-16	0	6	0
516	5	16	5-10-15-14-13-12-16	0	6	0
516	5	16	5-2-1-7-8-11-12-16	0	7	0
517	5	17	5-10-15-17	26	3	78
517	5	17	5-6-7-9-14-15-17	26	6	156
517	5	17	5-2-1-7-9-14-15-17	26	7	182
518	5	18	5-10-15-17-19-20-18	23	6	138
518	5	18	5-6-7-8-11-12-16-18	23	7	161
518	5	18	5-10-15-14-13-12-16-18	23	7	161
519	5	19	5-10-15-17-19	31	4	124
519	5	19	5-6-7-9-14-15-17-19	31	7	217
519	5	19	5-2-1-7-9-14-15-17-19	31	8	248
520	5	20	5-10-15-17-19-20	21	5	105
520	5	20	5-6-7-8-11-12-16-18-20	21	8	168
520	5	20	5-6-7-9-14-15-17-19-20	21	8	168
60	6	0	6-7-1-0	6	3	18
60	6	0	6-5-2-0	6	3	18
60	6	0	6-5-2-1-0	6	4	24
61	6	1	6-7-1	48	2	96
61	6	1	6-5-2-1	48	3	144
61	6	1	6-5-2-0-1	48	4	192
62	6	2	6-5-2	24	2	48
62	6	2	6-7-1-2	24	3	72
62	6	2	6-7-1-0-2	24	4	96
63	6	3	6-7-1-3	13	3	39
63	6	3	6-5-4-3	13	3	39
63	6	3	6-5-2-1-3	13	4	52
64	6	4	6-5-4	27	2	54
64	6	4	6-7-1-3-4	27	4	108
64	6	4	6-5-2-1-3-4	27	5	135
65	6	5	6-5	35	1	35
65	6	5	6-7-1-2-5	35	4	140
65	6	5	6-7-1-0-2-5	35	5	175
67	6	7	6-7	24	1	24
67	6	7	6-5-2-1-7	24	4	96
67	6	7	6-5-2-0-1-7	24	5	120
68	6	8	6-7-8	23	2	46
68	6	8	6-5-2-1-7-8	23	5	115
68	6	8	6-5-2-0-1-7-8	23	6	138
69	6	9	6-7-9	26	2	52
69	6	9	6-5-10-15-14-9	26	5	130
69	6	9	6-5-2-1-7-9	26	5	130
610	6	10	6-5-10	11	2	22
610	6	10	6-7-9-14-15-10	11	5	55
610	6	10	6-7-1-2-5-10	11	5	55
611	6	11	6-7-8-11	24	3	72
611	6	11	6-7-9-14-13-12-11	24	6	144
611	6	11	6-5-2-1-7-8-11	24	6	144
612	6	12	6-7-8-11-12	28	4	112
612	6	12	6-7-9-14-13-12	28	5	140
612	6	12	6-5-10-15-14-13-12	28	6	168
613	6	13	6-7-9-14-13	17	4	68
613	6	13	6-7-8-11-12-13	17	5	85
613	6	13	6-5-10-15-14-13	17	5	85
614	6	14	6-7-9-14	9	3	27
614	6	14	6-5-10-15-14	9	4	36
614	6	14	6-7-8-11-12-13-14	9	6	54
615	6	15	6-5-10-15	41	3	123
615	6	15	6-7-9-14-15	41	4	164
615	6	15	6-7-1-2-5-10-15	41	6	246
616	6	16	6-7-8-11-12-16	33	5	165
616	6	16	6-7-9-14-13-12-16	33	6	198
616	6	16	6-5-10-15-14-13-12-16	33	7	231
617	6	17	6-5-10-15-17	29	4	116
617	6	17	6-7-9-14-15-17	29	5	145
617	6	17	6-7-1-2-5-10-15-17	29	7	203
618	6	18	6-7-8-11-12-16-18	19	6	114
618	6	18	6-7-9-14-13-12-16-18	19	7	133
618	6	18	6-5-10-15-17-19-20-18	19	7	133
619	6	19	6-5-10-15-17-19	23	5	115
619	6	19	6-7-9-14-15-17-19	23	6	138
619	6	19	6-7-1-2-5-10-15-17-19	23	8	184
620	6	20	6-5-10-15-17-19-20	27	6	162
620	6	20	6-7-8-11-12-16-18-20	27	7	189
620	6	20	6-7-9-14-15-17-19-20	27	7	189
70	7	0	7-1-0	42	2	84
70	7	0	7-1-2-0	42	3	126
70	7	0	7-6-5-2-0	42	4	168
71	7	1	7-1	37	1	37
71	7	1	7-6-5-2-1	37	4	148
71	7	1	7-6-5-2-0-1	37	5	185
72	7	2	7-1-2	37	2	74
72	7	2	7-1-0-2	37	3	111
72	7	2	7-6-5-2	37	3	111
73	7	3	7-1-3	43	2	86
73	7	3	7-6-5-4-3	43	4	172
73	7	3	7-6-5-2-1-3	43	5	215
74	7	4	7-1-3-4	2	3	6
74	7	4	7-6-5-4	2	3	6
74	7	4	7-1-2-5-4	2	4	8
75	7	5	7-6-5	19	2	38
75	7	5	7-1-2-5	19	3	57
75	7	5	7-1-0-2-5	19	4	76
76	7	6	7-6	34	1	34
76	7	6	7-1-2-5-6	34	4	136
76	7	6	7-1-0-2-5-6	34	5	170
78	7	8	7-8	31	1	31
78	7	8	7-9-14-13-12-11-8	31	6	186
78	7	8	7-6-5-10-15-14-13-12-11-8	31	9	279
79	7	9	7-9	9	1	9
79	7	9	7-8-11-12-13-14-9	9	6	54
79	7	9	7-6-5-10-15-14-9	9	6	54
710	7	10	7-6-5-10	7	3	21
710	7	10	7-9-14-15-10	7	4	28
710	7	10	7-1-2-5-10	7	4	28
711	7	11	7-8-11	45	2	90
711	7	11	7-9-14-13-12-11	45	5	225
711	7	11	7-6-5-10-15-14-13-12-11	45	8	360
712	7	12	7-8-11-12	26	3	78
712	7	12	7-9-14-13-12	26	4	104
712	7	12	7-6-5-10-15-14-13-12	26	7	182
713	7	13	7-9-14-13	22	3	66
713	7	13	7-8-11-12-13	22	4	88
713	7	13	7-6-5-10-15-14-13	22	6	132
714	7	14	7-9-14	24	2	48
714	7	14	7-8-11-12-13-14	24	5	120
714	7	14	7-6-5-10-15-14	24	5	120
715	7	15	7-9-14-15	27	3	81
715	7	15	7-6-5-10-15	27	4	108
715	7	15	7-1-2-5-10-15	27	5	135
716	7	16	7-8-11-12-16	24	4	96
716	7	16	7-9-14-13-12-16	24	5	120
716	7	16	7-6-5-10-15-14-13-12-16	24	8	192
717	7	17	7-9-14-15-17	37	4	148
717	7	17	7-6-5-10-15-17	37	5	185
717	7	17	7-1-2-5-10-15-17	37	6	222
718	7	18	7-8-11-12-16-18	28	5	140
718	7	18	7-9-14-13-12-16-18	28	6	168
718	7	18	7-9-14-15-17-19-20-18	28	7	196
719	7	19	7-9-14-15-17-19	29	5	145
719	7	19	7-6-5-10-15-17-19	29	6	174
719	7	19	7-1-2-5-10-15-17-19	29	7	203
720	7	20	7-8-11-12-16-18-20	40	6	240
720	7	20	7-9-14-15-17-19-20	40	6	240
720	7	20	7-9-14-13-12-16-18-20	40	7	280
80	8	0	8-7-1-0	12	3	36
80	8	0	8-7-1-2-0	12	4	48
80	8	0	8-7-6-5-2-0	12	5	60
81	8	1	8-7-1	36	2	72
81	8	1	8-7-6-5-2-1	36	5	180
81	8	1	8-7-6-5-2-0-1	36	6	216
82	8	2	8-7-1-2	14	3	42
82	8	2	8-7-1-0-2	14	4	56
82	8	2	8-7-6-5-2	14	4	56
83	8	3	8-7-1-3	21	3	63
83	8	3	8-7-6-5-4-3	21	5	105
83	8	3	8-7-6-5-2-1-3	21	6	126
84	8	4	8-7-1-3-4	38	4	152
84	8	4	8-7-6-5-4	38	4	152
84	8	4	8-7-1-2-5-4	38	5	190
85	8	5	8-7-6-5	7	3	21
85	8	5	8-7-1-2-5	7	4	28
85	8	5	8-7-1-0-2-5	7	5	35
86	8	6	8-7-6	17	2	34
86	8	6	8-7-1-2-5-6	17	5	85
86	8	6	8-7-1-0-2-5-6	17	6	102
87	8	7	8-7	23	1	23
87	8	7	8-11-12-13-14-9-7	23	6	138
87	8	7	8-11-12-13-14-15-10-5-6-7	23	9	207
89	8	9	8-7-9	11	2	22
89	8	9	8-11-12-13-14-9	11	5	55
89	8	9	8-7-6-5-10-15-14-9	11	7	77
810	8	10	8-7-6-5-10	32	4	128
810	8	10	8-7-9-14-15-10	32	5	160
810	8	10	8-7-1-2-5-10	32	5	160
811	8	11	8-11	31	1	31
811	8	11	8-7-9-14-13-12-11	31	6	186
811	8	11	8-7-6-5-10-15-14-13-12-11	31	9	279
812	8	12	8-11-12	9	2	18
812	8	12	8-7-9-14-13-12	9	5	45
812	8	12	8-7-6-5-10-15-14-13-12	9	8	72
813	8	13	8-11-12-13	19	3	57
813	8	13	8-7-9-14-13	19	4	76
813	8	13	8-7-6-5-10-15-14-13	19	7	133
814	8	14	8-7-9-14	44	3	132
814	8	14	8-11-12-13-14	44	4	176
814	8	14	8-7-6-5-10-15-14	44	6	264
815	8	15	8-7-9-14-15	32	4	128
815	8	15	8-11-12-13-14-15	32	5	160
815	8	15	8-7-6-5-10-15	32	5	160
816	8	16	8-11-12-16	12	3	36
816	8	16	8-7-9-14-13-12-16	12	6	72
816	8	16	8-7-6-5-10-15-14-13-12-16	12	9	108
817	8	17	8-7-9-14-15-17	48	5	240
817	8	17	8-11-12-13-14-15-17	48	6	288
817	8	17	8-7-6-5-10-15-17	48	6	288
818	8	18	8-11-12-16-18	47	4	188
818	8	18	8-7-9-14-13-12-16-18	47	7	329
818	8	18	8-7-9-14-15-17-19-20-18	47	8	376
819	8	19	8-7-9-14-15-17-19	20	6	120
819	8	19	8-11-12-16-18-20-19	20	6	120
819	8	19	8-11-12-13-14-15-17-19	20	7	140
820	8	20	8-11-12-16-18-20	42	5	210
820	8	20	8-7-9-14-15-17-19-20	42	7	294
820	8	20	8-7-9-14-13-12-16-18-20	42	8	336
90	9	0	9-7-1-0	11	3	33
90	9	0	9-7-1-2-0	11	4	44
90	9	0	9-7-6-5-2-0	11	5	55
91	9	1	9-7-1	35	2	70
91	9	1	9-7-6-5-2-1	35	5	175
91	9	1	9-7-6-5-2-0-1	35	6	210
92	9	2	9-7-1-2	1	3	3
92	9	2	9-7-1-0-2	1	4	4
92	9	2	9-7-6-5-2	1	4	4
93	9	3	9-7-1-3	1	3	3
93	9	3	9-7-6-5-4-3	1	5	5
93	9	3	9-7-6-5-2-1-3	1	6	6
94	9	4	9-7-1-3-4	18	4	72
94	9	4	9-7-6-5-4	18	4	72
94	9	4	9-7-1-2-5-4	18	5	90
95	9	5	9-7-6-5	6	3	18
95	9	5	9-7-1-2-5	6	4	24
95	9	5	9-14-15-10-5	6	4	24
96	9	6	9-7-6	30	2	60
96	9	6	9-7-1-2-5-6	30	5	150
96	9	6	9-14-15-10-5-6	30	5	150
97	9	7	9-7	11	1	11
97	9	7	9-14-15-10-5-6-7	11	6	66
97	9	7	9-14-13-12-11-8-7	11	6	66
98	9	8	9-7-8	39	2	78
98	9	8	9-14-13-12-11-8	39	5	195
98	9	8	9-14-15-10-5-6-7-8	39	7	273
910	9	10	9-14-15-10	38	3	114
910	9	10	9-7-6-5-10	38	4	152
910	9	10	9-7-1-2-5-10	38	5	190
911	9	11	9-7-8-11	37	3	111
911	9	11	9-14-13-12-11	37	4	148
911	9	11	9-14-15-10-5-6-7-8-11	37	8	296
912	9	12	9-14-13-12	32	3	96
912	9	12	9-7-8-11-12	32	4	128
912	9	12	9-7-6-5-10-15-14-13-12	32	8	256
913	9	13	9-14-13	7	2	14
913	9	13	9-7-8-11-12-13	7	5	35
913	9	13	9-7-6-5-10-15-14-13	7	7	49
914	9	14	9-14	40	1	40
914	9	14	9-7-8-11-12-13-14	40	6	240
914	9	14	9-7-6-5-10-15-14	40	6	240
915	9	15	9-14-15	29	2	58
915	9	15	9-7-6-5-10-15	29	5	145
915	9	15	9-7-1-2-5-10-15	29	6	174
916	9	16	9-14-13-12-16	5	4	20
916	9	16	9-7-8-11-12-16	5	5	25
916	9	16	9-14-15-17-19-20-18-16	5	7	35
917	9	17	9-14-15-17	1	3	3
917	9	17	9-7-6-5-10-15-17	1	6	6
917	9	17	9-7-1-2-5-10-15-17	1	7	7
918	9	18	9-14-13-12-16-18	7	5	35
918	9	18	9-7-8-11-12-16-18	7	6	42
918	9	18	9-14-15-17-19-20-18	7	6	42
919	9	19	9-14-15-17-19	5	4	20
919	9	19	9-7-6-5-10-15-17-19	5	7	35
919	9	19	9-14-13-12-16-18-20-19	5	7	35
920	9	20	9-14-15-17-19-20	21	5	105
920	9	20	9-14-13-12-16-18-20	21	6	126
920	9	20	9-7-8-11-12-16-18-20	21	7	147
100	10	0	10-5-2-0	34	3	102
100	10	0	10-5-2-1-0	34	4	136
100	10	0	10-5-4-3-1-0	34	5	170
101	10	1	10-5-2-1	7	3	21
101	10	1	10-5-2-0-1	7	4	28
101	10	1	10-5-6-7-1	7	4	28
102	10	2	10-5-2	9	2	18
102	10	2	10-5-4-3-1-2	9	5	45
102	10	2	10-5-6-7-1-2	9	5	45
103	10	3	10-5-4-3	33	3	99
103	10	3	10-5-2-1-3	33	4	132
103	10	3	10-5-2-0-1-3	33	5	165
104	10	4	10-5-4	25	2	50
104	10	4	10-5-2-1-3-4	25	5	125
104	10	4	10-5-2-0-1-3-4	25	6	150
105	10	5	10-5	48	1	48
105	10	5	10-15-14-9-7-6-5	48	6	288
105	10	5	10-15-14-9-7-1-2-5	48	7	336
106	10	6	10-5-6	15	2	30
106	10	6	10-5-2-1-7-6	15	5	75
106	10	6	10-15-14-9-7-6	15	5	75
107	10	7	10-5-6-7	46	3	138
107	10	7	10-5-2-1-7	46	4	184
107	10	7	10-15-14-9-7	46	4	184
108	10	8	10-5-6-7-8	33	4	132
108	10	8	10-5-2-1-7-8	33	5	165
108	10	8	10-15-14-9-7-8	33	5	165
109	10	9	10-15-14-9	11	3	33
109	10	9	10-5-6-7-9	11	4	44
109	10	9	10-5-2-1-7-9	11	5	55
1011	10	11	10-15-14-13-12-11	4	5	20
1011	10	11	10-5-6-7-8-11	4	5	20
1011	10	11	10-5-2-1-7-8-11	4	6	24
1012	10	12	10-15-14-13-12	28	4	112
1012	10	12	10-5-6-7-8-11-12	28	6	168
1012	10	12	10-5-2-1-7-8-11-12	28	7	196
1013	10	13	10-15-14-13	5	3	15
1013	10	13	10-5-6-7-9-14-13	5	6	30
1013	10	13	10-5-6-7-8-11-12-13	5	7	35
1014	10	14	10-15-14	36	2	72
1014	10	14	10-5-6-7-9-14	36	5	180
1014	10	14	10-5-2-1-7-9-14	36	6	216
1015	10	15	10-15	15	1	15
1015	10	15	10-5-6-7-9-14-15	15	6	90
1015	10	15	10-5-2-1-7-9-14-15	15	7	105
1016	10	16	10-15-14-13-12-16	35	5	175
1016	10	16	10-15-17-19-20-18-16	35	6	210
1016	10	16	10-5-6-7-8-11-12-16	35	7	245
1017	10	17	10-15-17	40	2	80
1017	10	17	10-5-6-7-9-14-15-17	40	7	280
1017	10	17	10-5-2-1-7-9-14-15-17	40	8	320
1018	10	18	10-15-17-19-20-18	2	5	10
1018	10	18	10-15-14-13-12-16-18	2	6	12
1018	10	18	10-5-6-7-8-11-12-16-18	2	8	16
1019	10	19	10-15-17-19	8	3	24
1019	10	19	10-5-6-7-9-14-15-17-19	8	8	64
1019	10	19	10-15-14-13-12-16-18-20-19	8	8	64
1020	10	20	10-15-17-19-20	1	4	4
1020	10	20	10-15-14-13-12-16-18-20	1	7	7
1020	10	20	10-5-6-7-8-11-12-16-18-20	1	9	9
110	11	0	11-8-7-1-0	5	4	20
110	11	0	11-8-7-1-2-0	5	5	25
110	11	0	11-8-7-6-5-2-0	5	6	30
111	11	1	11-8-7-1	3	3	9
111	11	1	11-8-7-6-5-2-1	3	6	18
111	11	1	11-12-13-14-9-7-1	3	6	18
112	11	2	11-8-7-1-2	45	4	180
112	11	2	11-8-7-1-0-2	45	5	225
112	11	2	11-8-7-6-5-2	45	5	225
113	11	3	11-8-7-1-3	38	4	152
113	11	3	11-8-7-6-5-4-3	38	6	228
113	11	3	11-8-7-6-5-2-1-3	38	7	266
114	11	4	11-8-7-1-3-4	41	5	205
114	11	4	11-8-7-6-5-4	41	5	205
114	11	4	11-8-7-1-2-5-4	41	6	246
115	11	5	11-8-7-6-5	3	4	12
115	11	5	11-8-7-1-2-5	3	5	15
115	11	5	11-8-7-1-0-2-5	3	6	18
116	11	6	11-8-7-6	10	3	30
116	11	6	11-8-7-1-2-5-6	10	6	60
116	11	6	11-12-13-14-9-7-6	10	6	60
117	11	7	11-8-7	25	2	50
117	11	7	11-12-13-14-9-7	25	5	125
117	11	7	11-12-13-14-15-10-5-6-7	25	8	200
118	11	8	11-8	7	1	7
118	11	8	11-12-13-14-9-7-8	7	6	42
118	11	8	11-12-13-14-15-10-5-6-7-8	7	9	63
119	11	9	11-8-7-9	43	3	129
119	11	9	11-12-13-14-9	43	4	172
119	11	9	11-8-7-6-5-10-15-14-9	43	8	344
1110	11	10	11-12-13-14-15-10	38	5	190
1110	11	10	11-8-7-6-5-10	38	5	190
1110	11	10	11-8-7-9-14-15-10	38	6	228
1112	11	12	11-12	36	1	36
1112	11	12	11-8-7-9-14-13-12	36	6	216
1112	11	12	11-8-7-6-5-10-15-14-13-12	36	9	324
1113	11	13	11-12-13	4	2	8
1113	11	13	11-8-7-9-14-13	4	5	20
1113	11	13	11-8-7-6-5-10-15-14-13	4	8	32
1114	11	14	11-12-13-14	36	3	108
1114	11	14	11-8-7-9-14	36	4	144
1114	11	14	11-8-7-6-5-10-15-14	36	7	252
1115	11	15	11-12-13-14-15	40	4	160
1115	11	15	11-8-7-9-14-15	40	5	200
1115	11	15	11-8-7-6-5-10-15	40	6	240
1116	11	16	11-12-16	48	2	96
1116	11	16	11-8-7-9-14-13-12-16	48	7	336
1116	11	16	11-12-13-14-15-17-19-20-18-16	48	9	432
1117	11	17	11-12-13-14-15-17	32	5	160
1117	11	17	11-8-7-9-14-15-17	32	6	192
1117	11	17	11-12-16-18-20-19-17	32	6	192
1118	11	18	11-12-16-18	32	3	96
1118	11	18	11-8-7-9-14-13-12-16-18	32	8	256
1118	11	18	11-12-13-14-15-17-19-20-18	32	8	256
1119	11	19	11-12-16-18-20-19	31	5	155
1119	11	19	11-12-13-14-15-17-19	31	6	186
1119	11	19	11-8-7-9-14-15-17-19	31	7	217
1120	11	20	11-12-16-18-20	29	4	116
1120	11	20	11-12-13-14-15-17-19-20	29	7	203
1120	11	20	11-8-7-9-14-15-17-19-20	29	8	232
120	12	0	12-11-8-7-1-0	17	5	85
120	12	0	12-13-14-9-7-1-0	17	6	102
120	12	0	12-11-8-7-1-2-0	17	6	102
121	12	1	12-11-8-7-1	46	4	184
121	12	1	12-13-14-9-7-1	46	5	230
121	12	1	12-11-8-7-6-5-2-1	46	7	322
122	12	2	12-11-8-7-1-2	0	5	0
122	12	2	12-11-8-7-1-0-2	0	6	0
122	12	2	12-13-14-15-10-5-2	0	6	0
123	12	3	12-11-8-7-1-3	26	5	130
123	12	3	12-13-14-9-7-1-3	26	6	156
123	12	3	12-11-8-7-6-5-4-3	26	7	182
124	12	4	12-11-8-7-1-3-4	0	6	0
124	12	4	12-13-14-15-10-5-4	0	6	0
124	12	4	12-11-8-7-6-5-4	0	6	0
125	12	5	12-11-8-7-6-5	22	5	110
125	12	5	12-13-14-15-10-5	22	5	110
125	12	5	12-11-8-7-1-2-5	22	6	132
126	12	6	12-11-8-7-6	18	4	72
126	12	6	12-13-14-9-7-6	18	5	90
126	12	6	12-13-14-15-10-5-6	18	6	108
127	12	7	12-11-8-7	6	3	18
127	12	7	12-13-14-9-7	6	4	24
127	12	7	12-13-14-15-10-5-6-7	6	7	42
128	12	8	12-11-8	32	2	64
128	12	8	12-13-14-9-7-8	32	5	160
128	12	8	12-13-14-15-10-5-6-7-8	32	8	256
129	12	9	12-13-14-9	5	3	15
129	12	9	12-11-8-7-9	5	4	20
129	12	9	12-16-18-20-19-17-15-14-9	5	8	40
1210	12	10	12-13-14-15-10	26	4	104
1210	12	10	12-11-8-7-6-5-10	26	6	156
1210	12	10	12-11-8-7-9-14-15-10	26	7	182
1211	12	11	12-11	34	1	34
1211	12	11	12-13-14-9-7-8-11	34	6	204
1211	12	11	12-13-14-15-10-5-6-7-8-11	34	9	306
1213	12	13	12-13	13	1	13
1213	12	13	12-11-8-7-9-14-13	13	6	78
1213	12	13	12-16-18-20-19-17-15-14-13	13	8	104
1214	12	14	12-13-14	24	2	48
1214	12	14	12-11-8-7-9-14	24	5	120
1214	12	14	12-16-18-20-19-17-15-14	24	7	168
1215	12	15	12-13-14-15	7	3	21
1215	12	15	12-11-8-7-9-14-15	7	6	42
1215	12	15	12-16-18-20-19-17-15	7	6	42
1216	12	16	12-16	46	1	46
1216	12	16	12-13-14-15-17-19-20-18-16	46	8	368
1216	12	16	12-11-8-7-9-14-15-17-19-20-18-16	46	11	506
1217	12	17	12-13-14-15-17	19	4	76
1217	12	17	12-16-18-20-19-17	19	5	95
1217	12	17	12-11-8-7-9-14-15-17	19	7	133
1218	12	18	12-16-18	37	2	74
1218	12	18	12-13-14-15-17-19-20-18	37	7	259
1218	12	18	12-11-8-7-9-14-15-17-19-20-18	37	10	370
1219	12	19	12-16-18-20-19	16	4	64
1219	12	19	12-13-14-15-17-19	16	5	80
1219	12	19	12-11-8-7-9-14-15-17-19	16	8	128
1220	12	20	12-16-18-20	27	3	81
1220	12	20	12-13-14-15-17-19-20	27	6	162
1220	12	20	12-11-8-7-9-14-15-17-19-20	27	9	243
130	13	0	13-14-9-7-1-0	15	5	75
130	13	0	13-12-11-8-7-1-0	15	6	90
130	13	0	13-14-15-10-5-2-0	15	6	90
131	13	1	13-14-9-7-1	4	4	16
131	13	1	13-12-11-8-7-1	4	5	20
131	13	1	13-14-15-10-5-2-1	4	6	24
132	13	2	13-14-9-7-1-2	47	5	235
132	13	2	13-14-15-10-5-2	47	5	235
132	13	2	13-14-9-7-1-0-2	47	6	282
133	13	3	13-14-9-7-1-3	17	5	85
133	13	3	13-12-11-8-7-1-3	17	6	102
133	13	3	13-14-15-10-5-4-3	17	6	102
134	13	4	13-14-15-10-5-4	4	5	20
134	13	4	13-14-9-7-1-3-4	4	6	24
134	13	4	13-14-9-7-6-5-4	4	6	24
135	13	5	13-14-15-10-5	11	4	44
135	13	5	13-14-9-7-6-5	11	5	55
135	13	5	13-14-9-7-1-2-5	11	6	66
136	13	6	13-14-9-7-6	35	4	140
136	13	6	13-14-15-10-5-6	35	5	175
136	13	6	13-12-11-8-7-6	35	5	175
137	13	7	13-14-9-7	26	3	78
137	13	7	13-12-11-8-7	26	4	104
137	13	7	13-14-15-10-5-6-7	26	6	156
138	13	8	13-12-11-8	18	3	54
138	13	8	13-14-9-7-8	18	4	72
138	13	8	13-14-15-10-5-6-7-8	18	7	126
139	13	9	13-14-9	20	2	40
139	13	9	13-12-11-8-7-9	20	5	100
139	13	9	13-14-15-10-5-6-7-9	20	7	140
1310	13	10	13-14-15-10	29	3	87
1310	13	10	13-14-9-7-6-5-10	29	6	174
1310	13	10	13-14-9-7-1-2-5-10	29	7	203
1311	13	11	13-12-11	15	2	30
1311	13	11	13-14-9-7-8-11	15	5	75
1311	13	11	13-14-15-10-5-6-7-8-11	15	8	120
1312	13	12	13-12	30	1	30
1312	13	12	13-14-9-7-8-11-12	30	6	180
1312	13	12	13-14-15-17-19-20-18-16-12	30	8	240
1314	13	14	13-14	27	1	27
1314	13	14	13-12-11-8-7-9-14	27	6	162
1314	13	14	13-12-16-18-20-19-17-15-14	27	8	216
1315	13	15	13-14-15	44	2	88
1315	13	15	13-12-11-8-7-9-14-15	44	7	308
1315	13	15	13-14-9-7-6-5-10-15	44	7	308
1316	13	16	13-12-16	13	2	26
1316	13	16	13-14-9-7-8-11-12-16	13	7	91
1316	13	16	13-14-15-17-19-20-18-16	13	7	91
1317	13	17	13-14-15-17	7	3	21
1317	13	17	13-12-16-18-20-19-17	7	6	42
1317	13	17	13-12-11-8-7-9-14-15-17	7	8	56
1318	13	18	13-12-16-18	16	3	48
1318	13	18	13-14-15-17-19-20-18	16	6	96
1318	13	18	13-14-9-7-8-11-12-16-18	16	8	128
1319	13	19	13-14-15-17-19	8	4	32
1319	13	19	13-12-16-18-20-19	8	5	40
1319	13	19	13-12-11-8-7-9-14-15-17-19	8	9	72
1320	13	20	13-12-16-18-20	15	4	60
1320	13	20	13-14-15-17-19-20	15	5	75
1320	13	20	13-14-9-7-8-11-12-16-18-20	15	9	135
140	14	0	14-9-7-1-0	45	4	180
140	14	0	14-9-7-1-2-0	45	5	225
140	14	0	14-15-10-5-2-0	45	5	225
141	14	1	14-9-7-1	17	3	51
141	14	1	14-15-10-5-2-1	17	5	85
141	14	1	14-15-10-5-2-0-1	17	6	102
142	14	2	14-9-7-1-2	39	4	156
142	14	2	14-15-10-5-2	39	4	156
142	14	2	14-9-7-1-0-2	39	5	195
143	14	3	14-9-7-1-3	30	4	120
143	14	3	14-15-10-5-4-3	30	5	150
143	14	3	14-15-10-5-2-1-3	30	6	180
144	14	4	14-15-10-5-4	32	4	128
144	14	4	14-9-7-1-3-4	32	5	160
144	14	4	14-9-7-6-5-4	32	5	160
145	14	5	14-15-10-5	12	3	36
145	14	5	14-9-7-6-5	12	4	48
145	14	5	14-9-7-1-2-5	12	5	60
146	14	6	14-9-7-6	28	3	84
146	14	6	14-15-10-5-6	28	4	112
146	14	6	14-9-7-1-2-5-6	28	6	168
147	14	7	14-9-7	10	2	20
147	14	7	14-15-10-5-6-7	10	5	50
147	14	7	14-13-12-11-8-7	10	5	50
148	14	8	14-9-7-8	41	3	123
148	14	8	14-13-12-11-8	41	4	164
148	14	8	14-15-10-5-6-7-8	41	6	246
149	14	9	14-9	39	1	39
149	14	9	14-15-10-5-6-7-9	39	6	234
149	14	9	14-13-12-11-8-7-9	39	6	234
1410	14	10	14-15-10	24	2	48
1410	14	10	14-9-7-6-5-10	24	5	120
1410	14	10	14-9-7-1-2-5-10	24	6	144
1411	14	11	14-13-12-11	24	3	72
1411	14	11	14-9-7-8-11	24	4	96
1411	14	11	14-15-10-5-6-7-8-11	24	7	168
1412	14	12	14-13-12	13	2	26
1412	14	12	14-9-7-8-11-12	13	5	65
1412	14	12	14-15-17-19-20-18-16-12	13	7	91
1413	14	13	14-13	32	1	32
1413	14	13	14-9-7-8-11-12-13	32	6	192
1413	14	13	14-15-17-19-20-18-16-12-13	32	8	256
1415	14	15	14-15	32	1	32
1415	14	15	14-9-7-6-5-10-15	32	6	192
1415	14	15	14-9-7-1-2-5-10-15	32	7	224
1416	14	16	14-13-12-16	2	3	6
1416	14	16	14-9-7-8-11-12-16	2	6	12
1416	14	16	14-15-17-19-20-18-16	2	6	12
1417	14	17	14-15-17	9	2	18
1417	14	17	14-9-7-6-5-10-15-17	9	7	63
1417	14	17	14-13-12-16-18-20-19-17	9	7	63
1418	14	18	14-13-12-16-18	37	4	148
1418	14	18	14-15-17-19-20-18	37	5	185
1418	14	18	14-9-7-8-11-12-16-18	37	7	259
1419	14	19	14-15-17-19	42	3	126
1419	14	19	14-13-12-16-18-20-19	42	6	252
1419	14	19	14-9-7-6-5-10-15-17-19	42	8	336
1420	14	20	14-15-17-19-20	0	4	0
1420	14	20	14-13-12-16-18-20	0	5	0
1420	14	20	14-9-7-8-11-12-16-18-20	0	8	0
150	15	0	15-10-5-2-0	7	4	28
150	15	0	15-10-5-2-1-0	7	5	35
150	15	0	15-14-9-7-1-0	7	5	35
151	15	1	15-10-5-2-1	22	4	88
151	15	1	15-14-9-7-1	22	4	88
151	15	1	15-10-5-2-0-1	22	5	110
152	15	2	15-10-5-2	22	3	66
152	15	2	15-14-9-7-1-2	22	5	110
152	15	2	15-14-9-7-1-0-2	22	6	132
153	15	3	15-10-5-4-3	37	4	148
153	15	3	15-10-5-2-1-3	37	5	185
153	15	3	15-14-9-7-1-3	37	5	185
154	15	4	15-10-5-4	35	3	105
154	15	4	15-10-5-2-1-3-4	35	6	210
154	15	4	15-14-9-7-6-5-4	35	6	210
155	15	5	15-10-5	3	2	6
155	15	5	15-14-9-7-6-5	3	5	15
155	15	5	15-14-9-7-1-2-5	3	6	18
156	15	6	15-10-5-6	17	3	51
156	15	6	15-14-9-7-6	17	4	68
156	15	6	15-10-5-2-1-7-6	17	6	102
157	15	7	15-14-9-7	4	3	12
157	15	7	15-10-5-6-7	4	4	16
157	15	7	15-10-5-2-1-7	4	5	20
158	15	8	15-14-9-7-8	8	4	32
158	15	8	15-14-13-12-11-8	8	5	40
158	15	8	15-10-5-6-7-8	8	5	40
159	15	9	15-14-9	21	2	42
159	15	9	15-10-5-6-7-9	21	5	105
159	15	9	15-10-5-2-1-7-9	21	6	126
1510	15	10	15-10	5	1	5
1510	15	10	15-14-9-7-6-5-10	5	6	30
1510	15	10	15-14-9-7-1-2-5-10	5	7	35
1511	15	11	15-14-13-12-11	18	4	72
1511	15	11	15-14-9-7-8-11	18	5	90
1511	15	11	15-10-5-6-7-8-11	18	6	108
1512	15	12	15-14-13-12	17	3	51
1512	15	12	15-14-9-7-8-11-12	17	6	102
1512	15	12	15-17-19-20-18-16-12	17	6	102
1513	15	13	15-14-13	28	2	56
1513	15	13	15-14-9-7-8-11-12-13	28	7	196
1513	15	13	15-10-5-6-7-9-14-13	28	7	196
1514	15	14	15-14	44	1	44
1514	15	14	15-10-5-6-7-9-14	44	6	264
1514	15	14	15-10-5-2-1-7-9-14	44	7	308
1516	15	16	15-14-13-12-16	2	4	8
1516	15	16	15-17-19-20-18-16	2	5	10
1516	15	16	15-14-9-7-8-11-12-16	2	7	14
1517	15	17	15-17	17	1	17
1517	15	17	15-14-13-12-16-18-20-19-17	17	8	136
1517	15	17	15-14-9-7-8-11-12-16-18-20-19-17	17	11	187
1518	15	18	15-17-19-20-18	37	4	148
1518	15	18	15-14-13-12-16-18	37	5	185
1518	15	18	15-14-9-7-8-11-12-16-18	37	8	296
1519	15	19	15-17-19	34	2	68
1519	15	19	15-14-13-12-16-18-20-19	34	7	238
1519	15	19	15-14-9-7-8-11-12-16-18-20-19	34	10	340
1520	15	20	15-17-19-20	5	3	15
1520	15	20	15-14-13-12-16-18-20	5	6	30
1520	15	20	15-14-9-7-8-11-12-16-18-20	5	9	45
160	16	0	16-12-11-8-7-1-0	15	6	90
160	16	0	16-12-13-14-9-7-1-0	15	7	105
160	16	0	16-12-11-8-7-1-2-0	15	7	105
161	16	1	16-12-11-8-7-1	22	5	110
161	16	1	16-12-13-14-9-7-1	22	6	132
161	16	1	16-12-11-8-7-6-5-2-1	22	8	176
162	16	2	16-12-11-8-7-1-2	10	6	60
162	16	2	16-12-11-8-7-1-0-2	10	7	70
162	16	2	16-12-13-14-15-10-5-2	10	7	70
163	16	3	16-12-11-8-7-1-3	46	6	276
163	16	3	16-12-13-14-9-7-1-3	46	7	322
163	16	3	16-12-11-8-7-6-5-4-3	46	8	368
164	16	4	16-12-11-8-7-1-3-4	12	7	84
164	16	4	16-12-13-14-15-10-5-4	12	7	84
164	16	4	16-12-11-8-7-6-5-4	12	7	84
165	16	5	16-12-11-8-7-6-5	16	6	96
165	16	5	16-12-13-14-15-10-5	16	6	96
165	16	5	16-12-11-8-7-1-2-5	16	7	112
166	16	6	16-12-11-8-7-6	23	5	115
166	16	6	16-12-13-14-9-7-6	23	6	138
166	16	6	16-12-13-14-15-10-5-6	23	7	161
167	16	7	16-12-11-8-7	35	4	140
167	16	7	16-12-13-14-9-7	35	5	175
167	16	7	16-12-13-14-15-10-5-6-7	35	8	280
168	16	8	16-12-11-8	43	3	129
168	16	8	16-12-13-14-9-7-8	43	6	258
168	16	8	16-12-13-14-15-10-5-6-7-8	43	9	387
169	16	9	16-12-13-14-9	12	4	48
169	16	9	16-12-11-8-7-9	12	5	60
169	16	9	16-18-20-19-17-15-14-9	12	7	84
1610	16	10	16-12-13-14-15-10	43	5	215
1610	16	10	16-18-20-19-17-15-10	43	6	258
1610	16	10	16-12-11-8-7-6-5-10	43	7	301
1611	16	11	16-12-11	3	2	6
1611	16	11	16-12-13-14-9-7-8-11	3	7	21
1611	16	11	16-18-20-19-17-15-14-13-12-11	3	9	27
1612	16	12	16-12	42	1	42
1612	16	12	16-18-20-19-17-15-14-13-12	42	8	336
1612	16	12	16-18-20-19-17-15-14-9-7-8-11-12	42	11	462
1613	16	13	16-12-13	25	2	50
1613	16	13	16-18-20-19-17-15-14-13	25	7	175
1613	16	13	16-12-11-8-7-9-14-13	25	7	175
1614	16	14	16-12-13-14	43	3	129
1614	16	14	16-18-20-19-17-15-14	43	6	258
1614	16	14	16-12-11-8-7-9-14	43	6	258
1615	16	15	16-12-13-14-15	9	4	36
1615	16	15	16-18-20-19-17-15	9	5	45
1615	16	15	16-12-11-8-7-9-14-15	9	7	63
1617	16	17	16-18-20-19-17	28	4	112
1617	16	17	16-12-13-14-15-17	28	5	140
1617	16	17	16-12-11-8-7-9-14-15-17	28	8	224
1618	16	18	16-18	41	1	41
1618	16	18	16-12-13-14-15-17-19-20-18	41	8	328
1618	16	18	16-12-11-8-7-9-14-15-17-19-20-18	41	11	451
1619	16	19	16-18-20-19	47	3	141
1619	16	19	16-12-13-14-15-17-19	47	6	282
1619	16	19	16-12-11-8-7-9-14-15-17-19	47	9	423
1620	16	20	16-18-20	32	2	64
1620	16	20	16-12-13-14-15-17-19-20	32	7	224
1620	16	20	16-12-11-8-7-9-14-15-17-19-20	32	10	320
170	17	0	17-15-10-5-2-0	1	5	5
170	17	0	17-15-10-5-2-1-0	1	6	6
170	17	0	17-15-14-9-7-1-0	1	6	6
171	17	1	17-15-10-5-2-1	48	5	240
171	17	1	17-15-14-9-7-1	48	5	240
171	17	1	17-15-10-5-2-0-1	48	6	288
172	17	2	17-15-10-5-2	40	4	160
172	17	2	17-15-14-9-7-1-2	40	6	240
172	17	2	17-15-14-9-7-1-0-2	40	7	280
173	17	3	17-15-10-5-4-3	17	5	85
173	17	3	17-15-10-5-2-1-3	17	6	102
173	17	3	17-15-14-9-7-1-3	17	6	102
174	17	4	17-15-10-5-4	22	4	88
174	17	4	17-15-10-5-2-1-3-4	22	7	154
174	17	4	17-15-14-9-7-6-5-4	22	7	154
175	17	5	17-15-10-5	19	3	57
175	17	5	17-15-14-9-7-6-5	19	6	114
175	17	5	17-15-14-9-7-1-2-5	19	7	133
176	17	6	17-15-10-5-6	0	4	0
176	17	6	17-15-14-9-7-6	0	5	0
176	17	6	17-15-10-5-2-1-7-6	0	7	0
177	17	7	17-15-14-9-7	16	4	64
177	17	7	17-15-10-5-6-7	16	5	80
177	17	7	17-15-10-5-2-1-7	16	6	96
178	17	8	17-15-14-9-7-8	1	5	5
178	17	8	17-15-14-13-12-11-8	1	6	6
178	17	8	17-15-10-5-6-7-8	1	6	6
179	17	9	17-15-14-9	17	3	51
179	17	9	17-15-10-5-6-7-9	17	6	102
179	17	9	17-15-10-5-2-1-7-9	17	7	119
1710	17	10	17-15-10	19	2	38
1710	17	10	17-15-14-9-7-6-5-10	19	7	133
1710	17	10	17-15-14-9-7-1-2-5-10	19	8	152
1711	17	11	17-15-14-13-12-11	17	5	85
1711	17	11	17-19-20-18-16-12-11	17	6	102
1711	17	11	17-15-14-9-7-8-11	17	6	102
1712	17	12	17-15-14-13-12	9	4	36
1712	17	12	17-19-20-18-16-12	9	5	45
1712	17	12	17-15-14-9-7-8-11-12	9	7	63
1713	17	13	17-15-14-13	4	3	12
1713	17	13	17-19-20-18-16-12-13	4	6	24
1713	17	13	17-15-14-9-7-8-11-12-13	4	8	32
1714	17	14	17-15-14	42	2	84
1714	17	14	17-19-20-18-16-12-13-14	42	7	294
1714	17	14	17-15-10-5-6-7-9-14	42	7	294
1715	17	15	17-15	47	1	47
1715	17	15	17-19-20-18-16-12-13-14-15	47	8	376
1715	17	15	17-19-20-18-16-12-11-8-7-9-14-15	47	11	517
1716	17	16	17-19-20-18-16	29	4	116
1716	17	16	17-15-14-13-12-16	29	5	145
1716	17	16	17-15-14-9-7-8-11-12-16	29	8	232
1718	17	18	17-19-20-18	9	3	27
1718	17	18	17-15-14-13-12-16-18	9	6	54
1718	17	18	17-15-14-9-7-8-11-12-16-18	9	9	81
1719	17	19	17-19	17	1	17
1719	17	19	17-15-14-13-12-16-18-20-19	17	8	136
1719	17	19	17-15-14-9-7-8-11-12-16-18-20-19	17	11	187
1720	17	20	17-19-20	0	2	0
1720	17	20	17-15-14-13-12-16-18-20	0	7	0
1720	17	20	17-15-14-9-7-8-11-12-16-18-20	0	10	0
180	18	0	18-16-12-11-8-7-1-0	40	7	280
180	18	0	18-16-12-13-14-9-7-1-0	40	8	320
180	18	0	18-20-19-17-15-10-5-2-0	40	8	320
181	18	1	18-16-12-11-8-7-1	24	6	144
181	18	1	18-16-12-13-14-9-7-1	24	7	168
181	18	1	18-20-19-17-15-10-5-2-1	24	8	192
182	18	2	18-16-12-11-8-7-1-2	3	7	21
182	18	2	18-20-19-17-15-10-5-2	3	7	21
182	18	2	18-16-12-11-8-7-1-0-2	3	8	24
183	18	3	18-16-12-11-8-7-1-3	45	7	315
183	18	3	18-16-12-13-14-9-7-1-3	45	8	360
183	18	3	18-20-19-17-15-10-5-4-3	45	8	360
184	18	4	18-20-19-17-15-10-5-4	34	7	238
184	18	4	18-16-12-11-8-7-1-3-4	34	8	272
184	18	4	18-16-12-13-14-15-10-5-4	34	8	272
185	18	5	18-20-19-17-15-10-5	11	6	66
185	18	5	18-16-12-11-8-7-6-5	11	7	77
185	18	5	18-16-12-13-14-15-10-5	11	7	77
186	18	6	18-16-12-11-8-7-6	37	6	222
186	18	6	18-20-19-17-15-10-5-6	37	7	259
186	18	6	18-16-12-13-14-9-7-6	37	7	259
187	18	7	18-16-12-11-8-7	45	5	225
187	18	7	18-16-12-13-14-9-7	45	6	270
187	18	7	18-20-19-17-15-14-9-7	45	7	315
188	18	8	18-16-12-11-8	31	4	124
188	18	8	18-16-12-13-14-9-7-8	31	7	217
188	18	8	18-20-19-17-15-14-9-7-8	31	8	248
189	18	9	18-16-12-13-14-9	17	5	85
189	18	9	18-20-19-17-15-14-9	17	6	102
189	18	9	18-16-12-11-8-7-9	17	6	102
1810	18	10	18-20-19-17-15-10	39	5	195
1810	18	10	18-16-12-13-14-15-10	39	6	234
1810	18	10	18-16-12-11-8-7-6-5-10	39	8	312
1811	18	11	18-16-12-11	34	3	102
1811	18	11	18-20-19-17-15-14-13-12-11	34	8	272
1811	18	11	18-16-12-13-14-9-7-8-11	34	8	272
1812	18	12	18-16-12	24	2	48
1812	18	12	18-20-19-17-15-14-13-12	24	7	168
1812	18	12	18-20-19-17-15-14-9-7-8-11-12	24	10	240
1813	18	13	18-16-12-13	3	3	9
1813	18	13	18-20-19-17-15-14-13	3	6	18
1813	18	13	18-16-12-11-8-7-9-14-13	3	8	24
1814	18	14	18-16-12-13-14	18	4	72
1814	18	14	18-20-19-17-15-14	18	5	90
1814	18	14	18-16-12-11-8-7-9-14	18	7	126
1815	18	15	18-20-19-17-15	47	4	188
1815	18	15	18-16-12-13-14-15	47	5	235
1815	18	15	18-16-12-11-8-7-9-14-15	47	8	376
1816	18	16	18-16	12	1	12
1816	18	16	18-20-19-17-15-14-13-12-16	12	8	96
1816	18	16	18-20-19-17-15-14-9-7-8-11-12-16	12	11	132
1817	18	17	18-20-19-17	48	3	144
1817	18	17	18-16-12-13-14-15-17	48	6	288
1817	18	17	18-16-12-11-8-7-9-14-15-17	48	9	432
1819	18	19	18-20-19	43	2	86
1819	18	19	18-16-12-13-14-15-17-19	43	7	301
1819	18	19	18-16-12-11-8-7-9-14-15-17-19	43	10	430
1820	18	20	18-20	45	1	45
1820	18	20	18-16-12-13-14-15-17-19-20	45	8	360
1820	18	20	18-16-12-11-8-7-9-14-15-17-19-20	45	11	495
190	19	0	19-17-15-10-5-2-0	10	6	60
190	19	0	19-17-15-10-5-2-1-0	10	7	70
190	19	0	19-17-15-14-9-7-1-0	10	7	70
191	19	1	19-17-15-10-5-2-1	24	6	144
191	19	1	19-17-15-14-9-7-1	24	6	144
191	19	1	19-17-15-10-5-2-0-1	24	7	168
192	19	2	19-17-15-10-5-2	23	5	115
192	19	2	19-17-15-14-9-7-1-2	23	7	161
192	19	2	19-17-15-14-9-7-1-0-2	23	8	184
193	19	3	19-17-15-10-5-4-3	48	6	288
193	19	3	19-17-15-10-5-2-1-3	48	7	336
193	19	3	19-17-15-14-9-7-1-3	48	7	336
194	19	4	19-17-15-10-5-4	22	5	110
194	19	4	19-17-15-10-5-2-1-3-4	22	8	176
194	19	4	19-17-15-14-9-7-6-5-4	22	8	176
195	19	5	19-17-15-10-5	2	4	8
195	19	5	19-17-15-14-9-7-6-5	2	7	14
195	19	5	19-17-15-14-9-7-1-2-5	2	8	16
196	19	6	19-17-15-10-5-6	47	5	235
196	19	6	19-17-15-14-9-7-6	47	6	282
196	19	6	19-17-15-10-5-2-1-7-6	47	8	376
197	19	7	19-17-15-14-9-7	32	5	160
197	19	7	19-17-15-10-5-6-7	32	6	192
197	19	7	19-17-15-10-5-2-1-7	32	7	224
198	19	8	19-20-18-16-12-11-8	6	6	36
198	19	8	19-17-15-14-9-7-8	6	6	36
198	19	8	19-17-15-14-13-12-11-8	6	7	42
199	19	9	19-17-15-14-9	1	4	4
199	19	9	19-20-18-16-12-13-14-9	1	7	7
199	19	9	19-17-15-10-5-6-7-9	1	7	7
1910	19	10	19-17-15-10	17	3	51
1910	19	10	19-20-18-16-12-13-14-15-10	17	8	136
1910	19	10	19-17-15-14-9-7-6-5-10	17	8	136
1911	19	11	19-20-18-16-12-11	8	5	40
1911	19	11	19-17-15-14-13-12-11	8	6	48
1911	19	11	19-17-15-14-9-7-8-11	8	7	56
1912	19	12	19-20-18-16-12	30	4	120
1912	19	12	19-17-15-14-13-12	30	5	150
1912	19	12	19-17-15-14-9-7-8-11-12	30	8	240
1913	19	13	19-17-15-14-13	41	4	164
1913	19	13	19-20-18-16-12-13	41	5	205
1913	19	13	19-17-15-14-9-7-8-11-12-13	41	9	369
1914	19	14	19-17-15-14	20	3	60
1914	19	14	19-20-18-16-12-13-14	20	6	120
1914	19	14	19-17-15-10-5-6-7-9-14	20	8	160
1915	19	15	19-17-15	34	2	68
1915	19	15	19-20-18-16-12-13-14-15	34	7	238
1915	19	15	19-20-18-16-12-11-8-7-9-14-15	34	10	340
1916	19	16	19-20-18-16	5	3	15
1916	19	16	19-17-15-14-13-12-16	5	6	30
1916	19	16	19-17-15-14-9-7-8-11-12-16	5	9	45
1917	19	17	19-17	41	1	41
1917	19	17	19-20-18-16-12-13-14-15-17	41	8	328
1917	19	17	19-20-18-16-12-11-8-7-9-14-15-17	41	11	451
1918	19	18	19-20-18	9	2	18
1918	19	18	19-17-15-14-13-12-16-18	9	7	63
1918	19	18	19-17-15-14-9-7-8-11-12-16-18	9	10	90
1920	19	20	19-20	18	1	18
1920	19	20	19-17-15-14-13-12-16-18-20	18	8	144
1920	19	20	19-17-15-14-9-7-8-11-12-16-18-20	18	11	198
200	20	0	20-19-17-15-10-5-2-0	1	7	7
200	20	0	20-19-17-15-10-5-2-1-0	1	8	8
200	20	0	20-18-16-12-11-8-7-1-0	1	8	8
201	20	1	20-19-17-15-10-5-2-1	2	7	14
201	20	1	20-19-17-15-14-9-7-1	2	7	14
201	20	1	20-18-16-12-11-8-7-1	2	7	14
202	20	2	20-19-17-15-10-5-2	16	6	96
202	20	2	20-18-16-12-11-8-7-1-2	16	8	128
202	20	2	20-19-17-15-14-9-7-1-2	16	8	128
203	20	3	20-19-17-15-10-5-4-3	3	7	21
203	20	3	20-19-17-15-10-5-2-1-3	3	8	24
203	20	3	20-18-16-12-11-8-7-1-3	3	8	24
204	20	4	20-19-17-15-10-5-4	25	6	150
204	20	4	20-19-17-15-10-5-2-1-3-4	25	9	225
204	20	4	20-18-16-12-13-14-15-10-5-4	25	9	225
205	20	5	20-19-17-15-10-5	5	5	25
205	20	5	20-18-16-12-11-8-7-6-5	5	8	40
205	20	5	20-18-16-12-13-14-15-10-5	5	8	40
206	20	6	20-19-17-15-10-5-6	15	6	90
206	20	6	20-18-16-12-11-8-7-6	15	7	105
206	20	6	20-19-17-15-14-9-7-6	15	7	105
207	20	7	20-18-16-12-11-8-7	35	6	210
207	20	7	20-19-17-15-14-9-7	35	6	210
207	20	7	20-19-17-15-10-5-6-7	35	7	245
208	20	8	20-18-16-12-11-8	48	5	240
208	20	8	20-19-17-15-14-9-7-8	48	7	336
208	20	8	20-19-17-15-14-13-12-11-8	48	8	384
209	20	9	20-19-17-15-14-9	42	5	210
209	20	9	20-18-16-12-13-14-9	42	6	252
209	20	9	20-18-16-12-11-8-7-9	42	7	294
2010	20	10	20-19-17-15-10	26	4	104
2010	20	10	20-18-16-12-13-14-15-10	26	7	182
2010	20	10	20-18-16-12-11-8-7-6-5-10	26	9	234
2011	20	11	20-18-16-12-11	23	4	92
2011	20	11	20-19-17-15-14-13-12-11	23	7	161
2011	20	11	20-19-17-15-14-9-7-8-11	23	8	184
2012	20	12	20-18-16-12	40	3	120
2012	20	12	20-19-17-15-14-13-12	40	6	240
2012	20	12	20-19-17-15-14-9-7-8-11-12	40	9	360
2013	20	13	20-18-16-12-13	19	4	76
2013	20	13	20-19-17-15-14-13	19	5	95
2013	20	13	20-18-16-12-11-8-7-9-14-13	19	9	171
2014	20	14	20-19-17-15-14	14	4	56
2014	20	14	20-18-16-12-13-14	14	5	70
2014	20	14	20-18-16-12-11-8-7-9-14	14	8	112
2015	20	15	20-19-17-15	22	3	66
2015	20	15	20-18-16-12-13-14-15	22	6	132
2015	20	15	20-18-16-12-11-8-7-9-14-15	22	9	198
2016	20	16	20-18-16	2	2	4
2016	20	16	20-19-17-15-14-13-12-16	2	7	14
2016	20	16	20-19-17-15-14-9-7-8-11-12-16	2	10	20
2017	20	17	20-19-17	20	2	40
2017	20	17	20-18-16-12-13-14-15-17	20	7	140
2017	20	17	20-18-16-12-11-8-7-9-14-15-17	20	10	200
2018	20	18	20-18	40	1	40
2018	20	18	20-19-17-15-14-13-12-16-18	40	8	320
2018	20	18	20-19-17-15-14-9-7-8-11-12-16-18	40	11	440
2019	20	19	20-19	19	1	19
2019	20	19	20-18-16-12-13-14-15-17-19	19	8	152
2019	20	19	20-18-16-12-11-8-7-9-14-15-17-19	19	11	209
