01	0	1	0-1	200	1	200
01	0	1	0-2-1	200	2	400
02	0	2	0-2	200	1	200
02	0	2	0-1-2	200	2	400
03	0	3	0-1-3	200	2	400
03	0	3	0-2-1-3	200	3	600
04	0	4	0-1-3-4	200	3	600
04	0	4	0-2-5-4	200	3	600
05	0	5	0-2-5	200	2	400
05	0	5	0-1-2-5	200	3	600
06	0	6	0-2-5-6	200	3	600
06	0	6	0-1-7-6	200	3	600
07	0	7	0-1-7	200	2	400
07	0	7	0-2-1-7	200	3	600
08	0	8	0-1-7-8	200	3	600
08	0	8	0-2-1-7-8	200	4	800
09	0	9	0-1-7-9	200	3	600
09	0	9	0-2-1-7-9	200	4	800
010	0	10	0-2-5-10	200	3	600
010	0	10	0-1-2-5-10	200	4	800
011	0	11	0-1-7-8-11	200	4	800
011	0	11	0-2-1-7-8-11	200	5	1000
012	0	12	0-1-7-8-11-12	200	5	1000
012	0	12	0-2-1-7-8-11-12	200	6	1200
013	0	13	0-1-7-9-14-13	200	5	1000
013	0	13	0-1-7-8-11-12-13	200	6	1200
014	0	14	0-1-7-9-14	200	4	800
014	0	14	0-2-5-10-15-14	200	5	1000
015	0	15	0-2-5-10-15	200	4	800
015	0	15	0-1-7-9-14-15	200	5	1000
016	0	16	0-1-7-8-11-12-16	200	6	1200
016	0	16	0-2-1-7-8-11-12-16	200	7	1400
017	0	17	0-2-5-10-15-17	200	5	1000
017	0	17	0-1-7-9-14-15-17	200	6	1200
018	0	18	0-1-7-8-11-12-16-18	200	7	1400
018	0	18	0-2-1-7-8-11-12-16-18	200	8	1600
019	0	19	0-2-5-10-15-17-19	200	6	1200
019	0	19	0-1-7-9-14-15-17-19	200	7	1400
020	0	20	0-2-5-10-15-17-19-20	200	7	1400
020	0	20	0-1-7-8-11-12-16-18-20	200	8	1600
10	1	0	1-0	200	1	200
10	1	0	1-2-0	200	2	400
12	1	2	1-2	200	1	200
12	1	2	1-0-2	200	2	400
13	1	3	1-3	200	1	200
13	1	3	1-2-5-4-3	200	4	800
14	1	4	1-3-4	200	2	400
14	1	4	1-2-5-4	200	3	600
15	1	5	1-2-5	200	2	400
15	1	5	1-0-2-5	200	3	600
16	1	6	1-7-6	200	2	400
16	1	6	1-2-5-6	200	3	600
17	1	7	1-7	200	1	200
17	1	7	1-2-5-6-7	200	4	800
18	1	8	1-7-8	200	2	400
18	1	8	1-2-5-6-7-8	200	5	1000
19	1	9	1-7-9	200	2	400
19	1	9	1-2-5-6-7-9	200	5	1000
110	1	10	1-2-5-10	200	3	600
110	1	10	1-0-2-5-10	200	4	800
111	1	11	1-7-8-11	200	3	600
111	1	11	1-7-9-14-13-12-11	200	6	1200
112	1	12	1-7-8-11-12	200	4	800
112	1	12	1-7-9-14-13-12	200	5	1000
113	1	13	1-7-9-14-13	200	4	800
113	1	13	1-7-8-11-12-13	200	5	1000
114	1	14	1-7-9-14	200	3	600
114	1	14	1-2-5-10-15-14	200	5	1000
115	1	15	1-7-9-14-15	200	4	800
115	1	15	1-2-5-10-15	200	4	800
116	1	16	1-7-8-11-12-16	200	5	1000
116	1	16	1-7-9-14-13-12-16	200	6	1200
117	1	17	1-7-9-14-15-17	200	5	1000
117	1	17	1-2-5-10-15-17	200	5	1000
118	1	18	1-7-8-11-12-16-18	200	6	1200
118	1	18	1-7-9-14-13-12-16-18	200	7	1400
119	1	19	1-7-9-14-15-17-19	200	6	1200
119	1	19	1-2-5-10-15-17-19	200	6	1200
120	1	20	1-7-8-11-12-16-18-20	200	7	1400
120	1	20	1-2-5-10-15-17-19-20	200	7	1400
20	2	0	2-0	200	1	200
20	2	0	2-1-0	200	2	400
21	2	1	2-1	200	1	200
21	2	1	2-0-1	200	2	400
23	2	3	2-1-3	200	2	400
23	2	3	2-0-1-3	200	3	600
24	2	4	2-5-4	200	2	400
24	2	4	2-1-3-4	200	3	600
25	2	5	2-5	200	1	200
25	2	5	2-1-3-4-5	200	4	800
26	2	6	2-5-6	200	2	400
26	2	6	2-1-7-6	200	3	600
27	2	7	2-1-7	200	2	400
27	2	7	2-0-1-7	200	3	600
28	2	8	2-1-7-8	200	3	600
28	2	8	2-0-1-7-8	200	4	800
29	2	9	2-1-7-9	200	3	600
29	2	9	2-0-1-7-9	200	4	800
210	2	10	2-5-10	200	2	400
210	2	10	2-1-3-4-5-10	200	5	1000
211	2	11	2-1-7-8-11	200	4	800
211	2	11	2-0-1-7-8-11	200	5	1000
212	2	12	2-1-7-8-11-12	200	5	1000
212	2	12	2-0-1-7-8-11-12	200	6	1200
213	2	13	2-5-10-15-14-13	200	5	1000
213	2	13	2-1-7-9-14-13	200	5	1000
214	2	14	2-5-10-15-14	200	4	800
214	2	14	2-1-7-9-14	200	4	800
215	2	15	2-5-10-15	200	3	600
215	2	15	2-1-7-9-14-15	200	5	1000
216	2	16	2-1-7-8-11-12-16	200	6	1200
216	2	16	2-0-1-7-8-11-12-16	200	7	1400
217	2	17	2-5-10-15-17	200	4	800
217	2	17	2-1-7-9-14-15-17	200	6	1200
218	2	18	2-1-7-8-11-12-16-18	200	7	1400
218	2	18	2-5-10-15-17-19-20-18	200	7	1400
219	2	19	2-5-10-15-17-19	200	5	1000
219	2	19	2-1-7-9-14-15-17-19	200	7	1400
220	2	20	2-5-10-15-17-19-20	200	6	1200
220	2	20	2-1-7-8-11-12-16-18-20	200	8	1600
30	3	0	3-1-0	200	2	400
30	3	0	3-1-2-0	200	3	600
31	3	1	3-1	200	1	200
31	3	1	3-4-5-2-1	200	4	800
32	3	2	3-1-2	200	2	400
32	3	2	3-1-0-2	200	3	600
34	3	4	3-4	200	1	200
34	3	4	3-1-2-5-4	200	4	800
35	3	5	3-4-5	200	2	400
35	3	5	3-1-2-5	200	3	600
36	3	6	3-4-5-6	200	3	600
36	3	6	3-1-7-6	200	3	600
37	3	7	3-1-7	200	2	400
37	3	7	3-4-5-6-7	200	4	800
38	3	8	3-1-7-8	200	3	600
38	3	8	3-4-5-6-7-8	200	5	1000
39	3	9	3-1-7-9	200	3	600
39	3	9	3-4-5-6-7-9	200	5	1000
310	3	10	3-4-5-10	200	3	600
310	3	10	3-1-2-5-10	200	4	800
311	3	11	3-1-7-8-11	200	4	800
311	3	11	3-4-5-6-7-8-11	200	6	1200
312	3	12	3-1-7-8-11-12	200	5	1000
312	3	12	3-1-7-9-14-13-12	200	6	1200
313	3	13	3-1-7-9-14-13	200	5	1000
313	3	13	3-1-7-8-11-12-13	200	6	1200
314	3	14	3-1-7-9-14	200	4	800
314	3	14	3-4-5-10-15-14	200	5	1000
315	3	15	3-4-5-10-15	200	4	800
315	3	15	3-1-7-9-14-15	200	5	1000
316	3	16	3-1-7-8-11-12-16	200	6	1200
316	3	16	3-1-7-9-14-13-12-16	200	7	1400
317	3	17	3-4-5-10-15-17	200	5	1000
317	3	17	3-1-7-9-14-15-17	200	6	1200
318	3	18	3-1-7-8-11-12-16-18	200	7	1400
318	3	18	3-1-7-9-14-13-12-16-18	200	8	1600
319	3	19	3-4-5-10-15-17-19	200	6	1200
319	3	19	3-1-7-9-14-15-17-19	200	7	1400
320	3	20	3-4-5-10-15-17-19-20	200	7	1400
320	3	20	3-1-7-8-11-12-16-18-20	200	8	1600
40	4	0	4-3-1-0	200	3	600
40	4	0	4-5-2-0	200	3	600
41	4	1	4-3-1	200	2	400
41	4	1	4-5-2-1	200	3	600
42	4	2	4-5-2	200	2	400
42	4	2	4-3-1-2	200	3	600
43	4	3	4-3	200	1	200
43	4	3	4-5-2-1-3	200	4	800
45	4	5	4-5	200	1	200
45	4	5	4-3-1-2-5	200	4	800
46	4	6	4-5-6	200	2	400
46	4	6	4-3-1-7-6	200	4	800
47	4	7	4-3-1-7	200	3	600
47	4	7	4-5-6-7	200	3	600
48	4	8	4-3-1-7-8	200	4	800
48	4	8	4-5-6-7-8	200	4	800
49	4	9	4-3-1-7-9	200	4	800
49	4	9	4-5-6-7-9	200	4	800
410	4	10	4-5-10	200	2	400
410	4	10	4-3-1-2-5-10	200	5	1000
411	4	11	4-3-1-7-8-11	200	5	1000
411	4	11	4-5-6-7-8-11	200	5	1000
412	4	12	4-3-1-7-8-11-12	200	6	1200
412	4	12	4-5-10-15-14-13-12	200	6	1200
413	4	13	4-5-10-15-14-13	200	5	1000
413	4	13	4-3-1-7-9-14-13	200	6	1200
414	4	14	4-5-10-15-14	200	4	800
414	4	14	4-3-1-7-9-14	200	5	1000
415	4	15	4-5-10-15	200	3	600
415	4	15	4-3-1-7-9-14-15	200	6	1200
416	4	16	4-3-1-7-8-11-12-16	200	7	1400
416	4	16	4-5-10-15-14-13-12-16	200	7	1400
417	4	17	4-5-10-15-17	200	4	800
417	4	17	4-3-1-7-9-14-15-17	200	7	1400
418	4	18	4-5-10-15-17-19-20-18	200	7	1400
418	4	18	4-3-1-7-8-11-12-16-18	200	8	1600
419	4	19	4-5-10-15-17-19	200	5	1000
419	4	19	4-3-1-7-9-14-15-17-19	200	8	1600
420	4	20	4-5-10-15-17-19-20	200	6	1200
420	4	20	4-3-1-7-8-11-12-16-18-20	200	9	1800
50	5	0	5-2-0	200	2	400
50	5	0	5-2-1-0	200	3	600
51	5	1	5-2-1	200	2	400
51	5	1	5-2-0-1	200	3	600
52	5	2	5-2	200	1	200
52	5	2	5-4-3-1-2	200	4	800
53	5	3	5-4-3	200	2	400
53	5	3	5-2-1-3	200	3	600
54	5	4	5-4	200	1	200
54	5	4	5-2-1-3-4	200	4	800
56	5	6	5-6	200	1	200
56	5	6	5-2-1-7-6	200	4	800
57	5	7	5-6-7	200	2	400
57	5	7	5-2-1-7	200	3	600
58	5	8	5-6-7-8	200	3	600
58	5	8	5-2-1-7-8	200	4	800
59	5	9	5-6-7-9	200	3	600
59	5	9	5-10-15-14-9	200	4	800
510	5	10	5-10	200	1	200
510	5	10	5-6-7-9-14-15-10	200	6	1200
511	5	11	5-6-7-8-11	200	4	800
511	5	11	5-2-1-7-8-11	200	5	1000
512	5	12	5-6-7-8-11-12	200	5	1000
512	5	12	5-10-15-14-13-12	200	5	1000
513	5	13	5-10-15-14-13	200	4	800
513	5	13	5-6-7-9-14-13	200	5	1000
514	5	14	5-10-15-14	200	3	600
514	5	14	5-6-7-9-14	200	4	800
515	5	15	5-10-15	200	2	400
515	5	15	5-6-7-9-14-15	200	5	1000
516	5	16	5-6-7-8-11-12-16	200	6	1200
516	5	16	5-10-15-14-13-12-16	200	6	1200
517	5	17	5-10-15-17	200	3	600
517	5	17	5-6-7-9-14-15-17	200	6	1200
518	5	18	5-10-15-17-19-20-18	200	6	1200
518	5	18	5-6-7-8-11-12-16-18	200	7	1400
519	5	19	5-10-15-17-19	200	4	800
519	5	19	5-6-7-9-14-15-17-19	200	7	1400
520	5	20	5-10-15-17-19-20	200	5	1000
520	5	20	5-6-7-8-11-12-16-18-20	200	8	1600
60	6	0	6-7-1-0	200	3	600
60	6	0	6-5-2-0	200	3	600
61	6	1	6-7-1	200	2	400
61	6	1	6-5-2-1	200	3	600
62	6	2	6-5-2	200	2	400
62	6	2	6-7-1-2	200	3	600
63	6	3	6-7-1-3	200	3	600
63	6	3	6-5-4-3	200	3	600
64	6	4	6-5-4	200	2	400
64	6	4	6-7-1-3-4	200	4	800
65	6	5	6-5	200	1	200
65	6	5	6-7-1-2-5	200	4	800
67	6	7	6-7	200	1	200
67	6	7	6-5-2-1-7	200	4	800
68	6	8	6-7-8	200	2	400
68	6	8	6-5-2-1-7-8	200	5	1000
69	6	9	6-7-9	200	2	400
69	6	9	6-5-10-15-14-9	200	5	1000
610	6	10	6-5-10	200	2	400
610	6	10	6-7-9-14-15-10	200	5	1000
611	6	11	6-7-8-11	200	3	600
611	6	11	6-7-9-14-13-12-11	200	6	1200
612	6	12	6-7-8-11-12	200	4	800
612	6	12	6-7-9-14-13-12	200	5	1000
613	6	13	6-7-9-14-13	200	4	800
613	6	13	6-7-8-11-12-13	200	5	1000
614	6	14	6-7-9-14	200	3	600
614	6	14	6-5-10-15-14	200	4	800
615	6	15	6-5-10-15	200	3	600
615	6	15	6-7-9-14-15	200	4	800
616	6	16	6-7-8-11-12-16	200	5	1000
616	6	16	6-7-9-14-13-12-16	200	6	1200
617	6	17	6-5-10-15-17	200	4	800
617	6	17	6-7-9-14-15-17	200	5	1000
618	6	18	6-7-8-11-12-16-18	200	6	1200
618	6	18	6-7-9-14-13-12-16-18	200	7	1400
619	6	19	6-5-10-15-17-19	200	5	1000
619	6	19	6-7-9-14-15-17-19	200	6	1200
620	6	20	6-5-10-15-17-19-20	200	6	1200
620	6	20	6-7-8-11-12-16-18-20	200	7	1400
70	7	0	7-1-0	200	2	400
70	7	0	7-1-2-0	200	3	600
71	7	1	7-1	200	1	200
71	7	1	7-6-5-2-1	200	4	800
72	7	2	7-1-2	200	2	400
72	7	2	7-1-0-2	200	3	600
73	7	3	7-1-3	200	2	400
73	7	3	7-6-5-4-3	200	4	800
74	7	4	7-1-3-4	200	3	600
74	7	4	7-6-5-4	200	3	600
75	7	5	7-6-5	200	2	400
75	7	5	7-1-2-5	200	3	600
76	7	6	7-6	200	1	200
76	7	6	7-1-2-5-6	200	4	800
78	7	8	7-8	200	1	200
78	7	8	7-9-14-13-12-11-8	200	6	1200
79	7	9	7-9	200	1	200
79	7	9	7-8-11-12-13-14-9	200	6	1200
710	7	10	7-6-5-10	200	3	600
710	7	10	7-9-14-15-10	200	4	800
711	7	11	7-8-11	200	2	400
711	7	11	7-9-14-13-12-11	200	5	1000
712	7	12	7-8-11-12	200	3	600
712	7	12	7-9-14-13-12	200	4	800
713	7	13	7-9-14-13	200	3	600
713	7	13	7-8-11-12-13	200	4	800
714	7	14	7-9-14	200	2	400
714	7	14	7-8-11-12-13-14	200	5	1000
715	7	15	7-9-14-15	200	3	600
715	7	15	7-6-5-10-15	200	4	800
716	7	16	7-8-11-12-16	200	4	800
716	7	16	7-9-14-13-12-16	200	5	1000
717	7	17	7-9-14-15-17	200	4	800
717	7	17	7-6-5-10-15-17	200	5	1000
718	7	18	7-8-11-12-16-18	200	5	1000
718	7	18	7-9-14-13-12-16-18	200	6	1200
719	7	19	7-9-14-15-17-19	200	5	1000
719	7	19	7-6-5-10-15-17-19	200	6	1200
720	7	20	7-8-11-12-16-18-20	200	6	1200
720	7	20	7-9-14-15-17-19-20	200	6	1200
80	8	0	8-7-1-0	200	3	600
80	8	0	8-7-1-2-0	200	4	800
81	8	1	8-7-1	200	2	400
81	8	1	8-7-6-5-2-1	200	5	1000
82	8	2	8-7-1-2	200	3	600
82	8	2	8-7-1-0-2	200	4	800
83	8	3	8-7-1-3	200	3	600
83	8	3	8-7-6-5-4-3	200	5	1000
84	8	4	8-7-1-3-4	200	4	800
84	8	4	8-7-6-5-4	200	4	800
85	8	5	8-7-6-5	200	3	600
85	8	5	8-7-1-2-5	200	4	800
86	8	6	8-7-6	200	2	400
86	8	6	8-7-1-2-5-6	200	5	1000
87	8	7	8-7	200	1	200
87	8	7	8-11-12-13-14-9-7	200	6	1200
89	8	9	8-7-9	200	2	400
89	8	9	8-11-12-13-14-9	200	5	1000
810	8	10	8-7-6-5-10	200	4	800
810	8	10	8-7-9-14-15-10	200	5	1000
811	8	11	8-11	200	1	200
811	8	11	8-7-9-14-13-12-11	200	6	1200
812	8	12	8-11-12	200	2	400
812	8	12	8-7-9-14-13-12	200	5	1000
813	8	13	8-11-12-13	200	3	600
813	8	13	8-7-9-14-13	200	4	800
814	8	14	8-7-9-14	200	3	600
814	8	14	8-11-12-13-14	200	4	800
815	8	15	8-7-9-14-15	200	4	800
815	8	15	8-11-12-13-14-15	200	5	1000
816	8	16	8-11-12-16	200	3	600
816	8	16	8-7-9-14-13-12-16	200	6	1200
817	8	17	8-7-9-14-15-17	200	5	1000
817	8	17	8-11-12-13-14-15-17	200	6	1200
818	8	18	8-11-12-16-18	200	4	800
818	8	18	8-7-9-14-13-12-16-18	200	7	1400
819	8	19	8-7-9-14-15-17-19	200	6	1200
819	8	19	8-11-12-16-18-20-19	200	6	1200
820	8	20	8-11-12-16-18-20	200	5	1000
820	8	20	8-7-9-14-15-17-19-20	200	7	1400
90	9	0	9-7-1-0	200	3	600
90	9	0	9-7-1-2-0	200	4	800
91	9	1	9-7-1	200	2	400
91	9	1	9-7-6-5-2-1	200	5	1000
92	9	2	9-7-1-2	200	3	600
92	9	2	9-7-1-0-2	200	4	800
93	9	3	9-7-1-3	200	3	600
93	9	3	9-7-6-5-4-3	200	5	1000
94	9	4	9-7-1-3-4	200	4	800
94	9	4	9-7-6-5-4	200	4	800
95	9	5	9-7-6-5	200	3	600
95	9	5	9-7-1-2-5	200	4	800
96	9	6	9-7-6	200	2	400
96	9	6	9-7-1-2-5-6	200	5	1000
97	9	7	9-7	200	1	200
97	9	7	9-14-15-10-5-6-7	200	6	1200
98	9	8	9-7-8	200	2	400
98	9	8	9-14-13-12-11-8	200	5	1000
910	9	10	9-14-15-10	200	3	600
910	9	10	9-7-6-5-10	200	4	800
911	9	11	9-7-8-11	200	3	600
911	9	11	9-14-13-12-11	200	4	800
912	9	12	9-14-13-12	200	3	600
912	9	12	9-7-8-11-12	200	4	800
913	9	13	9-14-13	200	2	400
913	9	13	9-7-8-11-12-13	200	5	1000
914	9	14	9-14	200	1	200
914	9	14	9-7-8-11-12-13-14	200	6	1200
915	9	15	9-14-15	200	2	400
915	9	15	9-7-6-5-10-15	200	5	1000
916	9	16	9-14-13-12-16	200	4	800
916	9	16	9-7-8-11-12-16	200	5	1000
917	9	17	9-14-15-17	200	3	600
917	9	17	9-7-6-5-10-15-17	200	6	1200
918	9	18	9-14-13-12-16-18	200	5	1000
918	9	18	9-7-8-11-12-16-18	200	6	1200
919	9	19	9-14-15-17-19	200	4	800
919	9	19	9-7-6-5-10-15-17-19	200	7	1400
920	9	20	9-14-15-17-19-20	200	5	1000
920	9	20	9-14-13-12-16-18-20	200	6	1200
100	10	0	10-5-2-0	200	3	600
100	10	0	10-5-2-1-0	200	4	800
101	10	1	10-5-2-1	200	3	600
101	10	1	10-5-2-0-1	200	4	800
102	10	2	10-5-2	200	2	400
102	10	2	10-5-4-3-1-2	200	5	1000
103	10	3	10-5-4-3	200	3	600
103	10	3	10-5-2-1-3	200	4	800
104	10	4	10-5-4	200	2	400
104	10	4	10-5-2-1-3-4	200	5	1000
105	10	5	10-5	200	1	200
105	10	5	10-15-14-9-7-6-5	200	6	1200
106	10	6	10-5-6	200	2	400
106	10	6	10-5-2-1-7-6	200	5	1000
107	10	7	10-5-6-7	200	3	600
107	10	7	10-5-2-1-7	200	4	800
108	10	8	10-5-6-7-8	200	4	800
108	10	8	10-5-2-1-7-8	200	5	1000
109	10	9	10-15-14-9	200	3	600
109	10	9	10-5-6-7-9	200	4	800
1011	10	11	10-15-14-13-12-11	200	5	1000
1011	10	11	10-5-6-7-8-11	200	5	1000
1012	10	12	10-15-14-13-12	200	4	800
1012	10	12	10-5-6-7-8-11-12	200	6	1200
1013	10	13	10-15-14-13	200	3	600
1013	10	13	10-5-6-7-9-14-13	200	6	1200
1014	10	14	10-15-14	200	2	400
1014	10	14	10-5-6-7-9-14	200	5	1000
1015	10	15	10-15	200	1	200
1015	10	15	10-5-6-7-9-14-15	200	6	1200
1016	10	16	10-15-14-13-12-16	200	5	1000
1016	10	16	10-15-17-19-20-18-16	200	6	1200
1017	10	17	10-15-17	200	2	400
1017	10	17	10-5-6-7-9-14-15-17	200	7	1400
1018	10	18	10-15-17-19-20-18	200	5	1000
1018	10	18	10-15-14-13-12-16-18	200	6	1200
1019	10	19	10-15-17-19	200	3	600
1019	10	19	10-5-6-7-9-14-15-17-19	200	8	1600
1020	10	20	10-15-17-19-20	200	4	800
1020	10	20	10-15-14-13-12-16-18-20	200	7	1400
110	11	0	11-8-7-1-0	200	4	800
110	11	0	11-8-7-1-2-0	200	5	1000
111	11	1	11-8-7-1	200	3	600
111	11	1	11-8-7-6-5-2-1	200	6	1200
112	11	2	11-8-7-1-2	200	4	800
112	11	2	11-8-7-1-0-2	200	5	1000
113	11	3	11-8-7-1-3	200	4	800
113	11	3	11-8-7-6-5-4-3	200	6	1200
114	11	4	11-8-7-1-3-4	200	5	1000
114	11	4	11-8-7-6-5-4	200	5	1000
115	11	5	11-8-7-6-5	200	4	800
115	11	5	11-8-7-1-2-5	200	5	1000
116	11	6	11-8-7-6	200	3	600
116	11	6	11-8-7-1-2-5-6	200	6	1200
117	11	7	11-8-7	200	2	400
117	11	7	11-12-13-14-9-7	200	5	1000
118	11	8	11-8	200	1	200
118	11	8	11-12-13-14-9-7-8	200	6	1200
119	11	9	11-8-7-9	200	3	600
119	11	9	11-12-13-14-9	200	4	800
1110	11	10	11-12-13-14-15-10	200	5	1000
1110	11	10	11-8-7-6-5-10	200	5	1000
1112	11	12	11-12	200	1	200
1112	11	12	11-8-7-9-14-13-12	200	6	1200
1113	11	13	11-12-13	200	2	400
1113	11	13	11-8-7-9-14-13	200	5	1000
1114	11	14	11-12-13-14	200	3	600
1114	11	14	11-8-7-9-14	200	4	800
1115	11	15	11-12-13-14-15	200	4	800
1115	11	15	11-8-7-9-14-15	200	5	1000
1116	11	16	11-12-16	200	2	400
1116	11	16	11-8-7-9-14-13-12-16	200	7	1400
1117	11	17	11-12-13-14-15-17	200	5	1000
1117	11	17	11-8-7-9-14-15-17	200	6	1200
1118	11	18	11-12-16-18	200	3	600
1118	11	18	11-8-7-9-14-13-12-16-18	200	8	1600
1119	11	19	11-12-16-18-20-19	200	5	1000
1119	11	19	11-12-13-14-15-17-19	200	6	1200
1120	11	20	11-12-16-18-20	200	4	800
1120	11	20	11-12-13-14-15-17-19-20	200	7	1400
120	12	0	12-11-8-7-1-0	200	5	1000
120	12	0	12-13-14-9-7-1-0	200	6	1200
121	12	1	12-11-8-7-1	200	4	800
121	12	1	12-13-14-9-7-1	200	5	1000
122	12	2	12-11-8-7-1-2	200	5	1000
122	12	2	12-11-8-7-1-0-2	200	6	1200
123	12	3	12-11-8-7-1-3	200	5	1000
123	12	3	12-13-14-9-7-1-3	200	6	1200
124	12	4	12-11-8-7-1-3-4	200	6	1200
124	12	4	12-13-14-15-10-5-4	200	6	1200
125	12	5	12-11-8-7-6-5	200	5	1000
125	12	5	12-13-14-15-10-5	200	5	1000
126	12	6	12-11-8-7-6	200	4	800
126	12	6	12-13-14-9-7-6	200	5	1000
127	12	7	12-11-8-7	200	3	600
127	12	7	12-13-14-9-7	200	4	800
128	12	8	12-11-8	200	2	400
128	12	8	12-13-14-9-7-8	200	5	1000
129	12	9	12-13-14-9	200	3	600
129	12	9	12-11-8-7-9	200	4	800
1210	12	10	12-13-14-15-10	200	4	800
1210	12	10	12-11-8-7-6-5-10	200	6	1200
1211	12	11	12-11	200	1	200
1211	12	11	12-13-14-9-7-8-11	200	6	1200
1213	12	13	12-13	200	1	200
1213	12	13	12-11-8-7-9-14-13	200	6	1200
1214	12	14	12-13-14	200	2	400
1214	12	14	12-11-8-7-9-14	200	5	1000
1215	12	15	12-13-14-15	200	3	600
1215	12	15	12-11-8-7-9-14-15	200	6	1200
1216	12	16	12-16	200	1	200
1216	12	16	12-13-14-15-17-19-20-18-16	200	8	1600
1217	12	17	12-13-14-15-17	200	4	800
1217	12	17	12-16-18-20-19-17	200	5	1000
1218	12	18	12-16-18	200	2	400
1218	12	18	12-13-14-15-17-19-20-18	200	7	1400
1219	12	19	12-16-18-20-19	200	4	800
1219	12	19	12-13-14-15-17-19	200	5	1000
1220	12	20	12-16-18-20	200	3	600
1220	12	20	12-13-14-15-17-19-20	200	6	1200
130	13	0	13-14-9-7-1-0	200	5	1000
130	13	0	13-12-11-8-7-1-0	200	6	1200
131	13	1	13-14-9-7-1	200	4	800
131	13	1	13-12-11-8-7-1	200	5	1000
132	13	2	13-14-9-7-1-2	200	5	1000
132	13	2	13-14-15-10-5-2	200	5	1000
133	13	3	13-14-9-7-1-3	200	5	1000
133	13	3	13-12-11-8-7-1-3	200	6	1200
134	13	4	13-14-15-10-5-4	200	5	1000
134	13	4	13-14-9-7-1-3-4	200	6	1200
135	13	5	13-14-15-10-5	200	4	800
135	13	5	13-14-9-7-6-5	200	5	1000
136	13	6	13-14-9-7-6	200	4	800
136	13	6	13-14-15-10-5-6	200	5	1000
137	13	7	13-14-9-7	200	3	600
137	13	7	13-12-11-8-7	200	4	800
138	13	8	13-12-11-8	200	3	600
138	13	8	13-14-9-7-8	200	4	800
139	13	9	13-14-9	200	2	400
139	13	9	13-12-11-8-7-9	200	5	1000
1310	13	10	13-14-15-10	200	3	600
1310	13	10	13-14-9-7-6-5-10	200	6	1200
1311	13	11	13-12-11	200	2	400
1311	13	11	13-14-9-7-8-11	200	5	1000
1312	13	12	13-12	200	1	200
1312	13	12	13-14-9-7-8-11-12	200	6	1200
1314	13	14	13-14	200	1	200
1314	13	14	13-12-11-8-7-9-14	200	6	1200
1315	13	15	13-14-15	200	2	400
1315	13	15	13-12-11-8-7-9-14-15	200	7	1400
1316	13	16	13-12-16	200	2	400
1316	13	16	13-14-9-7-8-11-12-16	200	7	1400
1317	13	17	13-14-15-17	200	3	600
1317	13	17	13-12-16-18-20-19-17	200	6	1200
1318	13	18	13-12-16-18	200	3	600
1318	13	18	13-14-15-17-19-20-18	200	6	1200
1319	13	19	13-14-15-17-19	200	4	800
1319	13	19	13-12-16-18-20-19	200	5	1000
1320	13	20	13-12-16-18-20	200	4	800
1320	13	20	13-14-15-17-19-20	200	5	1000
140	14	0	14-9-7-1-0	200	4	800
140	14	0	14-9-7-1-2-0	200	5	1000
141	14	1	14-9-7-1	200	3	600
141	14	1	14-15-10-5-2-1	200	5	1000
142	14	2	14-9-7-1-2	200	4	800
142	14	2	14-15-10-5-2	200	4	800
143	14	3	14-9-7-1-3	200	4	800
143	14	3	14-15-10-5-4-3	200	5	1000
144	14	4	14-15-10-5-4	200	4	800
144	14	4	14-9-7-1-3-4	200	5	1000
145	14	5	14-15-10-5	200	3	600
145	14	5	14-9-7-6-5	200	4	800
146	14	6	14-9-7-6	200	3	600
146	14	6	14-15-10-5-6	200	4	800
147	14	7	14-9-7	200	2	400
147	14	7	14-15-10-5-6-7	200	5	1000
148	14	8	14-9-7-8	200	3	600
148	14	8	14-13-12-11-8	200	4	800
149	14	9	14-9	200	1	200
149	14	9	14-15-10-5-6-7-9	200	6	1200
1410	14	10	14-15-10	200	2	400
1410	14	10	14-9-7-6-5-10	200	5	1000
1411	14	11	14-13-12-11	200	3	600
1411	14	11	14-9-7-8-11	200	4	800
1412	14	12	14-13-12	200	2	400
1412	14	12	14-9-7-8-11-12	200	5	1000
1413	14	13	14-13	200	1	200
1413	14	13	14-9-7-8-11-12-13	200	6	1200
1415	14	15	14-15	200	1	200
1415	14	15	14-9-7-6-5-10-15	200	6	1200
1416	14	16	14-13-12-16	200	3	600
1416	14	16	14-9-7-8-11-12-16	200	6	1200
1417	14	17	14-15-17	200	2	400
1417	14	17	14-9-7-6-5-10-15-17	200	7	1400
1418	14	18	14-13-12-16-18	200	4	800
1418	14	18	14-15-17-19-20-18	200	5	1000
1419	14	19	14-15-17-19	200	3	600
1419	14	19	14-13-12-16-18-20-19	200	6	1200
1420	14	20	14-15-17-19-20	200	4	800
1420	14	20	14-13-12-16-18-20	200	5	1000
150	15	0	15-10-5-2-0	200	4	800
150	15	0	15-10-5-2-1-0	200	5	1000
151	15	1	15-10-5-2-1	200	4	800
151	15	1	15-14-9-7-1	200	4	800
152	15	2	15-10-5-2	200	3	600
152	15	2	15-14-9-7-1-2	200	5	1000
153	15	3	15-10-5-4-3	200	4	800
153	15	3	15-10-5-2-1-3	200	5	1000
154	15	4	15-10-5-4	200	3	600
154	15	4	15-10-5-2-1-3-4	200	6	1200
155	15	5	15-10-5	200	2	400
155	15	5	15-14-9-7-6-5	200	5	1000
156	15	6	15-10-5-6	200	3	600
156	15	6	15-14-9-7-6	200	4	800
157	15	7	15-14-9-7	200	3	600
157	15	7	15-10-5-6-7	200	4	800
158	15	8	15-14-9-7-8	200	4	800
158	15	8	15-14-13-12-11-8	200	5	1000
159	15	9	15-14-9	200	2	400
159	15	9	15-10-5-6-7-9	200	5	1000
1510	15	10	15-10	200	1	200
1510	15	10	15-14-9-7-6-5-10	200	6	1200
1511	15	11	15-14-13-12-11	200	4	800
1511	15	11	15-14-9-7-8-11	200	5	1000
1512	15	12	15-14-13-12	200	3	600
1512	15	12	15-14-9-7-8-11-12	200	6	1200
1513	15	13	15-14-13	200	2	400
1513	15	13	15-14-9-7-8-11-12-13	200	7	1400
1514	15	14	15-14	200	1	200
1514	15	14	15-10-5-6-7-9-14	200	6	1200
1516	15	16	15-14-13-12-16	200	4	800
1516	15	16	15-17-19-20-18-16	200	5	1000
1517	15	17	15-17	200	1	200
1517	15	17	15-14-13-12-16-18-20-19-17	200	8	1600
1518	15	18	15-17-19-20-18	200	4	800
1518	15	18	15-14-13-12-16-18	200	5	1000
1519	15	19	15-17-19	200	2	400
1519	15	19	15-14-13-12-16-18-20-19	200	7	1400
1520	15	20	15-17-19-20	200	3	600
1520	15	20	15-14-13-12-16-18-20	200	6	1200
160	16	0	16-12-11-8-7-1-0	200	6	1200
160	16	0	16-12-13-14-9-7-1-0	200	7	1400
161	16	1	16-12-11-8-7-1	200	5	1000
161	16	1	16-12-13-14-9-7-1	200	6	1200
162	16	2	16-12-11-8-7-1-2	200	6	1200
162	16	2	16-12-11-8-7-1-0-2	200	7	1400
163	16	3	16-12-11-8-7-1-3	200	6	1200
163	16	3	16-12-13-14-9-7-1-3	200	7	1400
164	16	4	16-12-11-8-7-1-3-4	200	7	1400
164	16	4	16-12-13-14-15-10-5-4	200	7	1400
165	16	5	16-12-11-8-7-6-5	200	6	1200
165	16	5	16-12-13-14-15-10-5	200	6	1200
166	16	6	16-12-11-8-7-6	200	5	1000
166	16	6	16-12-13-14-9-7-6	200	6	1200
167	16	7	16-12-11-8-7	200	4	800
167	16	7	16-12-13-14-9-7	200	5	1000
168	16	8	16-12-11-8	200	3	600
168	16	8	16-12-13-14-9-7-8	200	6	1200
169	16	9	16-12-13-14-9	200	4	800
169	16	9	16-12-11-8-7-9	200	5	1000
1610	16	10	16-12-13-14-15-10	200	5	1000
1610	16	10	16-18-20-19-17-15-10	200	6	1200
1611	16	11	16-12-11	200	2	400
1611	16	11	16-12-13-14-9-7-8-11	200	7	1400
1612	16	12	16-12	200	1	200
1612	16	12	16-18-20-19-17-15-14-13-12	200	8	1600
1613	16	13	16-12-13	200	2	400
1613	16	13	16-18-20-19-17-15-14-13	200	7	1400
1614	16	14	16-12-13-14	200	3	600
1614	16	14	16-18-20-19-17-15-14	200	6	1200
1615	16	15	16-12-13-14-15	200	4	800
1615	16	15	16-18-20-19-17-15	200	5	1000
1617	16	17	16-18-20-19-17	200	4	800
1617	16	17	16-12-13-14-15-17	200	5	1000
1618	16	18	16-18	200	1	200
1618	16	18	16-12-13-14-15-17-19-20-18	200	8	1600
1619	16	19	16-18-20-19	200	3	600
1619	16	19	16-12-13-14-15-17-19	200	6	1200
1620	16	20	16-18-20	200	2	400
1620	16	20	16-12-13-14-15-17-19-20	200	7	1400
170	17	0	17-15-10-5-2-0	200	5	1000
170	17	0	17-15-10-5-2-1-0	200	6	1200
171	17	1	17-15-10-5-2-1	200	5	1000
171	17	1	17-15-14-9-7-1	200	5	1000
172	17	2	17-15-10-5-2	200	4	800
172	17	2	17-15-14-9-7-1-2	200	6	1200
173	17	3	17-15-10-5-4-3	200	5	1000
173	17	3	17-15-10-5-2-1-3	200	6	1200
174	17	4	17-15-10-5-4	200	4	800
174	17	4	17-15-10-5-2-1-3-4	200	7	1400
175	17	5	17-15-10-5	200	3	600
175	17	5	17-15-14-9-7-6-5	200	6	1200
176	17	6	17-15-10-5-6	200	4	800
176	17	6	17-15-14-9-7-6	200	5	1000
177	17	7	17-15-14-9-7	200	4	800
177	17	7	17-15-10-5-6-7	200	5	1000
178	17	8	17-15-14-9-7-8	200	5	1000
178	17	8	17-15-14-13-12-11-8	200	6	1200
179	17	9	17-15-14-9	200	3	600
179	17	9	17-15-10-5-6-7-9	200	6	1200
1710	17	10	17-15-10	200	2	400
1710	17	10	17-15-14-9-7-6-5-10	200	7	1400
1711	17	11	17-15-14-13-12-11	200	5	1000
1711	17	11	17-19-20-18-16-12-11	200	6	1200
1712	17	12	17-15-14-13-12	200	4	800
1712	17	12	17-19-20-18-16-12	200	5	1000
1713	17	13	17-15-14-13	200	3	600
1713	17	13	17-19-20-18-16-12-13	200	6	1200
1714	17	14	17-15-14	200	2	400
1714	17	14	17-19-20-18-16-12-13-14	200	7	1400
1715	17	15	17-15	200	1	200
1715	17	15	17-19-20-18-16-12-13-14-15	200	8	1600
1716	17	16	17-19-20-18-16	200	4	800
1716	17	16	17-15-14-13-12-16	200	5	1000
1718	17	18	17-19-20-18	200	3	600
1718	17	18	17-15-14-13-12-16-18	200	6	1200
1719	17	19	17-19	200	1	200
1719	17	19	17-15-14-13-12-16-18-20-19	200	8	1600
1720	17	20	17-19-20	200	2	400
1720	17	20	17-15-14-13-12-16-18-20	200	7	1400
180	18	0	18-16-12-11-8-7-1-0	200	7	1400
180	18	0	18-16-12-13-14-9-7-1-0	200	8	1600
181	18	1	18-16-12-11-8-7-1	200	6	1200
181	18	1	18-16-12-13-14-9-7-1	200	7	1400
182	18	2	18-16-12-11-8-7-1-2	200	7	1400
182	18	2	18-20-19-17-15-10-5-2	200	7	1400
183	18	3	18-16-12-11-8-7-1-3	200	7	1400
183	18	3	18-16-12-13-14-9-7-1-3	200	8	1600
184	18	4	18-20-19-17-15-10-5-4	200	7	1400
184	18	4	18-16-12-11-8-7-1-3-4	200	8	1600
185	18	5	18-20-19-17-15-10-5	200	6	1200
185	18	5	18-16-12-11-8-7-6-5	200	7	1400
186	18	6	18-16-12-11-8-7-6	200	6	1200
186	18	6	18-20-19-17-15-10-5-6	200	7	1400
187	18	7	18-16-12-11-8-7	200	5	1000
187	18	7	18-16-12-13-14-9-7	200	6	1200
188	18	8	18-16-12-11-8	200	4	800
188	18	8	18-16-12-13-14-9-7-8	200	7	1400
189	18	9	18-16-12-13-14-9	200	5	1000
189	18	9	18-20-19-17-15-14-9	200	6	1200
1810	18	10	18-20-19-17-15-10	200	5	1000
1810	18	10	18-16-12-13-14-15-10	200	6	1200
1811	18	11	18-16-12-11	200	3	600
1811	18	11	18-20-19-17-15-14-13-12-11	200	8	1600
1812	18	12	18-16-12	200	2	400
1812	18	12	18-20-19-17-15-14-13-12	200	7	1400
1813	18	13	18-16-12-13	200	3	600
1813	18	13	18-20-19-17-15-14-13	200	6	1200
1814	18	14	18-16-12-13-14	200	4	800
1814	18	14	18-20-19-17-15-14	200	5	1000
1815	18	15	18-20-19-17-15	200	4	800
1815	18	15	18-16-12-13-14-15	200	5	1000
1816	18	16	18-16	200	1	200
1816	18	16	18-20-19-17-15-14-13-12-16	200	8	1600
1817	18	17	18-20-19-17	200	3	600
1817	18	17	18-16-12-13-14-15-17	200	6	1200
1819	18	19	18-20-19	200	2	400
1819	18	19	18-16-12-13-14-15-17-19	200	7	1400
1820	18	20	18-20	200	1	200
1820	18	20	18-16-12-13-14-15-17-19-20	200	8	1600
190	19	0	19-17-15-10-5-2-0	200	6	1200
190	19	0	19-17-15-10-5-2-1-0	200	7	1400
191	19	1	19-17-15-10-5-2-1	200	6	1200
191	19	1	19-17-15-14-9-7-1	200	6	1200
192	19	2	19-17-15-10-5-2	200	5	1000
192	19	2	19-17-15-14-9-7-1-2	200	7	1400
193	19	3	19-17-15-10-5-4-3	200	6	1200
193	19	3	19-17-15-10-5-2-1-3	200	7	1400
194	19	4	19-17-15-10-5-4	200	5	1000
194	19	4	19-17-15-10-5-2-1-3-4	200	8	1600
195	19	5	19-17-15-10-5	200	4	800
195	19	5	19-17-15-14-9-7-6-5	200	7	1400
196	19	6	19-17-15-10-5-6	200	5	1000
196	19	6	19-17-15-14-9-7-6	200	6	1200
197	19	7	19-17-15-14-9-7	200	5	1000
197	19	7	19-17-15-10-5-6-7	200	6	1200
198	19	8	19-20-18-16-12-11-8	200	6	1200
198	19	8	19-17-15-14-9-7-8	200	6	1200
199	19	9	19-17-15-14-9	200	4	800
199	19	9	19-20-18-16-12-13-14-9	200	7	1400
1910	19	10	19-17-15-10	200	3	600
1910	19	10	19-20-18-16-12-13-14-15-10	200	8	1600
1911	19	11	19-20-18-16-12-11	200	5	1000
1911	19	11	19-17-15-14-13-12-11	200	6	1200
1912	19	12	19-20-18-16-12	200	4	800
1912	19	12	19-17-15-14-13-12	200	5	1000
1913	19	13	19-17-15-14-13	200	4	800
1913	19	13	19-20-18-16-12-13	200	5	1000
1914	19	14	19-17-15-14	200	3	600
1914	19	14	19-20-18-16-12-13-14	200	6	1200
1915	19	15	19-17-15	200	2	400
1915	19	15	19-20-18-16-12-13-14-15	200	7	1400
1916	19	16	19-20-18-16	200	3	600
1916	19	16	19-17-15-14-13-12-16	200	6	1200
1917	19	17	19-17	200	1	200
1917	19	17	19-20-18-16-12-13-14-15-17	200	8	1600
1918	19	18	19-20-18	200	2	400
1918	19	18	19-17-15-14-13-12-16-18	200	7	1400
1920	19	20	19-20	200	1	200
1920	19	20	19-17-15-14-13-12-16-18-20	200	8	1600
200	20	0	20-19-17-15-10-5-2-0	200	7	1400
200	20	0	20-19-17-15-10-5-2-1-0	200	8	1600
201	20	1	20-19-17-15-10-5-2-1	200	7	1400
201	20	1	20-19-17-15-14-9-7-1	200	7	1400
202	20	2	20-19-17-15-10-5-2	200	6	1200
202	20	2	20-18-16-12-11-8-7-1-2	200	8	1600
203	20	3	20-19-17-15-10-5-4-3	200	7	1400
203	20	3	20-19-17-15-10-5-2-1-3	200	8	1600
204	20	4	20-19-17-15-10-5-4	200	6	1200
204	20	4	20-19-17-15-10-5-2-1-3-4	200	9	1800
205	20	5	20-19-17-15-10-5	200	5	1000
205	20	5	20-18-16-12-11-8-7-6-5	200	8	1600
206	20	6	20-19-17-15-10-5-6	200	6	1200
206	20	6	20-18-16-12-11-8-7-6	200	7	1400
207	20	7	20-18-16-12-11-8-7	200	6	1200
207	20	7	20-19-17-15-14-9-7	200	6	1200
208	20	8	20-18-16-12-11-8	200	5	1000
208	20	8	20-19-17-15-14-9-7-8	200	7	1400
209	20	9	20-19-17-15-14-9	200	5	1000
209	20	9	20-18-16-12-13-14-9	200	6	1200
2010	20	10	20-19-17-15-10	200	4	800
2010	20	10	20-18-16-12-13-14-15-10	200	7	1400
2011	20	11	20-18-16-12-11	200	4	800
2011	20	11	20-19-17-15-14-13-12-11	200	7	1400
2012	20	12	20-18-16-12	200	3	600
2012	20	12	20-19-17-15-14-13-12	200	6	1200
2013	20	13	20-18-16-12-13	200	4	800
2013	20	13	20-19-17-15-14-13	200	5	1000
2014	20	14	20-19-17-15-14	200	4	800
2014	20	14	20-18-16-12-13-14	200	5	1000
2015	20	15	20-19-17-15	200	3	600
2015	20	15	20-18-16-12-13-14-15	200	6	1200
2016	20	16	20-18-16	200	2	400
2016	20	16	20-19-17-15-14-13-12-16	200	7	1400
2017	20	17	20-19-17	200	2	400
2017	20	17	20-18-16-12-13-14-15-17	200	7	1400
2018	20	18	20-18	200	1	200
2018	20	18	20-19-17-15-14-13-12-16-18	200	8	1600
2019	20	19	20-19	200	1	200
2019	20	19	20-18-16-12-13-14-15-17-19	200	8	1600
