01	0	1	0-1	53	1	53
02	0	2	0-2	62	1	62
03	0	3	0-1-3	6	2	12
04	0	4	0-1-3-4	50	3	150
05	0	5	0-2-5	51	2	102
06	0	6	0-2-5-6	42	3	126
07	0	7	0-1-7	60	2	120
08	0	8	0-1-7-8	24	3	72
09	0	9	0-1-7-9	1	3	3
010	0	10	0-2-5-10	95	3	285
011	0	11	0-1-7-8-11	48	4	192
012	0	12	0-1-7-8-11-12	97	5	485
013	0	13	0-1-7-9-14-13	80	5	400
014	0	14	0-1-7-9-14	6	4	24
015	0	15	0-2-5-10-15	66	4	264
016	0	16	0-1-7-8-11-12-16	80	6	480
017	0	17	0-2-5-10-15-17	40	5	200
018	0	18	0-1-7-8-11-12-16-18	70	7	490
019	0	19	0-2-5-10-15-17-19	57	6	342
020	0	20	0-2-5-10-15-17-19-20	66	7	462
10	1	0	1-0	14	1	14
12	1	2	1-2	46	1	46
13	1	3	1-3	99	1	99
14	1	4	1-3-4	21	2	42
15	1	5	1-2-5	37	2	74
16	1	6	1-7-6	43	2	86
17	1	7	1-7	44	1	44
18	1	8	1-7-8	9	2	18
19	1	9	1-7-9	73	2	146
110	1	10	1-2-5-10	58	3	174
111	1	11	1-7-8-11	50	3	150
112	1	12	1-7-8-11-12	4	4	16
113	1	13	1-7-9-14-13	44	4	176
114	1	14	1-7-9-14	56	3	168
115	1	15	1-7-9-14-15	42	4	168
116	1	16	1-7-8-11-12-16	36	5	180
117	1	17	1-7-9-14-15-17	27	5	135
118	1	18	1-7-8-11-12-16-18	22	6	132
119	1	19	1-7-9-14-15-17-19	5	6	30
120	1	20	1-7-8-11-12-16-18-20	66	7	462
20	2	0	2-0	96	1	96
21	2	1	2-1	80	1	80
23	2	3	2-1-3	73	2	146
24	2	4	2-5-4	10	2	20
25	2	5	2-5	6	1	6
26	2	6	2-5-6	87	2	174
27	2	7	2-1-7	95	2	190
28	2	8	2-1-7-8	51	3	153
29	2	9	2-1-7-9	38	3	114
210	2	10	2-5-10	68	2	136
211	2	11	2-1-7-8-11	27	4	108
212	2	12	2-1-7-8-11-12	61	5	305
213	2	13	2-5-10-15-14-13	5	5	25
214	2	14	2-5-10-15-14	49	4	196
215	2	15	2-5-10-15	31	3	93
216	2	16	2-1-7-8-11-12-16	28	6	168
217	2	17	2-5-10-15-17	16	4	64
218	2	18	2-1-7-8-11-12-16-18	83	7	581
219	2	19	2-5-10-15-17-19	5	5	25
220	2	20	2-5-10-15-17-19-20	50	6	300
30	3	0	3-1-0	51	2	102
31	3	1	3-1	32	1	32
32	3	2	3-1-2	50	2	100
34	3	4	3-4	49	1	49
35	3	5	3-4-5	92	2	184
36	3	6	3-4-5-6	87	3	261
37	3	7	3-1-7	34	2	68
38	3	8	3-1-7-8	37	3	111
39	3	9	3-1-7-9	83	3	249
310	3	10	3-4-5-10	62	3	186
311	3	11	3-1-7-8-11	81	4	324
312	3	12	3-1-7-8-11-12	68	5	340
313	3	13	3-1-7-9-14-13	16	5	80
314	3	14	3-1-7-9-14	3	4	12
315	3	15	3-4-5-10-15	14	4	56
316	3	16	3-1-7-8-11-12-16	14	6	84
317	3	17	3-4-5-10-15-17	55	5	275
318	3	18	3-1-7-8-11-12-16-18	21	7	147
319	3	19	3-4-5-10-15-17-19	16	6	96
320	3	20	3-4-5-10-15-17-19-20	49	7	343
40	4	0	4-3-1-0	8	3	24
41	4	1	4-3-1	31	2	62
42	4	2	4-5-2	80	2	160
43	4	3	4-3	58	1	58
45	4	5	4-5	80	1	80
46	4	6	4-5-6	48	2	96
47	4	7	4-3-1-7	62	3	186
48	4	8	4-3-1-7-8	99	4	396
49	4	9	4-3-1-7-9	62	4	248
410	4	10	4-5-10	49	2	98
411	4	11	4-3-1-7-8-11	20	5	100
412	4	12	4-3-1-7-8-11-12	44	6	264
413	4	13	4-5-10-15-14-13	76	5	380
414	4	14	4-5-10-15-14	3	4	12
415	4	15	4-5-10-15	30	3	90
416	4	16	4-3-1-7-8-11-12-16	77	7	539
417	4	17	4-5-10-15-17	98	4	392
418	4	18	4-5-10-15-17-19-20-18	90	7	630
419	4	19	4-5-10-15-17-19	36	5	180
420	4	20	4-5-10-15-17-19-20	27	6	162
50	5	0	5-2-0	8	2	16
51	5	1	5-2-1	42	2	84
52	5	2	5-2	48	1	48
53	5	3	5-4-3	18	2	36
54	5	4	5-4	19	1	19
56	5	6	5-6	34	1	34
57	5	7	5-6-7	65	2	130
58	5	8	5-6-7-8	9	3	27
59	5	9	5-6-7-9	42	3	126
510	5	10	5-10	81	1	81
511	5	11	5-6-7-8-11	72	4	288
512	5	12	5-6-7-8-11-12	78	5	390
513	5	13	5-10-15-14-13	34	4	136
514	5	14	5-10-15-14	4	3	12
515	5	15	5-10-15	94	2	188
516	5	16	5-6-7-8-11-12-16	62	6	372
517	5	17	5-10-15-17	81	3	243
518	5	18	5-10-15-17-19-20-18	7	6	42
519	5	19	5-10-15-17-19	85	4	340
520	5	20	5-10-15-17-19-20	1	5	5
60	6	0	6-7-1-0	79	3	237
61	6	1	6-7-1	91	2	182
62	6	2	6-5-2	69	2	138
63	6	3	6-7-1-3	12	3	36
64	6	4	6-5-4	19	2	38
65	6	5	6-5	2	1	2
67	6	7	6-7	12	1	12
68	6	8	6-7-8	49	2	98
69	6	9	6-7-9	22	2	44
610	6	10	6-5-10	33	2	66
611	6	11	6-7-8-11	62	3	186
612	6	12	6-7-8-11-12	22	4	88
613	6	13	6-7-9-14-13	50	4	200
614	6	14	6-7-9-14	54	3	162
615	6	15	6-5-10-15	52	3	156
616	6	16	6-7-8-11-12-16	98	5	490
617	6	17	6-5-10-15-17	25	4	100
618	6	18	6-7-8-11-12-16-18	86	6	516
619	6	19	6-5-10-15-17-19	16	5	80
620	6	20	6-5-10-15-17-19-20	14	6	84
70	7	0	7-1-0	40	2	80
71	7	1	7-1	67	1	67
72	7	2	7-1-2	77	2	154
73	7	3	7-1-3	36	2	72
74	7	4	7-1-3-4	67	3	201
75	7	5	7-6-5	60	2	120
76	7	6	7-6	23	1	23
78	7	8	7-8	18	1	18
79	7	9	7-9	56	1	56
710	7	10	7-6-5-10	58	3	174
711	7	11	7-8-11	16	2	32
712	7	12	7-8-11-12	24	3	72
713	7	13	7-9-14-13	81	3	243
714	7	14	7-9-14	37	2	74
715	7	15	7-9-14-15	73	3	219
716	7	16	7-8-11-12-16	37	4	148
717	7	17	7-9-14-15-17	85	4	340
718	7	18	7-8-11-12-16-18	12	5	60
719	7	19	7-9-14-15-17-19	66	5	330
720	7	20	7-8-11-12-16-18-20	22	6	132
80	8	0	8-7-1-0	68	3	204
81	8	1	8-7-1	64	2	128
82	8	2	8-7-1-2	29	3	87
83	8	3	8-7-1-3	47	3	141
84	8	4	8-7-1-3-4	56	4	224
85	8	5	8-7-6-5	86	3	258
86	8	6	8-7-6	86	2	172
87	8	7	8-7	49	1	49
89	8	9	8-7-9	93	2	186
810	8	10	8-7-6-5-10	66	4	264
811	8	11	8-11	46	1	46
812	8	12	8-11-12	20	2	40
813	8	13	8-11-12-13	47	3	141
814	8	14	8-7-9-14	45	3	135
815	8	15	8-7-9-14-15	74	4	296
816	8	16	8-11-12-16	9	3	27
817	8	17	8-7-9-14-15-17	68	5	340
818	8	18	8-11-12-16-18	18	4	72
819	8	19	8-7-9-14-15-17-19	81	6	486
820	8	20	8-11-12-16-18-20	4	5	20
90	9	0	9-7-1-0	88	3	264
91	9	1	9-7-1	67	2	134
92	9	2	9-7-1-2	34	3	102
93	9	3	9-7-1-3	6	3	18
94	9	4	9-7-1-3-4	11	4	44
95	9	5	9-7-6-5	85	3	255
96	9	6	9-7-6	33	2	66
97	9	7	9-7	3	1	3
98	9	8	9-7-8	91	2	182
910	9	10	9-14-15-10	73	3	219
911	9	11	9-7-8-11	71	3	213
912	9	12	9-14-13-12	67	3	201
913	9	13	9-14-13	57	2	114
914	9	14	9-14	28	1	28
915	9	15	9-14-15	96	2	192
916	9	16	9-14-13-12-16	91	4	364
917	9	17	9-14-15-17	7	3	21
918	9	18	9-14-13-12-16-18	65	5	325
919	9	19	9-14-15-17-19	42	4	168
920	9	20	9-14-15-17-19-20	37	5	185
100	10	0	10-5-2-0	34	3	102
101	10	1	10-5-2-1	47	3	141
102	10	2	10-5-2	65	2	130
103	10	3	10-5-4-3	13	3	39
104	10	4	10-5-4	65	2	130
105	10	5	10-5	3	1	3
106	10	6	10-5-6	97	2	194
107	10	7	10-5-6-7	86	3	258
108	10	8	10-5-6-7-8	37	4	148
109	10	9	10-15-14-9	89	3	267
1011	10	11	10-15-14-13-12-11	55	5	275
1012	10	12	10-15-14-13-12	36	4	144
1013	10	13	10-15-14-13	92	3	276
1014	10	14	10-15-14	90	2	180
1015	10	15	10-15	80	1	80
1016	10	16	10-15-14-13-12-16	68	5	340
1017	10	17	10-15-17	74	2	148
1018	10	18	10-15-17-19-20-18	71	5	355
1019	10	19	10-15-17-19	59	3	177
1020	10	20	10-15-17-19-20	27	4	108
110	11	0	11-8-7-1-0	5	4	20
111	11	1	11-8-7-1	61	3	183
112	11	2	11-8-7-1-2	13	4	52
113	11	3	11-8-7-1-3	21	4	84
114	11	4	11-8-7-1-3-4	89	5	445
115	11	5	11-8-7-6-5	69	4	276
116	11	6	11-8-7-6	89	3	267
117	11	7	11-8-7	73	2	146
118	11	8	11-8	90	1	90
119	11	9	11-8-7-9	50	3	150
1110	11	10	11-12-13-14-15-10	60	5	300
1112	11	12	11-12	31	1	31
1113	11	13	11-12-13	60	2	120
1114	11	14	11-12-13-14	54	3	162
1115	11	15	11-12-13-14-15	23	4	92
1116	11	16	11-12-16	64	2	128
1117	11	17	11-12-13-14-15-17	46	5	230
1118	11	18	11-12-16-18	36	3	108
1119	11	19	11-12-16-18-20-19	60	5	300
1120	11	20	11-12-16-18-20	26	4	104
120	12	0	12-11-8-7-1-0	59	5	295
121	12	1	12-11-8-7-1	71	4	284
122	12	2	12-11-8-7-1-2	56	5	280
123	12	3	12-11-8-7-1-3	46	5	230
124	12	4	12-11-8-7-1-3-4	65	6	390
125	12	5	12-11-8-7-6-5	15	5	75
126	12	6	12-11-8-7-6	75	4	300
127	12	7	12-11-8-7	46	3	138
128	12	8	12-11-8	6	2	12
129	12	9	12-13-14-9	94	3	282
1210	12	10	12-13-14-15-10	35	4	140
1211	12	11	12-11	26	1	26
1213	12	13	12-13	84	1	84
1214	12	14	12-13-14	29	2	58
1215	12	15	12-13-14-15	80	3	240
1216	12	16	12-16	57	1	57
1217	12	17	12-13-14-15-17	26	4	104
1218	12	18	12-16-18	27	2	54
1219	12	19	12-16-18-20-19	92	4	368
1220	12	20	12-16-18-20	61	3	183
130	13	0	13-14-9-7-1-0	79	5	395
131	13	1	13-14-9-7-1	60	4	240
132	13	2	13-14-9-7-1-2	65	5	325
133	13	3	13-14-9-7-1-3	76	5	380
134	13	4	13-14-15-10-5-4	36	5	180
135	13	5	13-14-15-10-5	42	4	168
136	13	6	13-14-9-7-6	62	4	248
137	13	7	13-14-9-7	85	3	255
138	13	8	13-12-11-8	54	3	162
139	13	9	13-14-9	38	2	76
1310	13	10	13-14-15-10	57	3	171
1311	13	11	13-12-11	25	2	50
1312	13	12	13-12	28	1	28
1314	13	14	13-14	54	1	54
1315	13	15	13-14-15	85	2	170
1316	13	16	13-12-16	58	2	116
1317	13	17	13-14-15-17	5	3	15
1318	13	18	13-12-16-18	11	3	33
1319	13	19	13-14-15-17-19	9	4	36
1320	13	20	13-12-16-18-20	44	4	176
140	14	0	14-9-7-1-0	67	4	268
141	14	1	14-9-7-1	89	3	267
142	14	2	14-9-7-1-2	39	4	156
143	14	3	14-9-7-1-3	91	4	364
144	14	4	14-15-10-5-4	10	4	40
145	14	5	14-15-10-5	53	3	159
146	14	6	14-9-7-6	9	3	27
147	14	7	14-9-7	4	2	8
148	14	8	14-9-7-8	65	3	195
149	14	9	14-9	8	1	8
1410	14	10	14-15-10	32	2	64
1411	14	11	14-13-12-11	32	3	96
1412	14	12	14-13-12	11	2	22
1413	14	13	14-13	72	1	72
1415	14	15	14-15	7	1	7
1416	14	16	14-13-12-16	70	3	210
1417	14	17	14-15-17	79	2	158
1418	14	18	14-13-12-16-18	10	4	40
1419	14	19	14-15-17-19	50	3	150
1420	14	20	14-15-17-19-20	54	4	216
150	15	0	15-10-5-2-0	70	4	280
151	15	1	15-10-5-2-1	35	4	140
152	15	2	15-10-5-2	99	3	297
153	15	3	15-10-5-4-3	34	4	136
154	15	4	15-10-5-4	2	3	6
155	15	5	15-10-5	90	2	180
156	15	6	15-10-5-6	58	3	174
157	15	7	15-14-9-7	59	3	177
158	15	8	15-14-9-7-8	97	4	388
159	15	9	15-14-9	78	2	156
1510	15	10	15-10	49	1	49
1511	15	11	15-14-13-12-11	60	4	240
1512	15	12	15-14-13-12	46	3	138
1513	15	13	15-14-13	83	2	166
1514	15	14	15-14	38	1	38
1516	15	16	15-14-13-12-16	89	4	356
1517	15	17	15-17	87	1	87
1518	15	18	15-17-19-20-18	18	4	72
1519	15	19	15-17-19	12	2	24
1520	15	20	15-17-19-20	67	3	201
160	16	0	16-12-11-8-7-1-0	17	6	102
161	16	1	16-12-11-8-7-1	48	5	240
162	16	2	16-12-11-8-7-1-2	43	6	258
163	16	3	16-12-11-8-7-1-3	74	6	444
164	16	4	16-12-11-8-7-1-3-4	88	7	616
165	16	5	16-12-11-8-7-6-5	39	6	234
166	16	6	16-12-11-8-7-6	97	5	485
167	16	7	16-12-11-8-7	54	4	216
168	16	8	16-12-11-8	73	3	219
169	16	9	16-12-13-14-9	2	4	8
1610	16	10	16-12-13-14-15-10	28	5	140
1611	16	11	16-12-11	98	2	196
1612	16	12	16-12	38	1	38
1613	16	13	16-12-13	18	2	36
1614	16	14	16-12-13-14	46	3	138
1615	16	15	16-12-13-14-15	88	4	352
1617	16	17	16-18-20-19-17	22	4	88
1618	16	18	16-18	81	1	81
1619	16	19	16-18-20-19	35	3	105
1620	16	20	16-18-20	49	2	98
170	17	0	17-15-10-5-2-0	60	5	300
171	17	1	17-15-10-5-2-1	92	5	460
172	17	2	17-15-10-5-2	23	4	92
173	17	3	17-15-10-5-4-3	53	5	265
174	17	4	17-15-10-5-4	18	4	72
175	17	5	17-15-10-5	89	3	267
176	17	6	17-15-10-5-6	22	4	88
177	17	7	17-15-14-9-7	52	4	208
178	17	8	17-15-14-9-7-8	61	5	305
179	17	9	17-15-14-9	90	3	270
1710	17	10	17-15-10	66	2	132
1711	17	11	17-15-14-13-12-11	19	5	95
1712	17	12	17-15-14-13-12	79	4	316
1713	17	13	17-15-14-13	59	3	177
1714	17	14	17-15-14	6	2	12
1715	17	15	17-15	21	1	21
1716	17	16	17-19-20-18-16	9	4	36
1718	17	18	17-19-20-18	80	3	240
1719	17	19	17-19	22	1	22
1720	17	20	17-19-20	1	2	2
180	18	0	18-16-12-11-8-7-1-0	16	7	112
181	18	1	18-16-12-11-8-7-1	34	6	204
182	18	2	18-16-12-11-8-7-1-2	82	7	574
183	18	3	18-16-12-11-8-7-1-3	51	7	357
184	18	4	18-20-19-17-15-10-5-4	59	7	413
185	18	5	18-20-19-17-15-10-5	36	6	216
186	18	6	18-16-12-11-8-7-6	82	6	492
187	18	7	18-16-12-11-8-7	86	5	430
188	18	8	18-16-12-11-8	70	4	280
189	18	9	18-16-12-13-14-9	5	5	25
1810	18	10	18-20-19-17-15-10	5	5	25
1811	18	11	18-16-12-11	99	3	297
1812	18	12	18-16-12	53	2	106
1813	18	13	18-16-12-13	37	3	111
1814	18	14	18-16-12-13-14	14	4	56
1815	18	15	18-20-19-17-15	83	4	332
1816	18	16	18-16	1	1	1
1817	18	17	18-20-19-17	71	3	213
1819	18	19	18-20-19	1	2	2
1820	18	20	18-20	26	1	26
190	19	0	19-17-15-10-5-2-0	97	6	582
191	19	1	19-17-15-10-5-2-1	53	6	318
192	19	2	19-17-15-10-5-2	83	5	415
193	19	3	19-17-15-10-5-4-3	56	6	336
194	19	4	19-17-15-10-5-4	13	5	65
195	19	5	19-17-15-10-5	65	4	260
196	19	6	19-17-15-10-5-6	87	5	435
197	19	7	19-17-15-14-9-7	42	5	210
198	19	8	19-20-18-16-12-11-8	74	6	444
199	19	9	19-17-15-14-9	98	4	392
1910	19	10	19-17-15-10	72	3	216
1911	19	11	19-20-18-16-12-11	1	5	5
1912	19	12	19-20-18-16-12	76	4	304
1913	19	13	19-17-15-14-13	17	4	68
1914	19	14	19-17-15-14	88	3	264
1915	19	15	19-17-15	76	2	152
1916	19	16	19-20-18-16	99	3	297
1917	19	17	19-17	63	1	63
1918	19	18	19-20-18	99	2	198
1920	19	20	19-20	78	1	78
200	20	0	20-19-17-15-10-5-2-0	95	7	665
201	20	1	20-19-17-15-10-5-2-1	68	7	476
202	20	2	20-19-17-15-10-5-2	85	6	510
203	20	3	20-19-17-15-10-5-4-3	92	7	644
204	20	4	20-19-17-15-10-5-4	52	6	312
205	20	5	20-19-17-15-10-5	48	5	240
206	20	6	20-19-17-15-10-5-6	16	6	96
207	20	7	20-18-16-12-11-8-7	79	6	474
208	20	8	20-18-16-12-11-8	59	5	295
209	20	9	20-19-17-15-14-9	69	5	345
2010	20	10	20-19-17-15-10	60	4	240
2011	20	11	20-18-16-12-11	96	4	384
2012	20	12	20-18-16-12	69	3	207
2013	20	13	20-18-16-12-13	50	4	200
2014	20	14	20-19-17-15-14	28	4	112
2015	20	15	20-19-17-15	68	3	204
2016	20	16	20-18-16	26	2	52
2017	20	17	20-19-17	9	2	18
2018	20	18	20-18	45	1	45
2019	20	19	20-19	71	1	71
