
Solucion numero: 1
Cantidad de bloqueados: 6
Fitness: 760
Ranuras 	Origen 	Destino 	Ruta
		0	1		0 - 1
32
33
34
35
36
37
38
39
40
41
42
43
44
45
46
47
48
49
50
51
		0	3		0 - 1 - 2 - 3
54
55
56
57
58
59
60
61
62
63
64
65
66
67
68
69
70
71
72
73
		0	5		0 - 5
23
24
25
26
27
28
29
30
31
32
33
34
35
36
37
38
39
40
41
42
		1	0		1 - 0
10
11
12
13
14
15
16
17
18
19
20
21
22
23
24
25
26
27
28
29
		1	2		1 - 2
31
32
33
34
35
36
37
38
39
40
41
42
43
44
45
46
47
48
49
50
		2	1		2 - 1
34
35
36
37
38
39
40
41
42
43
44
45
46
47
48
49
50
51
52
53
		2	3		2 - 3
24
25
26
27
28
29
30
31
32
33
34
35
36
37
38
39
40
41
42
43
		2	5		2 - 1 - 0 - 5
69
70
71
72
73
74
75
76
77
78
79
80
81
82
83
84
85
86
87
88
		3	0		3 - 4 - 1 - 0
48
49
50
51
52
53
54
55
56
57
58
59
60
61
62
63
64
65
66
67
		3	2		3 - 2
74
75
76
77
78
79
80
81
82
83
84
85
86
87
88
89
90
91
92
93
		5	2		5 - 0 - 1 - 2
79
80
81
82
83
84
85
86
87
88
89
90
91
92
93
94
95
96
97
98
		2	4		2 - 1 - 4
7
8
9
10
11
12
13
14
15
16
17
18
19
20
21
22
23
24
25
26
		3	5		Bloqueado		Bloqueado
		1	5		1 - 4 - 5
58
59
60
61
62
63
64
65
66
67
68
69
70
71
72
73
74
75
76
77
		4	2		4 - 1 - 2
0
1
2
3
4
5
6
7
8
9
10
11
12
13
14
15
16
17
18
19
		5	3		Bloqueado		Bloqueado
		0	2		Bloqueado		Bloqueado
		4	5		4 - 5
25
26
27
28
29
30
31
32
33
34
35
36
37
38
39
40
41
42
43
44
		1	4		1 - 4
28
29
30
31
32
33
34
35
36
37
38
39
40
41
42
43
44
45
46
47
		2	0		Bloqueado		Bloqueado
		4	1		4 - 1
69
70
71
72
73
74
75
76
77
78
79
80
81
82
83
84
85
86
87
88
		5	0		5 - 0
56
57
58
59
60
61
62
63
64
65
66
67
68
69
70
71
72
73
74
75
		5	1		5 - 0 - 1
12
13
14
15
16
17
18
19
20
21
22
23
24
25
26
27
28
29
30
31
		5	4		5 - 4
17
18
19
20
21
22
23
24
25
26
27
28
29
30
31
32
33
34
35
36
		4	3		4 - 3
76
77
78
79
80
81
82
83
84
85
86
87
88
89
90
91
92
93
94
95
		4	0		Bloqueado		Bloqueado
		3	4		3 - 4
3
4
5
6
7
8
9
10
11
12
13
14
15
16
17
18
19
20
21
22
		1	3		Bloqueado		Bloqueado
		0	4		0 - 5 - 4
44
45
46
47
48
49
50
51
52
53
54
55
56
57
58
59
60
61
62
63
		3	1		3 - 4 - 1
27
28
29
30
31
32
33
34
35
36
37
38
39
40
41
42
43
44
45
46


Solucion numero: 2
Cantidad de bloqueados: 5
Fitness: 840
Ranuras 	Origen 	Destino 	Ruta
		0	1		0 - 1
59
60
61
62
63
64
65
66
67
68
69
70
71
72
73
74
75
76
77
78
		0	3		0 - 1 - 2 - 3
39
40
41
42
43
44
45
46
47
48
49
50
51
52
53
54
55
56
57
58
		0	5		0 - 5
21
22
23
24
25
26
27
28
29
30
31
32
33
34
35
36
37
38
39
40
		1	0		1 - 0
1
2
3
4
5
6
7
8
9
10
11
12
13
14
15
16
17
18
19
20
		1	2		1 - 2
13
14
15
16
17
18
19
20
21
22
23
24
25
26
27
28
29
30
31
32
		2	1		2 - 1
68
69
70
71
72
73
74
75
76
77
78
79
80
81
82
83
84
85
86
87
		2	3		2 - 3
19
20
21
22
23
24
25
26
27
28
29
30
31
32
33
34
35
36
37
38
		2	5		2 - 1 - 0 - 5
45
46
47
48
49
50
51
52
53
54
55
56
57
58
59
60
61
62
63
64
		3	0		3 - 2 - 1 - 0
25
26
27
28
29
30
31
32
33
34
35
36
37
38
39
40
41
42
43
44
		3	2		3 - 2
4
5
6
7
8
9
10
11
12
13
14
15
16
17
18
19
20
21
22
23
		5	2		5 - 0 - 1 - 2
80
81
82
83
84
85
86
87
88
89
90
91
92
93
94
95
96
97
98
99
		2	4		2 - 1 - 4
1
2
3
4
5
6
7
8
9
10
11
12
13
14
15
16
17
18
19
20
		3	5		3 - 4 - 1 - 0 - 5
67
68
69
70
71
72
73
74
75
76
77
78
79
80
81
82
83
84
85
86
		1	5		1 - 4 - 5
26
27
28
29
30
31
32
33
34
35
36
37
38
39
40
41
42
43
44
45
		4	2		4 - 3 - 2
49
50
51
52
53
54
55
56
57
58
59
60
61
62
63
64
65
66
67
68
		5	3		Bloqueado		Bloqueado
		0	2		Bloqueado		Bloqueado
		4	5		4 - 5
67
68
69
70
71
72
73
74
75
76
77
78
79
80
81
82
83
84
85
86
		1	4		1 - 4
67
68
69
70
71
72
73
74
75
76
77
78
79
80
81
82
83
84
85
86
		2	0		Bloqueado		Bloqueado
		4	1		4 - 1
39
40
41
42
43
44
45
46
47
48
49
50
51
52
53
54
55
56
57
58
		5	0		5 - 0
32
33
34
35
36
37
38
39
40
41
42
43
44
45
46
47
48
49
50
51
		5	1		5 - 0 - 1
4
5
6
7
8
9
10
11
12
13
14
15
16
17
18
19
20
21
22
23
		5	4		5 - 4
38
39
40
41
42
43
44
45
46
47
48
49
50
51
52
53
54
55
56
57
		4	3		4 - 3
73
74
75
76
77
78
79
80
81
82
83
84
85
86
87
88
89
90
91
92
		4	0		Bloqueado		Bloqueado
		3	4		3 - 4
27
28
29
30
31
32
33
34
35
36
37
38
39
40
41
42
43
44
45
46
		1	3		Bloqueado		Bloqueado
		0	4		0 - 5 - 4
0
1
2
3
4
5
6
7
8
9
10
11
12
13
14
15
16
17
18
19
		3	1		3 - 4 - 1
6
7
8
9
10
11
12
13
14
15
16
17
18
19
20
21
22
23
24
25


Solucion numero: 3
Cantidad de bloqueados: 5
Fitness: 880
Ranuras 	Origen 	Destino 	Ruta
		0	1		0 - 1
9
10
11
12
13
14
15
16
17
18
19
20
21
22
23
24
25
26
27
28
		0	3		0 - 1 - 2 - 3
68
69
70
71
72
73
74
75
76
77
78
79
80
81
82
83
84
85
86
87
		0	5		0 - 5
31
32
33
34
35
36
37
38
39
40
41
42
43
44
45
46
47
48
49
50
		1	0		1 - 0
32
33
34
35
36
37
38
39
40
41
42
43
44
45
46
47
48
49
50
51
		1	2		1 - 2
33
34
35
36
37
38
39
40
41
42
43
44
45
46
47
48
49
50
51
52
		2	1		2 - 1
77
78
79
80
81
82
83
84
85
86
87
88
89
90
91
92
93
94
95
96
		2	3		2 - 3
11
12
13
14
15
16
17
18
19
20
21
22
23
24
25
26
27
28
29
30
		2	5		2 - 1 - 0 - 5
6
7
8
9
10
11
12
13
14
15
16
17
18
19
20
21
22
23
24
25
		3	0		3 - 2 - 1 - 0
54
55
56
57
58
59
60
61
62
63
64
65
66
67
68
69
70
71
72
73
		3	2		3 - 2
3
4
5
6
7
8
9
10
11
12
13
14
15
16
17
18
19
20
21
22
		5	2		5 - 4 - 1 - 2
5
6
7
8
9
10
11
12
13
14
15
16
17
18
19
20
21
22
23
24
		2	4		2 - 1 - 4
27
28
29
30
31
32
33
34
35
36
37
38
39
40
41
42
43
44
45
46
		3	5		3 - 4 - 1 - 0 - 5
76
77
78
79
80
81
82
83
84
85
86
87
88
89
90
91
92
93
94
95
		1	5		1 - 4 - 5
74
75
76
77
78
79
80
81
82
83
84
85
86
87
88
89
90
91
92
93
		4	2		4 - 3 - 2
79
80
81
82
83
84
85
86
87
88
89
90
91
92
93
94
95
96
97
98
		5	3		5 - 0 - 1 - 4 - 3
47
48
49
50
51
52
53
54
55
56
57
58
59
60
61
62
63
64
65
66
		0	2		Bloqueado		Bloqueado
		4	5		4 - 5
10
11
12
13
14
15
16
17
18
19
20
21
22
23
24
25
26
27
28
29
		1	4		1 - 4
1
2
3
4
5
6
7
8
9
10
11
12
13
14
15
16
17
18
19
20
		2	0		Bloqueado		Bloqueado
		4	1		4 - 1
53
54
55
56
57
58
59
60
61
62
63
64
65
66
67
68
69
70
71
72
		5	0		5 - 0
23
24
25
26
27
28
29
30
31
32
33
34
35
36
37
38
39
40
41
42
		5	1		5 - 4 - 1
27
28
29
30
31
32
33
34
35
36
37
38
39
40
41
42
43
44
45
46
		5	4		5 - 4
72
73
74
75
76
77
78
79
80
81
82
83
84
85
86
87
88
89
90
91
		4	3		4 - 3
17
18
19
20
21
22
23
24
25
26
27
28
29
30
31
32
33
34
35
36
		4	0		Bloqueado		Bloqueado
		3	4		3 - 4
37
38
39
40
41
42
43
44
45
46
47
48
49
50
51
52
53
54
55
56
		1	3		Bloqueado		Bloqueado
		0	4		0 - 5 - 4
51
52
53
54
55
56
57
58
59
60
61
62
63
64
65
66
67
68
69
70
		3	1		Bloqueado		Bloqueado


Solucion numero: 4
Cantidad de bloqueados: 6
Fitness: 760
Ranuras 	Origen 	Destino 	Ruta
		0	1		0 - 1
67
68
69
70
71
72
73
74
75
76
77
78
79
80
81
82
83
84
85
86
		0	3		0 - 1 - 2 - 3
7
8
9
10
11
12
13
14
15
16
17
18
19
20
21
22
23
24
25
26
		0	5		0 - 5
63
64
65
66
67
68
69
70
71
72
73
74
75
76
77
78
79
80
81
82
		1	0		1 - 0
47
48
49
50
51
52
53
54
55
56
57
58
59
60
61
62
63
64
65
66
		1	2		1 - 2
62
63
64
65
66
67
68
69
70
71
72
73
74
75
76
77
78
79
80
81
		2	1		2 - 1
34
35
36
37
38
39
40
41
42
43
44
45
46
47
48
49
50
51
52
53
		2	3		2 - 3
45
46
47
48
49
50
51
52
53
54
55
56
57
58
59
60
61
62
63
64
		2	5		2 - 1 - 0 - 5
13
14
15
16
17
18
19
20
21
22
23
24
25
26
27
28
29
30
31
32
		3	0		3 - 2 - 1 - 0
71
72
73
74
75
76
77
78
79
80
81
82
83
84
85
86
87
88
89
90
		3	2		3 - 2
26
27
28
29
30
31
32
33
34
35
36
37
38
39
40
41
42
43
44
45
		5	2		5 - 0 - 1 - 2
32
33
34
35
36
37
38
39
40
41
42
43
44
45
46
47
48
49
50
51
		2	4		2 - 3 - 4
67
68
69
70
71
72
73
74
75
76
77
78
79
80
81
82
83
84
85
86
		3	5		Bloqueado		Bloqueado
		1	5		1 - 4 - 5
4
5
6
7
8
9
10
11
12
13
14
15
16
17
18
19
20
21
22
23
		4	2		4 - 3 - 2
5
6
7
8
9
10
11
12
13
14
15
16
17
18
19
20
21
22
23
24
		5	3		Bloqueado		Bloqueado
		0	2		Bloqueado		Bloqueado
		4	5		4 - 5
62
63
64
65
66
67
68
69
70
71
72
73
74
75
76
77
78
79
80
81
		1	4		1 - 4
45
46
47
48
49
50
51
52
53
54
55
56
57
58
59
60
61
62
63
64
		2	0		Bloqueado		Bloqueado
		4	1		4 - 1
43
44
45
46
47
48
49
50
51
52
53
54
55
56
57
58
59
60
61
62
		5	0		5 - 0
9
10
11
12
13
14
15
16
17
18
19
20
21
22
23
24
25
26
27
28
		5	1		5 - 4 - 1
80
81
82
83
84
85
86
87
88
89
90
91
92
93
94
95
96
97
98
99
		5	4		5 - 4
33
34
35
36
37
38
39
40
41
42
43
44
45
46
47
48
49
50
51
52
		4	3		4 - 3
44
45
46
47
48
49
50
51
52
53
54
55
56
57
58
59
60
61
62
63
		4	0		Bloqueado		Bloqueado
		3	4		3 - 4
25
26
27
28
29
30
31
32
33
34
35
36
37
38
39
40
41
42
43
44
		1	3		1 - 4 - 3
75
76
77
78
79
80
81
82
83
84
85
86
87
88
89
90
91
92
93
94
		0	4		Bloqueado		Bloqueado
		3	1		3 - 4 - 1
4
5
6
7
8
9
10
11
12
13
14
15
16
17
18
19
20
21
22
23


Solucion numero: 5
Cantidad de bloqueados: 6
Fitness: 820
Ranuras 	Origen 	Destino 	Ruta
		0	1		0 - 1
21
22
23
24
25
26
27
28
29
30
31
32
33
34
35
36
37
38
39
40
		0	3		0 - 1 - 2 - 3
71
72
73
74
75
76
77
78
79
80
81
82
83
84
85
86
87
88
89
90
		0	5		0 - 5
34
35
36
37
38
39
40
41
42
43
44
45
46
47
48
49
50
51
52
53
		1	0		1 - 0
13
14
15
16
17
18
19
20
21
22
23
24
25
26
27
28
29
30
31
32
		1	2		1 - 2
2
3
4
5
6
7
8
9
10
11
12
13
14
15
16
17
18
19
20
21
		2	1		2 - 1
73
74
75
76
77
78
79
80
81
82
83
84
85
86
87
88
89
90
91
92
		2	3		2 - 3
0
1
2
3
4
5
6
7
8
9
10
11
12
13
14
15
16
17
18
19
		2	5		2 - 1 - 4 - 5
34
35
36
37
38
39
40
41
42
43
44
45
46
47
48
49
50
51
52
53
		3	0		3 - 4 - 1 - 0
37
38
39
40
41
42
43
44
45
46
47
48
49
50
51
52
53
54
55
56
		3	2		3 - 2
0
1
2
3
4
5
6
7
8
9
10
11
12
13
14
15
16
17
18
19
		5	2		5 - 0 - 1 - 2
44
45
46
47
48
49
50
51
52
53
54
55
56
57
58
59
60
61
62
63
		2	4		2 - 1 - 4
5
6
7
8
9
10
11
12
13
14
15
16
17
18
19
20
21
22
23
24
		3	5		3 - 4 - 1 - 0 - 5
75
76
77
78
79
80
81
82
83
84
85
86
87
88
89
90
91
92
93
94
		1	5		1 - 4 - 5
72
73
74
75
76
77
78
79
80
81
82
83
84
85
86
87
88
89
90
91
		4	2		4 - 3 - 2
61
62
63
64
65
66
67
68
69
70
71
72
73
74
75
76
77
78
79
80
		5	3		Bloqueado		Bloqueado
		0	2		Bloqueado		Bloqueado
		4	5		4 - 5
10
11
12
13
14
15
16
17
18
19
20
21
22
23
24
25
26
27
28
29
		1	4		Bloqueado		Bloqueado
		2	0		Bloqueado		Bloqueado
		4	1		4 - 1
3
4
5
6
7
8
9
10
11
12
13
14
15
16
17
18
19
20
21
22
		5	0		5 - 0
78
79
80
81
82
83
84
85
86
87
88
89
90
91
92
93
94
95
96
97
		5	1		5 - 0 - 1
1
2
3
4
5
6
7
8
9
10
11
12
13
14
15
16
17
18
19
20
		5	4		5 - 4
23
24
25
26
27
28
29
30
31
32
33
34
35
36
37
38
39
40
41
42
		4	3		4 - 3
11
12
13
14
15
16
17
18
19
20
21
22
23
24
25
26
27
28
29
30
		4	0		Bloqueado		Bloqueado
		3	4		3 - 4
6
7
8
9
10
11
12
13
14
15
16
17
18
19
20
21
22
23
24
25
		1	3		1 - 2 - 3
22
23
24
25
26
27
28
29
30
31
32
33
34
35
36
37
38
39
40
41
		0	4		0 - 5 - 4
54
55
56
57
58
59
60
61
62
63
64
65
66
67
68
69
70
71
72
73
		3	1		Bloqueado		Bloqueado


Tiempo Total: 30