
Solucion numero: 1
Cantidad de bloqueados: 5
Fitness: 820
Ranuras 	Origen 	Destino 	Ruta
		0	1		0 - 1
71
72
73
74
75
76
77
78
79
80
81
82
83
84
85
86
87
88
89
90
		0	3		0 - 1 - 2 - 3
25
26
27
28
29
30
31
32
33
34
35
36
37
38
39
40
41
42
43
44
		0	5		0 - 5
3
4
5
6
7
8
9
10
11
12
13
14
15
16
17
18
19
20
21
22
		1	0		1 - 0
16
17
18
19
20
21
22
23
24
25
26
27
28
29
30
31
32
33
34
35
		1	2		1 - 2
71
72
73
74
75
76
77
78
79
80
81
82
83
84
85
86
87
88
89
90
		2	1		2 - 1
62
63
64
65
66
67
68
69
70
71
72
73
74
75
76
77
78
79
80
81
		2	3		2 - 3
46
47
48
49
50
51
52
53
54
55
56
57
58
59
60
61
62
63
64
65
		2	5		2 - 1 - 0 - 5
40
41
42
43
44
45
46
47
48
49
50
51
52
53
54
55
56
57
58
59
		3	0		3 - 4 - 1 - 0
76
77
78
79
80
81
82
83
84
85
86
87
88
89
90
91
92
93
94
95
		4	5		4 - 5
4
5
6
7
8
9
10
11
12
13
14
15
16
17
18
19
20
21
22
23
		3	5		Bloqueado		Bloqueado
		4	3		4 - 3
15
16
17
18
19
20
21
22
23
24
25
26
27
28
29
30
31
32
33
34
		5	3		5 - 0 - 1 - 2 - 3
0
1
2
3
4
5
6
7
8
9
10
11
12
13
14
15
16
17
18
19
		5	1		5 - 0 - 1
51
52
53
54
55
56
57
58
59
60
61
62
63
64
65
66
67
68
69
70
		2	4		2 - 1 - 4
14
15
16
17
18
19
20
21
22
23
24
25
26
27
28
29
30
31
32
33
		1	3		1 - 4 - 3
52
53
54
55
56
57
58
59
60
61
62
63
64
65
66
67
68
69
70
71
		0	4		0 - 5 - 4
60
61
62
63
64
65
66
67
68
69
70
71
72
73
74
75
76
77
78
79
		4	1		4 - 1
27
28
29
30
31
32
33
34
35
36
37
38
39
40
41
42
43
44
45
46
		4	0		4 - 5 - 0
76
77
78
79
80
81
82
83
84
85
86
87
88
89
90
91
92
93
94
95
		2	0		Bloqueado		Bloqueado
		3	4		3 - 4
49
50
51
52
53
54
55
56
57
58
59
60
61
62
63
64
65
66
67
68
		5	2		Bloqueado		Bloqueado
		5	4		5 - 4
7
8
9
10
11
12
13
14
15
16
17
18
19
20
21
22
23
24
25
26
		4	2		4 - 1 - 2
47
48
49
50
51
52
53
54
55
56
57
58
59
60
61
62
63
64
65
66
		0	2		Bloqueado		Bloqueado
		3	1		3 - 4 - 1
2
3
4
5
6
7
8
9
10
11
12
13
14
15
16
17
18
19
20
21
		5	0		5 - 0
24
25
26
27
28
29
30
31
32
33
34
35
36
37
38
39
40
41
42
43
		1	5		Bloqueado		Bloqueado
		1	4		1 - 4
73
74
75
76
77
78
79
80
81
82
83
84
85
86
87
88
89
90
91
92
		3	2		3 - 2
60
61
62
63
64
65
66
67
68
69
70
71
72
73
74
75
76
77
78
79


Solucion numero: 2
Cantidad de bloqueados: 4
Fitness: 900
Ranuras 	Origen 	Destino 	Ruta
		0	1		0 - 1
24
25
26
27
28
29
30
31
32
33
34
35
36
37
38
39
40
41
42
43
		0	3		0 - 1 - 2 - 3
4
5
6
7
8
9
10
11
12
13
14
15
16
17
18
19
20
21
22
23
		0	5		0 - 5
72
73
74
75
76
77
78
79
80
81
82
83
84
85
86
87
88
89
90
91
		1	0		1 - 0
25
26
27
28
29
30
31
32
33
34
35
36
37
38
39
40
41
42
43
44
		1	2		1 - 2
63
64
65
66
67
68
69
70
71
72
73
74
75
76
77
78
79
80
81
82
		2	1		2 - 1
41
42
43
44
45
46
47
48
49
50
51
52
53
54
55
56
57
58
59
60
		2	3		2 - 3
57
58
59
60
61
62
63
64
65
66
67
68
69
70
71
72
73
74
75
76
		2	5		2 - 1 - 0 - 5
0
1
2
3
4
5
6
7
8
9
10
11
12
13
14
15
16
17
18
19
		3	0		3 - 2 - 1 - 0
79
80
81
82
83
84
85
86
87
88
89
90
91
92
93
94
95
96
97
98
		4	5		4 - 5
12
13
14
15
16
17
18
19
20
21
22
23
24
25
26
27
28
29
30
31
		3	5		3 - 4 - 1 - 0 - 5
48
49
50
51
52
53
54
55
56
57
58
59
60
61
62
63
64
65
66
67
		4	3		4 - 3
63
64
65
66
67
68
69
70
71
72
73
74
75
76
77
78
79
80
81
82
		5	3		5 - 4 - 1 - 2 - 3
24
25
26
27
28
29
30
31
32
33
34
35
36
37
38
39
40
41
42
43
		5	1		5 - 0 - 1
57
58
59
60
61
62
63
64
65
66
67
68
69
70
71
72
73
74
75
76
		2	4		2 - 3 - 4
78
79
80
81
82
83
84
85
86
87
88
89
90
91
92
93
94
95
96
97
		1	3		1 - 4 - 3
23
24
25
26
27
28
29
30
31
32
33
34
35
36
37
38
39
40
41
42
		0	4		0 - 1 - 4
80
81
82
83
84
85
86
87
88
89
90
91
92
93
94
95
96
97
98
99
		4	1		4 - 1
74
75
76
77
78
79
80
81
82
83
84
85
86
87
88
89
90
91
92
93
		4	0		4 - 5 - 0
79
80
81
82
83
84
85
86
87
88
89
90
91
92
93
94
95
96
97
98
		2	0		Bloqueado		Bloqueado
		3	4		3 - 4
4
5
6
7
8
9
10
11
12
13
14
15
16
17
18
19
20
21
22
23
		5	2		Bloqueado		Bloqueado
		5	4		5 - 4
62
63
64
65
66
67
68
69
70
71
72
73
74
75
76
77
78
79
80
81
		4	2		4 - 3 - 2
2
3
4
5
6
7
8
9
10
11
12
13
14
15
16
17
18
19
20
21
		0	2		Bloqueado		Bloqueado
		3	1		Bloqueado		Bloqueado
		5	0		5 - 0
36
37
38
39
40
41
42
43
44
45
46
47
48
49
50
51
52
53
54
55
		1	5		1 - 4 - 5
54
55
56
57
58
59
60
61
62
63
64
65
66
67
68
69
70
71
72
73
		1	4		1 - 4
0
1
2
3
4
5
6
7
8
9
10
11
12
13
14
15
16
17
18
19
		3	2		3 - 2
39
40
41
42
43
44
45
46
47
48
49
50
51
52
53
54
55
56
57
58


Solucion numero: 3
Cantidad de bloqueados: 5
Fitness: 860
Ranuras 	Origen 	Destino 	Ruta
		0	1		0 - 1
39
40
41
42
43
44
45
46
47
48
49
50
51
52
53
54
55
56
57
58
		0	3		0 - 1 - 2 - 3
64
65
66
67
68
69
70
71
72
73
74
75
76
77
78
79
80
81
82
83
		0	5		0 - 5
7
8
9
10
11
12
13
14
15
16
17
18
19
20
21
22
23
24
25
26
		1	0		1 - 0
4
5
6
7
8
9
10
11
12
13
14
15
16
17
18
19
20
21
22
23
		1	2		1 - 2
39
40
41
42
43
44
45
46
47
48
49
50
51
52
53
54
55
56
57
58
		2	1		2 - 1
65
66
67
68
69
70
71
72
73
74
75
76
77
78
79
80
81
82
83
84
		2	3		2 - 3
38
39
40
41
42
43
44
45
46
47
48
49
50
51
52
53
54
55
56
57
		2	5		2 - 1 - 0 - 5
45
46
47
48
49
50
51
52
53
54
55
56
57
58
59
60
61
62
63
64
		3	0		3 - 2 - 1 - 0
25
26
27
28
29
30
31
32
33
34
35
36
37
38
39
40
41
42
43
44
		4	5		4 - 5
4
5
6
7
8
9
10
11
12
13
14
15
16
17
18
19
20
21
22
23
		3	5		3 - 4 - 1 - 0 - 5
69
70
71
72
73
74
75
76
77
78
79
80
81
82
83
84
85
86
87
88
		4	3		4 - 3
29
30
31
32
33
34
35
36
37
38
39
40
41
42
43
44
45
46
47
48
		5	3		5 - 0 - 1 - 2 - 3
17
18
19
20
21
22
23
24
25
26
27
28
29
30
31
32
33
34
35
36
		5	1		5 - 4 - 1
37
38
39
40
41
42
43
44
45
46
47
48
49
50
51
52
53
54
55
56
		2	4		2 - 1 - 4
5
6
7
8
9
10
11
12
13
14
15
16
17
18
19
20
21
22
23
24
		1	3		1 - 4 - 3
80
81
82
83
84
85
86
87
88
89
90
91
92
93
94
95
96
97
98
99
		0	4		Bloqueado		Bloqueado
		4	1		4 - 1
2
3
4
5
6
7
8
9
10
11
12
13
14
15
16
17
18
19
20
21
		4	0		4 - 5 - 0
37
38
39
40
41
42
43
44
45
46
47
48
49
50
51
52
53
54
55
56
		2	0		Bloqueado		Bloqueado
		3	4		3 - 4
32
33
34
35
36
37
38
39
40
41
42
43
44
45
46
47
48
49
50
51
		5	2		Bloqueado		Bloqueado
		5	4		5 - 4
15
16
17
18
19
20
21
22
23
24
25
26
27
28
29
30
31
32
33
34
		4	2		4 - 3 - 2
5
6
7
8
9
10
11
12
13
14
15
16
17
18
19
20
21
22
23
24
		0	2		Bloqueado		Bloqueado
		3	1		Bloqueado		Bloqueado
		5	0		5 - 0
62
63
64
65
66
67
68
69
70
71
72
73
74
75
76
77
78
79
80
81
		1	5		1 - 4 - 5
58
59
60
61
62
63
64
65
66
67
68
69
70
71
72
73
74
75
76
77
		1	4		1 - 4
38
39
40
41
42
43
44
45
46
47
48
49
50
51
52
53
54
55
56
57
		3	2		3 - 2
50
51
52
53
54
55
56
57
58
59
60
61
62
63
64
65
66
67
68
69


Solucion numero: 4
Cantidad de bloqueados: 5
Fitness: 840
Ranuras 	Origen 	Destino 	Ruta
		0	1		0 - 1
70
71
72
73
74
75
76
77
78
79
80
81
82
83
84
85
86
87
88
89
		0	3		0 - 1 - 2 - 3
38
39
40
41
42
43
44
45
46
47
48
49
50
51
52
53
54
55
56
57
		0	5		0 - 5
25
26
27
28
29
30
31
32
33
34
35
36
37
38
39
40
41
42
43
44
		1	0		1 - 0
69
70
71
72
73
74
75
76
77
78
79
80
81
82
83
84
85
86
87
88
		1	2		1 - 2
69
70
71
72
73
74
75
76
77
78
79
80
81
82
83
84
85
86
87
88
		2	1		2 - 1
27
28
29
30
31
32
33
34
35
36
37
38
39
40
41
42
43
44
45
46
		2	3		2 - 3
78
79
80
81
82
83
84
85
86
87
88
89
90
91
92
93
94
95
96
97
		2	5		2 - 1 - 0 - 5
1
2
3
4
5
6
7
8
9
10
11
12
13
14
15
16
17
18
19
20
		3	0		3 - 2 - 1 - 0
48
49
50
51
52
53
54
55
56
57
58
59
60
61
62
63
64
65
66
67
		4	5		4 - 5
79
80
81
82
83
84
85
86
87
88
89
90
91
92
93
94
95
96
97
98
		3	5		Bloqueado		Bloqueado
		4	3		4 - 3
19
20
21
22
23
24
25
26
27
28
29
30
31
32
33
34
35
36
37
38
		5	3		5 - 0 - 1 - 2 - 3
18
19
20
21
22
23
24
25
26
27
28
29
30
31
32
33
34
35
36
37
		5	1		5 - 4 - 1
54
55
56
57
58
59
60
61
62
63
64
65
66
67
68
69
70
71
72
73
		2	4		2 - 1 - 4
71
72
73
74
75
76
77
78
79
80
81
82
83
84
85
86
87
88
89
90
		1	3		1 - 4 - 3
43
44
45
46
47
48
49
50
51
52
53
54
55
56
57
58
59
60
61
62
		0	4		0 - 5 - 4
76
77
78
79
80
81
82
83
84
85
86
87
88
89
90
91
92
93
94
95
		4	1		4 - 1
29
30
31
32
33
34
35
36
37
38
39
40
41
42
43
44
45
46
47
48
		4	0		4 - 5 - 0
54
55
56
57
58
59
60
61
62
63
64
65
66
67
68
69
70
71
72
73
		2	0		Bloqueado		Bloqueado
		3	4		3 - 4
62
63
64
65
66
67
68
69
70
71
72
73
74
75
76
77
78
79
80
81
		5	2		Bloqueado		Bloqueado
		5	4		5 - 4
25
26
27
28
29
30
31
32
33
34
35
36
37
38
39
40
41
42
43
44
		4	2		4 - 3 - 2
71
72
73
74
75
76
77
78
79
80
81
82
83
84
85
86
87
88
89
90
		0	2		Bloqueado		Bloqueado
		3	1		3 - 4 - 1
5
6
7
8
9
10
11
12
13
14
15
16
17
18
19
20
21
22
23
24
		5	0		5 - 0
78
79
80
81
82
83
84
85
86
87
88
89
90
91
92
93
94
95
96
97
		1	5		1 - 4 - 5
7
8
9
10
11
12
13
14
15
16
17
18
19
20
21
22
23
24
25
26
		1	4		Bloqueado		Bloqueado
		3	2		3 - 2
15
16
17
18
19
20
21
22
23
24
25
26
27
28
29
30
31
32
33
34


Solucion numero: 5
Cantidad de bloqueados: 6
Fitness: 860
Ranuras 	Origen 	Destino 	Ruta
		0	1		0 - 1
56
57
58
59
60
61
62
63
64
65
66
67
68
69
70
71
72
73
74
75
		0	3		0 - 1 - 2 - 3
0
1
2
3
4
5
6
7
8
9
10
11
12
13
14
15
16
17
18
19
		0	5		0 - 5
77
78
79
80
81
82
83
84
85
86
87
88
89
90
91
92
93
94
95
96
		1	0		1 - 0
12
13
14
15
16
17
18
19
20
21
22
23
24
25
26
27
28
29
30
31
		1	2		1 - 2
73
74
75
76
77
78
79
80
81
82
83
84
85
86
87
88
89
90
91
92
		2	1		2 - 1
46
47
48
49
50
51
52
53
54
55
56
57
58
59
60
61
62
63
64
65
		2	3		2 - 3
23
24
25
26
27
28
29
30
31
32
33
34
35
36
37
38
39
40
41
42
		2	5		2 - 1 - 4 - 5
24
25
26
27
28
29
30
31
32
33
34
35
36
37
38
39
40
41
42
43
		3	0		3 - 2 - 1 - 0
67
68
69
70
71
72
73
74
75
76
77
78
79
80
81
82
83
84
85
86
		4	5		4 - 5
61
62
63
64
65
66
67
68
69
70
71
72
73
74
75
76
77
78
79
80
		3	5		3 - 2 - 1 - 4 - 5
3
4
5
6
7
8
9
10
11
12
13
14
15
16
17
18
19
20
21
22
		4	3		4 - 3
16
17
18
19
20
21
22
23
24
25
26
27
28
29
30
31
32
33
34
35
		5	3		5 - 0 - 1 - 4 - 3
79
80
81
82
83
84
85
86
87
88
89
90
91
92
93
94
95
96
97
98
		5	1		5 - 0 - 1
36
37
38
39
40
41
42
43
44
45
46
47
48
49
50
51
52
53
54
55
		2	4		2 - 3 - 4
64
65
66
67
68
69
70
71
72
73
74
75
76
77
78
79
80
81
82
83
		1	3		1 - 4 - 3
44
45
46
47
48
49
50
51
52
53
54
55
56
57
58
59
60
61
62
63
		0	4		0 - 5 - 4
49
50
51
52
53
54
55
56
57
58
59
60
61
62
63
64
65
66
67
68
		4	1		4 - 1
3
4
5
6
7
8
9
10
11
12
13
14
15
16
17
18
19
20
21
22
		4	0		4 - 1 - 0
35
36
37
38
39
40
41
42
43
44
45
46
47
48
49
50
51
52
53
54
		2	0		Bloqueado		Bloqueado
		3	4		3 - 4
1
2
3
4
5
6
7
8
9
10
11
12
13
14
15
16
17
18
19
20
		5	2		Bloqueado		Bloqueado
		5	4		5 - 4
18
19
20
21
22
23
24
25
26
27
28
29
30
31
32
33
34
35
36
37
		4	2		Bloqueado		Bloqueado
		0	2		Bloqueado		Bloqueado
		3	1		Bloqueado		Bloqueado
		5	0		5 - 0
56
57
58
59
60
61
62
63
64
65
66
67
68
69
70
71
72
73
74
75
		1	5		Bloqueado		Bloqueado
		1	4		1 - 2 - 3 - 4
44
45
46
47
48
49
50
51
52
53
54
55
56
57
58
59
60
61
62
63
		3	2		3 - 2
37
38
39
40
41
42
43
44
45
46
47
48
49
50
51
52
53
54
55
56


Tiempo Total: 40