
Solucion numero: 1
Cantidad de bloqueados: 4
Fitness: 820
Ranuras 	Origen 	Destino 	Ruta
		0	1		0 - 1
25
26
27
28
29
30
31
32
33
34
35
36
37
38
39
40
41
42
43
44
		0	3		0 - 1 - 2 - 3
56
57
58
59
60
61
62
63
64
65
66
67
68
69
70
71
72
73
74
75
		0	5		0 - 5
16
17
18
19
20
21
22
23
24
25
26
27
28
29
30
31
32
33
34
35
		1	0		1 - 0
0
1
2
3
4
5
6
7
8
9
10
11
12
13
14
15
16
17
18
19
		1	2		1 - 2
31
32
33
34
35
36
37
38
39
40
41
42
43
44
45
46
47
48
49
50
		2	1		2 - 1
79
80
81
82
83
84
85
86
87
88
89
90
91
92
93
94
95
96
97
98
		2	3		2 - 3
4
5
6
7
8
9
10
11
12
13
14
15
16
17
18
19
20
21
22
23
		2	5		2 - 1 - 0 - 5
43
44
45
46
47
48
49
50
51
52
53
54
55
56
57
58
59
60
61
62
		3	0		3 - 2 - 1 - 0
22
23
24
25
26
27
28
29
30
31
32
33
34
35
36
37
38
39
40
41
		2	4		2 - 1 - 4
1
2
3
4
5
6
7
8
9
10
11
12
13
14
15
16
17
18
19
20
		1	4		1 - 4
64
65
66
67
68
69
70
71
72
73
74
75
76
77
78
79
80
81
82
83
		1	3		1 - 2 - 3
79
80
81
82
83
84
85
86
87
88
89
90
91
92
93
94
95
96
97
98
		4	0		4 - 1 - 0
71
72
73
74
75
76
77
78
79
80
81
82
83
84
85
86
87
88
89
90
		0	2		0 - 1 - 2
5
6
7
8
9
10
11
12
13
14
15
16
17
18
19
20
21
22
23
24
		5	2		Bloqueado		Bloqueado
		3	1		3 - 4 - 1
50
51
52
53
54
55
56
57
58
59
60
61
62
63
64
65
66
67
68
69
		5	1		5 - 0 - 1
77
78
79
80
81
82
83
84
85
86
87
88
89
90
91
92
93
94
95
96
		1	5		1 - 4 - 5
28
29
30
31
32
33
34
35
36
37
38
39
40
41
42
43
44
45
46
47
		4	3		4 - 3
0
1
2
3
4
5
6
7
8
9
10
11
12
13
14
15
16
17
18
19
		3	2		3 - 2
80
81
82
83
84
85
86
87
88
89
90
91
92
93
94
95
96
97
98
99
		5	0		5 - 0
27
28
29
30
31
32
33
34
35
36
37
38
39
40
41
42
43
44
45
46
		4	2		4 - 3 - 2
48
49
50
51
52
53
54
55
56
57
58
59
60
61
62
63
64
65
66
67
		5	3		Bloqueado		Bloqueado
		3	4		3 - 4
75
76
77
78
79
80
81
82
83
84
85
86
87
88
89
90
91
92
93
94
		3	5		Bloqueado		Bloqueado
		0	4		0 - 5 - 4
73
74
75
76
77
78
79
80
81
82
83
84
85
86
87
88
89
90
91
92
		4	5		4 - 5
75
76
77
78
79
80
81
82
83
84
85
86
87
88
89
90
91
92
93
94
		5	4		5 - 4
24
25
26
27
28
29
30
31
32
33
34
35
36
37
38
39
40
41
42
43
		2	0		Bloqueado		Bloqueado
		4	1		4 - 1
4
5
6
7
8
9
10
11
12
13
14
15
16
17
18
19
20
21
22
23


Solucion numero: 2
Cantidad de bloqueados: 4
Fitness: 820
Ranuras 	Origen 	Destino 	Ruta
		0	1		0 - 1
9
10
11
12
13
14
15
16
17
18
19
20
21
22
23
24
25
26
27
28
		0	3		0 - 1 - 2 - 3
38
39
40
41
42
43
44
45
46
47
48
49
50
51
52
53
54
55
56
57
		0	5		0 - 5
71
72
73
74
75
76
77
78
79
80
81
82
83
84
85
86
87
88
89
90
		1	0		1 - 0
31
32
33
34
35
36
37
38
39
40
41
42
43
44
45
46
47
48
49
50
		1	2		1 - 2
15
16
17
18
19
20
21
22
23
24
25
26
27
28
29
30
31
32
33
34
		2	1		2 - 1
24
25
26
27
28
29
30
31
32
33
34
35
36
37
38
39
40
41
42
43
		2	3		2 - 3
74
75
76
77
78
79
80
81
82
83
84
85
86
87
88
89
90
91
92
93
		2	5		2 - 1 - 0 - 5
2
3
4
5
6
7
8
9
10
11
12
13
14
15
16
17
18
19
20
21
		3	0		3 - 2 - 1 - 0
72
73
74
75
76
77
78
79
80
81
82
83
84
85
86
87
88
89
90
91
		2	4		2 - 1 - 4
52
53
54
55
56
57
58
59
60
61
62
63
64
65
66
67
68
69
70
71
		1	4		1 - 4
31
32
33
34
35
36
37
38
39
40
41
42
43
44
45
46
47
48
49
50
		1	3		1 - 4 - 3
79
80
81
82
83
84
85
86
87
88
89
90
91
92
93
94
95
96
97
98
		4	0		4 - 1 - 0
52
53
54
55
56
57
58
59
60
61
62
63
64
65
66
67
68
69
70
71
		0	2		0 - 1 - 2
76
77
78
79
80
81
82
83
84
85
86
87
88
89
90
91
92
93
94
95
		5	2		Bloqueado		Bloqueado
		3	1		3 - 4 - 1
25
26
27
28
29
30
31
32
33
34
35
36
37
38
39
40
41
42
43
44
		5	1		5 - 4 - 1
75
76
77
78
79
80
81
82
83
84
85
86
87
88
89
90
91
92
93
94
		1	5		1 - 4 - 5
9
10
11
12
13
14
15
16
17
18
19
20
21
22
23
24
25
26
27
28
		4	3		4 - 3
46
47
48
49
50
51
52
53
54
55
56
57
58
59
60
61
62
63
64
65
		3	2		3 - 2
38
39
40
41
42
43
44
45
46
47
48
49
50
51
52
53
54
55
56
57
		5	0		5 - 0
44
45
46
47
48
49
50
51
52
53
54
55
56
57
58
59
60
61
62
63
		4	2		4 - 3 - 2
17
18
19
20
21
22
23
24
25
26
27
28
29
30
31
32
33
34
35
36
		5	3		Bloqueado		Bloqueado
		3	4		3 - 4
65
66
67
68
69
70
71
72
73
74
75
76
77
78
79
80
81
82
83
84
		3	5		Bloqueado		Bloqueado
		0	4		0 - 5 - 4
40
41
42
43
44
45
46
47
48
49
50
51
52
53
54
55
56
57
58
59
		4	5		4 - 5
62
63
64
65
66
67
68
69
70
71
72
73
74
75
76
77
78
79
80
81
		5	4		5 - 4
5
6
7
8
9
10
11
12
13
14
15
16
17
18
19
20
21
22
23
24
		2	0		Bloqueado		Bloqueado
		4	1		4 - 1
3
4
5
6
7
8
9
10
11
12
13
14
15
16
17
18
19
20
21
22


Solucion numero: 3
Cantidad de bloqueados: 4
Fitness: 840
Ranuras 	Origen 	Destino 	Ruta
		0	1		0 - 1
4
5
6
7
8
9
10
11
12
13
14
15
16
17
18
19
20
21
22
23
		0	3		0 - 1 - 2 - 3
38
39
40
41
42
43
44
45
46
47
48
49
50
51
52
53
54
55
56
57
		0	5		0 - 5
6
7
8
9
10
11
12
13
14
15
16
17
18
19
20
21
22
23
24
25
		1	0		1 - 0
31
32
33
34
35
36
37
38
39
40
41
42
43
44
45
46
47
48
49
50
		1	2		1 - 2
12
13
14
15
16
17
18
19
20
21
22
23
24
25
26
27
28
29
30
31
		2	1		2 - 1
61
62
63
64
65
66
67
68
69
70
71
72
73
74
75
76
77
78
79
80
		2	3		2 - 3
77
78
79
80
81
82
83
84
85
86
87
88
89
90
91
92
93
94
95
96
		2	5		2 - 1 - 4 - 5
25
26
27
28
29
30
31
32
33
34
35
36
37
38
39
40
41
42
43
44
		3	0		3 - 2 - 1 - 0
3
4
5
6
7
8
9
10
11
12
13
14
15
16
17
18
19
20
21
22
		2	4		2 - 3 - 4
16
17
18
19
20
21
22
23
24
25
26
27
28
29
30
31
32
33
34
35
		1	4		1 - 4
56
57
58
59
60
61
62
63
64
65
66
67
68
69
70
71
72
73
74
75
		1	3		1 - 4 - 3
1
2
3
4
5
6
7
8
9
10
11
12
13
14
15
16
17
18
19
20
		4	0		4 - 1 - 0
72
73
74
75
76
77
78
79
80
81
82
83
84
85
86
87
88
89
90
91
		0	2		0 - 1 - 2
80
81
82
83
84
85
86
87
88
89
90
91
92
93
94
95
96
97
98
99
		5	2		5 - 0 - 1 - 2
59
60
61
62
63
64
65
66
67
68
69
70
71
72
73
74
75
76
77
78
		3	1		3 - 4 - 1
46
47
48
49
50
51
52
53
54
55
56
57
58
59
60
61
62
63
64
65
		5	1		5 - 4 - 1
23
24
25
26
27
28
29
30
31
32
33
34
35
36
37
38
39
40
41
42
		1	5		1 - 4 - 5
79
80
81
82
83
84
85
86
87
88
89
90
91
92
93
94
95
96
97
98
		4	3		4 - 3
65
66
67
68
69
70
71
72
73
74
75
76
77
78
79
80
81
82
83
84
		3	2		3 - 2
37
38
39
40
41
42
43
44
45
46
47
48
49
50
51
52
53
54
55
56
		5	0		5 - 0
23
24
25
26
27
28
29
30
31
32
33
34
35
36
37
38
39
40
41
42
		4	2		Bloqueado		Bloqueado
		5	3		Bloqueado		Bloqueado
		3	4		3 - 4
78
79
80
81
82
83
84
85
86
87
88
89
90
91
92
93
94
95
96
97
		3	5		Bloqueado		Bloqueado
		0	4		0 - 5 - 4
78
79
80
81
82
83
84
85
86
87
88
89
90
91
92
93
94
95
96
97
		4	5		4 - 5
4
5
6
7
8
9
10
11
12
13
14
15
16
17
18
19
20
21
22
23
		5	4		5 - 4
45
46
47
48
49
50
51
52
53
54
55
56
57
58
59
60
61
62
63
64
		2	0		Bloqueado		Bloqueado
		4	1		4 - 1
3
4
5
6
7
8
9
10
11
12
13
14
15
16
17
18
19
20
21
22


Solucion numero: 4
Cantidad de bloqueados: 4
Fitness: 860
Ranuras 	Origen 	Destino 	Ruta
		0	1		0 - 1
31
32
33
34
35
36
37
38
39
40
41
42
43
44
45
46
47
48
49
50
		0	3		0 - 1 - 2 - 3
5
6
7
8
9
10
11
12
13
14
15
16
17
18
19
20
21
22
23
24
		0	5		0 - 5
1
2
3
4
5
6
7
8
9
10
11
12
13
14
15
16
17
18
19
20
		1	0		1 - 0
29
30
31
32
33
34
35
36
37
38
39
40
41
42
43
44
45
46
47
48
		1	2		1 - 2
64
65
66
67
68
69
70
71
72
73
74
75
76
77
78
79
80
81
82
83
		2	1		2 - 1
58
59
60
61
62
63
64
65
66
67
68
69
70
71
72
73
74
75
76
77
		2	3		2 - 3
72
73
74
75
76
77
78
79
80
81
82
83
84
85
86
87
88
89
90
91
		2	5		2 - 1 - 0 - 5
80
81
82
83
84
85
86
87
88
89
90
91
92
93
94
95
96
97
98
99
		3	0		3 - 2 - 1 - 0
6
7
8
9
10
11
12
13
14
15
16
17
18
19
20
21
22
23
24
25
		2	4		2 - 1 - 4
32
33
34
35
36
37
38
39
40
41
42
43
44
45
46
47
48
49
50
51
		1	4		1 - 4
77
78
79
80
81
82
83
84
85
86
87
88
89
90
91
92
93
94
95
96
		1	3		1 - 2 - 3
25
26
27
28
29
30
31
32
33
34
35
36
37
38
39
40
41
42
43
44
		4	0		4 - 1 - 0
56
57
58
59
60
61
62
63
64
65
66
67
68
69
70
71
72
73
74
75
		0	2		0 - 1 - 4 - 3 - 2
57
58
59
60
61
62
63
64
65
66
67
68
69
70
71
72
73
74
75
76
		5	2		Bloqueado		Bloqueado
		3	1		3 - 4 - 1
15
16
17
18
19
20
21
22
23
24
25
26
27
28
29
30
31
32
33
34
		5	1		5 - 0 - 1
78
79
80
81
82
83
84
85
86
87
88
89
90
91
92
93
94
95
96
97
		1	5		1 - 4 - 5
6
7
8
9
10
11
12
13
14
15
16
17
18
19
20
21
22
23
24
25
		4	3		4 - 3
33
34
35
36
37
38
39
40
41
42
43
44
45
46
47
48
49
50
51
52
		3	2		3 - 2
37
38
39
40
41
42
43
44
45
46
47
48
49
50
51
52
53
54
55
56
		5	0		5 - 0
2
3
4
5
6
7
8
9
10
11
12
13
14
15
16
17
18
19
20
21
		4	2		4 - 3 - 2
79
80
81
82
83
84
85
86
87
88
89
90
91
92
93
94
95
96
97
98
		5	3		Bloqueado		Bloqueado
		3	4		3 - 4
73
74
75
76
77
78
79
80
81
82
83
84
85
86
87
88
89
90
91
92
		3	5		Bloqueado		Bloqueado
		0	4		0 - 5 - 4
24
25
26
27
28
29
30
31
32
33
34
35
36
37
38
39
40
41
42
43
		4	5		4 - 5
45
46
47
48
49
50
51
52
53
54
55
56
57
58
59
60
61
62
63
64
		5	4		5 - 4
77
78
79
80
81
82
83
84
85
86
87
88
89
90
91
92
93
94
95
96
		2	0		Bloqueado		Bloqueado
		4	1		4 - 1
76
77
78
79
80
81
82
83
84
85
86
87
88
89
90
91
92
93
94
95


Solucion numero: 5
Cantidad de bloqueados: 6
Fitness: 740
Ranuras 	Origen 	Destino 	Ruta
		0	1		0 - 1
70
71
72
73
74
75
76
77
78
79
80
81
82
83
84
85
86
87
88
89
		0	3		0 - 1 - 2 - 3
34
35
36
37
38
39
40
41
42
43
44
45
46
47
48
49
50
51
52
53
		0	5		0 - 5
37
38
39
40
41
42
43
44
45
46
47
48
49
50
51
52
53
54
55
56
		1	0		1 - 0
17
18
19
20
21
22
23
24
25
26
27
28
29
30
31
32
33
34
35
36
		1	2		1 - 2
64
65
66
67
68
69
70
71
72
73
74
75
76
77
78
79
80
81
82
83
		2	1		2 - 1
76
77
78
79
80
81
82
83
84
85
86
87
88
89
90
91
92
93
94
95
		2	3		2 - 3
14
15
16
17
18
19
20
21
22
23
24
25
26
27
28
29
30
31
32
33
		2	5		2 - 1 - 4 - 5
17
18
19
20
21
22
23
24
25
26
27
28
29
30
31
32
33
34
35
36
		3	0		3 - 2 - 1 - 0
56
57
58
59
60
61
62
63
64
65
66
67
68
69
70
71
72
73
74
75
		2	4		2 - 3 - 4
78
79
80
81
82
83
84
85
86
87
88
89
90
91
92
93
94
95
96
97
		1	4		1 - 4
40
41
42
43
44
45
46
47
48
49
50
51
52
53
54
55
56
57
58
59
		1	3		1 - 4 - 3
75
76
77
78
79
80
81
82
83
84
85
86
87
88
89
90
91
92
93
94
		4	0		4 - 1 - 0
77
78
79
80
81
82
83
84
85
86
87
88
89
90
91
92
93
94
95
96
		0	2		0 - 1 - 2
3
4
5
6
7
8
9
10
11
12
13
14
15
16
17
18
19
20
21
22
		5	2		Bloqueado		Bloqueado
		3	1		3 - 4 - 1
28
29
30
31
32
33
34
35
36
37
38
39
40
41
42
43
44
45
46
47
		5	1		5 - 4 - 1
4
5
6
7
8
9
10
11
12
13
14
15
16
17
18
19
20
21
22
23
		1	5		Bloqueado		Bloqueado
		4	3		4 - 3
43
44
45
46
47
48
49
50
51
52
53
54
55
56
57
58
59
60
61
62
		3	2		3 - 2
10
11
12
13
14
15
16
17
18
19
20
21
22
23
24
25
26
27
28
29
		5	0		5 - 0
58
59
60
61
62
63
64
65
66
67
68
69
70
71
72
73
74
75
76
77
		4	2		Bloqueado		Bloqueado
		5	3		Bloqueado		Bloqueado
		3	4		3 - 4
54
55
56
57
58
59
60
61
62
63
64
65
66
67
68
69
70
71
72
73
		3	5		Bloqueado		Bloqueado
		0	4		0 - 5 - 4
77
78
79
80
81
82
83
84
85
86
87
88
89
90
91
92
93
94
95
96
		4	5		4 - 5
66
67
68
69
70
71
72
73
74
75
76
77
78
79
80
81
82
83
84
85
		5	4		5 - 4
36
37
38
39
40
41
42
43
44
45
46
47
48
49
50
51
52
53
54
55
		2	0		Bloqueado		Bloqueado
		4	1		4 - 1
52
53
54
55
56
57
58
59
60
61
62
63
64
65
66
67
68
69
70
71


Tiempo Total: 60