
Solucion numero: 1
Cantidad de bloqueados: 0
Fitness: 540
Ranuras 	Origen 	Destino 	Ruta
		0	1		0 - 1
90
91
92
93
94
95
96
97
98
99
		0	3		0 - 1 - 2 - 3
67
68
69
70
71
72
73
74
75
76
		0	5		0 - 5
19
20
21
22
23
24
25
26
27
28
		1	0		1 - 0
36
37
38
39
40
41
42
43
44
45
		1	2		1 - 2
20
21
22
23
24
25
26
27
28
29
		2	1		2 - 1
89
90
91
92
93
94
95
96
97
98
		2	3		2 - 3
41
42
43
44
45
46
47
48
49
50
		2	5		2 - 1 - 0 - 5
4
5
6
7
8
9
10
11
12
13
		3	0		3 - 2 - 1 - 0
54
55
56
57
58
59
60
61
62
63
		0	4		0 - 1 - 4
23
24
25
26
27
28
29
30
31
32
		3	2		3 - 2
79
80
81
82
83
84
85
86
87
88
		1	4		1 - 4
60
61
62
63
64
65
66
67
68
69
		1	3		1 - 2 - 3
3
4
5
6
7
8
9
10
11
12
		0	2		0 - 1 - 2
46
47
48
49
50
51
52
53
54
55
		5	3		5 - 0 - 1 - 2 - 3
80
81
82
83
84
85
86
87
88
89
		5	2		5 - 0 - 1 - 2
56
57
58
59
60
61
62
63
64
65
		5	1		5 - 0 - 1
7
8
9
10
11
12
13
14
15
16
		4	1		4 - 1
68
69
70
71
72
73
74
75
76
77
		2	4		2 - 1 - 4
36
37
38
39
40
41
42
43
44
45
		3	4		3 - 4
83
84
85
86
87
88
89
90
91
92
		4	5		4 - 5
43
44
45
46
47
48
49
50
51
52
		3	5		3 - 2 - 1 - 0 - 5
68
69
70
71
72
73
74
75
76
77
		2	0		2 - 1 - 0
18
19
20
21
22
23
24
25
26
27
		4	2		4 - 1 - 2
31
32
33
34
35
36
37
38
39
40
		1	5		1 - 0 - 5
81
82
83
84
85
86
87
88
89
90
		4	3		4 - 3
54
55
56
57
58
59
60
61
62
63
		5	0		5 - 0
36
37
38
39
40
41
42
43
44
45
		5	4		5 - 4
84
85
86
87
88
89
90
91
92
93
		4	0		4 - 5 - 0
17
18
19
20
21
22
23
24
25
26
		3	1		3 - 4 - 1
11
12
13
14
15
16
17
18
19
20


Solucion numero: 2
Cantidad de bloqueados: 0
Fitness: 540
Ranuras 	Origen 	Destino 	Ruta
		0	1		0 - 1
36
37
38
39
40
41
42
43
44
45
		0	3		0 - 1 - 2 - 3
84
85
86
87
88
89
90
91
92
93
		0	5		0 - 5
71
72
73
74
75
76
77
78
79
80
		1	0		1 - 0
8
9
10
11
12
13
14
15
16
17
		1	2		1 - 2
63
64
65
66
67
68
69
70
71
72
		2	1		2 - 1
68
69
70
71
72
73
74
75
76
77
		2	3		2 - 3
26
27
28
29
30
31
32
33
34
35
		2	5		2 - 1 - 0 - 5
84
85
86
87
88
89
90
91
92
93
		3	0		3 - 2 - 1 - 0
21
22
23
24
25
26
27
28
29
30
		0	4		0 - 1 - 4
17
18
19
20
21
22
23
24
25
26
		3	2		3 - 2
74
75
76
77
78
79
80
81
82
83
		1	4		1 - 4
86
87
88
89
90
91
92
93
94
95
		1	3		1 - 2 - 3
73
74
75
76
77
78
79
80
81
82
		0	2		0 - 1 - 2
3
4
5
6
7
8
9
10
11
12
		5	3		5 - 0 - 1 - 2 - 3
46
47
48
49
50
51
52
53
54
55
		5	2		5 - 4 - 1 - 2
35
36
37
38
39
40
41
42
43
44
		5	1		5 - 0 - 1
69
70
71
72
73
74
75
76
77
78
		4	1		4 - 1
63
64
65
66
67
68
69
70
71
72
		2	4		2 - 1 - 4
53
54
55
56
57
58
59
60
61
62
		3	4		3 - 4
70
71
72
73
74
75
76
77
78
79
		4	5		4 - 5
57
58
59
60
61
62
63
64
65
66
		3	5		3 - 2 - 1 - 0 - 5
42
43
44
45
46
47
48
49
50
51
		2	0		2 - 1 - 0
31
32
33
34
35
36
37
38
39
40
		4	2		4 - 1 - 2
16
17
18
19
20
21
22
23
24
25
		1	5		1 - 0 - 5
59
60
61
62
63
64
65
66
67
68
		4	3		4 - 3
70
71
72
73
74
75
76
77
78
79
		5	0		5 - 0
11
12
13
14
15
16
17
18
19
20
		5	4		5 - 4
9
10
11
12
13
14
15
16
17
18
		4	0		4 - 1 - 0
73
74
75
76
77
78
79
80
81
82
		3	1		3 - 2 - 1
9
10
11
12
13
14
15
16
17
18


Solucion numero: 3
Cantidad de bloqueados: 0
Fitness: 540
Ranuras 	Origen 	Destino 	Ruta
		0	1		0 - 1
31
32
33
34
35
36
37
38
39
40
		0	3		0 - 1 - 2 - 3
45
46
47
48
49
50
51
52
53
54
		0	5		0 - 5
53
54
55
56
57
58
59
60
61
62
		1	0		1 - 0
47
48
49
50
51
52
53
54
55
56
		1	2		1 - 2
20
21
22
23
24
25
26
27
28
29
		2	1		2 - 1
5
6
7
8
9
10
11
12
13
14
		2	3		2 - 3
34
35
36
37
38
39
40
41
42
43
		2	5		2 - 1 - 0 - 5
90
91
92
93
94
95
96
97
98
99
		3	0		3 - 2 - 1 - 0
71
72
73
74
75
76
77
78
79
80
		0	4		0 - 1 - 4
77
78
79
80
81
82
83
84
85
86
		3	2		3 - 2
54
55
56
57
58
59
60
61
62
63
		1	4		1 - 4
88
89
90
91
92
93
94
95
96
97
		1	3		1 - 2 - 3
7
8
9
10
11
12
13
14
15
16
		0	2		0 - 1 - 2
60
61
62
63
64
65
66
67
68
69
		5	3		5 - 0 - 1 - 2 - 3
88
89
90
91
92
93
94
95
96
97
		5	2		5 - 4 - 1 - 2
35
36
37
38
39
40
41
42
43
44
		5	1		5 - 0 - 1
7
8
9
10
11
12
13
14
15
16
		4	1		4 - 1
17
18
19
20
21
22
23
24
25
26
		2	4		2 - 1 - 4
39
40
41
42
43
44
45
46
47
48
		3	4		3 - 4
21
22
23
24
25
26
27
28
29
30
		4	5		4 - 5
6
7
8
9
10
11
12
13
14
15
		3	5		3 - 2 - 1 - 0 - 5
22
23
24
25
26
27
28
29
30
31
		2	0		2 - 1 - 0
60
61
62
63
64
65
66
67
68
69
		4	2		4 - 1 - 2
71
72
73
74
75
76
77
78
79
80
		1	5		1 - 0 - 5
0
1
2
3
4
5
6
7
8
9
		4	3		4 - 3
74
75
76
77
78
79
80
81
82
83
		5	0		5 - 0
21
22
23
24
25
26
27
28
29
30
		5	4		5 - 4
45
46
47
48
49
50
51
52
53
54
		4	0		4 - 5 - 0
64
65
66
67
68
69
70
71
72
73
		3	1		3 - 4 - 1
57
58
59
60
61
62
63
64
65
66


Solucion numero: 4
Cantidad de bloqueados: 0
Fitness: 540
Ranuras 	Origen 	Destino 	Ruta
		0	1		0 - 1
12
13
14
15
16
17
18
19
20
21
		0	3		0 - 1 - 2 - 3
79
80
81
82
83
84
85
86
87
88
		0	5		0 - 5
6
7
8
9
10
11
12
13
14
15
		1	0		1 - 0
85
86
87
88
89
90
91
92
93
94
		1	2		1 - 2
41
42
43
44
45
46
47
48
49
50
		2	1		2 - 1
23
24
25
26
27
28
29
30
31
32
		2	3		2 - 3
38
39
40
41
42
43
44
45
46
47
		2	5		2 - 1 - 0 - 5
51
52
53
54
55
56
57
58
59
60
		3	0		3 - 2 - 1 - 0
73
74
75
76
77
78
79
80
81
82
		0	4		0 - 1 - 4
64
65
66
67
68
69
70
71
72
73
		3	2		3 - 2
45
46
47
48
49
50
51
52
53
54
		1	4		1 - 4
79
80
81
82
83
84
85
86
87
88
		1	3		1 - 2 - 3
27
28
29
30
31
32
33
34
35
36
		0	2		0 - 1 - 2
2
3
4
5
6
7
8
9
10
11
		5	3		5 - 0 - 1 - 2 - 3
53
54
55
56
57
58
59
60
61
62
		5	2		5 - 0 - 1 - 2
89
90
91
92
93
94
95
96
97
98
		5	1		5 - 0 - 1
43
44
45
46
47
48
49
50
51
52
		4	1		4 - 1
76
77
78
79
80
81
82
83
84
85
		2	4		2 - 1 - 4
6
7
8
9
10
11
12
13
14
15
		3	4		3 - 4
20
21
22
23
24
25
26
27
28
29
		4	5		4 - 5
15
16
17
18
19
20
21
22
23
24
		3	5		3 - 2 - 1 - 0 - 5
62
63
64
65
66
67
68
69
70
71
		2	0		2 - 1 - 0
33
34
35
36
37
38
39
40
41
42
		4	2		4 - 1 - 2
12
13
14
15
16
17
18
19
20
21
		1	5		1 - 0 - 5
22
23
24
25
26
27
28
29
30
31
		4	3		4 - 3
11
12
13
14
15
16
17
18
19
20
		5	0		5 - 0
73
74
75
76
77
78
79
80
81
82
		5	4		5 - 4
31
32
33
34
35
36
37
38
39
40
		4	0		4 - 1 - 0
0
1
2
3
4
5
6
7
8
9
		3	1		3 - 2 - 1
83
84
85
86
87
88
89
90
91
92


Solucion numero: 5
Cantidad de bloqueados: 0
Fitness: 540
Ranuras 	Origen 	Destino 	Ruta
		0	1		0 - 1
75
76
77
78
79
80
81
82
83
84
		0	3		0 - 1 - 2 - 3
37
38
39
40
41
42
43
44
45
46
		0	5		0 - 5
39
40
41
42
43
44
45
46
47
48
		1	0		1 - 0
30
31
32
33
34
35
36
37
38
39
		1	2		1 - 2
67
68
69
70
71
72
73
74
75
76
		2	1		2 - 1
44
45
46
47
48
49
50
51
52
53
		2	3		2 - 3
57
58
59
60
61
62
63
64
65
66
		2	5		2 - 1 - 0 - 5
77
78
79
80
81
82
83
84
85
86
		3	0		3 - 2 - 1 - 0
18
19
20
21
22
23
24
25
26
27
		0	4		0 - 1 - 4
89
90
91
92
93
94
95
96
97
98
		3	2		3 - 2
83
84
85
86
87
88
89
90
91
92
		1	4		1 - 4
64
65
66
67
68
69
70
71
72
73
		1	3		1 - 2 - 3
18
19
20
21
22
23
24
25
26
27
		0	2		0 - 1 - 2
54
55
56
57
58
59
60
61
62
63
		5	3		5 - 0 - 1 - 2 - 3
5
6
7
8
9
10
11
12
13
14
		5	2		5 - 4 - 1 - 2
85
86
87
88
89
90
91
92
93
94
		5	1		5 - 0 - 1
20
21
22
23
24
25
26
27
28
29
		4	1		4 - 1
54
55
56
57
58
59
60
61
62
63
		2	4		2 - 1 - 4
29
30
31
32
33
34
35
36
37
38
		3	4		3 - 4
2
3
4
5
6
7
8
9
10
11
		4	5		4 - 5
81
82
83
84
85
86
87
88
89
90
		3	5		3 - 2 - 1 - 0 - 5
66
67
68
69
70
71
72
73
74
75
		2	0		2 - 1 - 0
87
88
89
90
91
92
93
94
95
96
		4	2		4 - 3 - 2
37
38
39
40
41
42
43
44
45
46
		1	5		1 - 0 - 5
1
2
3
4
5
6
7
8
9
10
		4	3		4 - 3
2
3
4
5
6
7
8
9
10
11
		5	0		5 - 0
61
62
63
64
65
66
67
68
69
70
		5	4		5 - 4
10
11
12
13
14
15
16
17
18
19
		4	0		4 - 1 - 0
42
43
44
45
46
47
48
49
50
51
		3	1		3 - 2 - 1
56
57
58
59
60
61
62
63
64
65


Tiempo Total: 50

// todo igual excepto cantidad de generaciones, cada corrida duro 5 minutos
