
Solucion numero: 1
Cantidad de bloqueados: 4
Fitness: 900
Ranuras 	Origen 	Destino 	Ruta
		0	1		0 - 1
74
75
76
77
78
79
80
81
82
83
84
85
86
87
88
89
90
91
92
93
		0	3		0 - 1 - 2 - 3
20
21
22
23
24
25
26
27
28
29
30
31
32
33
34
35
36
37
38
39
		0	5		0 - 5
5
6
7
8
9
10
11
12
13
14
15
16
17
18
19
20
21
22
23
24
		1	0		1 - 0
69
70
71
72
73
74
75
76
77
78
79
80
81
82
83
84
85
86
87
88
		1	2		1 - 2
68
69
70
71
72
73
74
75
76
77
78
79
80
81
82
83
84
85
86
87
		2	1		2 - 1
36
37
38
39
40
41
42
43
44
45
46
47
48
49
50
51
52
53
54
55
		2	3		2 - 3
76
77
78
79
80
81
82
83
84
85
86
87
88
89
90
91
92
93
94
95
		2	5		2 - 1 - 4 - 5
66
67
68
69
70
71
72
73
74
75
76
77
78
79
80
81
82
83
84
85
		3	0		3 - 2 - 1 - 0
6
7
8
9
10
11
12
13
14
15
16
17
18
19
20
21
22
23
24
25
		1	3		1 - 2 - 3
47
48
49
50
51
52
53
54
55
56
57
58
59
60
61
62
63
64
65
66
		3	1		3 - 4 - 1
41
42
43
44
45
46
47
48
49
50
51
52
53
54
55
56
57
58
59
60
		2	0		Bloqueado		Bloqueado
		0	2		0 - 1 - 4 - 3 - 2
40
41
42
43
44
45
46
47
48
49
50
51
52
53
54
55
56
57
58
59
		0	4		0 - 5 - 4
49
50
51
52
53
54
55
56
57
58
59
60
61
62
63
64
65
66
67
68
		4	1		4 - 1
6
7
8
9
10
11
12
13
14
15
16
17
18
19
20
21
22
23
24
25
		1	4		1 - 4
1
2
3
4
5
6
7
8
9
10
11
12
13
14
15
16
17
18
19
20
		5	2		5 - 0 - 1 - 2
0
1
2
3
4
5
6
7
8
9
10
11
12
13
14
15
16
17
18
19
		4	5		4 - 5
42
43
44
45
46
47
48
49
50
51
52
53
54
55
56
57
58
59
60
61
		2	4		2 - 3 - 4
0
1
2
3
4
5
6
7
8
9
10
11
12
13
14
15
16
17
18
19
		4	2		4 - 3 - 2
72
73
74
75
76
77
78
79
80
81
82
83
84
85
86
87
88
89
90
91
		3	2		Bloqueado		Bloqueado
		5	0		5 - 0
72
73
74
75
76
77
78
79
80
81
82
83
84
85
86
87
88
89
90
91
		5	1		5 - 4 - 1
75
76
77
78
79
80
81
82
83
84
85
86
87
88
89
90
91
92
93
94
		5	3		Bloqueado		Bloqueado
		3	4		3 - 4
80
81
82
83
84
85
86
87
88
89
90
91
92
93
94
95
96
97
98
99
		1	5		1 - 0 - 5
28
29
30
31
32
33
34
35
36
37
38
39
40
41
42
43
44
45
46
47
		5	4		5 - 4
15
16
17
18
19
20
21
22
23
24
25
26
27
28
29
30
31
32
33
34
		4	3		4 - 3
17
18
19
20
21
22
23
24
25
26
27
28
29
30
31
32
33
34
35
36
		3	5		Bloqueado		Bloqueado
		4	0		4 - 5 - 0
22
23
24
25
26
27
28
29
30
31
32
33
34
35
36
37
38
39
40
41


Solucion numero: 2
Cantidad de bloqueados: 4
Fitness: 820
Ranuras 	Origen 	Destino 	Ruta
		0	1		0 - 1
65
66
67
68
69
70
71
72
73
74
75
76
77
78
79
80
81
82
83
84
		0	3		0 - 1 - 2 - 3
25
26
27
28
29
30
31
32
33
34
35
36
37
38
39
40
41
42
43
44
		0	5		0 - 5
1
2
3
4
5
6
7
8
9
10
11
12
13
14
15
16
17
18
19
20
		1	0		1 - 0
32
33
34
35
36
37
38
39
40
41
42
43
44
45
46
47
48
49
50
51
		1	2		1 - 2
53
54
55
56
57
58
59
60
61
62
63
64
65
66
67
68
69
70
71
72
		2	1		2 - 1
49
50
51
52
53
54
55
56
57
58
59
60
61
62
63
64
65
66
67
68
		2	3		2 - 3
5
6
7
8
9
10
11
12
13
14
15
16
17
18
19
20
21
22
23
24
		2	5		2 - 1 - 0 - 5
76
77
78
79
80
81
82
83
84
85
86
87
88
89
90
91
92
93
94
95
		3	0		3 - 2 - 1 - 0
11
12
13
14
15
16
17
18
19
20
21
22
23
24
25
26
27
28
29
30
		1	3		1 - 2 - 3
76
77
78
79
80
81
82
83
84
85
86
87
88
89
90
91
92
93
94
95
		3	1		3 - 4 - 1
35
36
37
38
39
40
41
42
43
44
45
46
47
48
49
50
51
52
53
54
		2	0		Bloqueado		Bloqueado
		0	2		0 - 1 - 2
3
4
5
6
7
8
9
10
11
12
13
14
15
16
17
18
19
20
21
22
		0	4		0 - 5 - 4
29
30
31
32
33
34
35
36
37
38
39
40
41
42
43
44
45
46
47
48
		4	1		4 - 1
75
76
77
78
79
80
81
82
83
84
85
86
87
88
89
90
91
92
93
94
		1	4		1 - 4
26
27
28
29
30
31
32
33
34
35
36
37
38
39
40
41
42
43
44
45
		5	2		Bloqueado		Bloqueado
		4	5		4 - 5
4
5
6
7
8
9
10
11
12
13
14
15
16
17
18
19
20
21
22
23
		2	4		2 - 3 - 4
56
57
58
59
60
61
62
63
64
65
66
67
68
69
70
71
72
73
74
75
		4	2		4 - 3 - 2
77
78
79
80
81
82
83
84
85
86
87
88
89
90
91
92
93
94
95
96
		3	2		3 - 2
36
37
38
39
40
41
42
43
44
45
46
47
48
49
50
51
52
53
54
55
		5	0		5 - 0
56
57
58
59
60
61
62
63
64
65
66
67
68
69
70
71
72
73
74
75
		5	1		5 - 4 - 1
5
6
7
8
9
10
11
12
13
14
15
16
17
18
19
20
21
22
23
24
		5	3		Bloqueado		Bloqueado
		3	4		3 - 4
77
78
79
80
81
82
83
84
85
86
87
88
89
90
91
92
93
94
95
96
		1	5		1 - 0 - 5
53
54
55
56
57
58
59
60
61
62
63
64
65
66
67
68
69
70
71
72
		5	4		5 - 4
68
69
70
71
72
73
74
75
76
77
78
79
80
81
82
83
84
85
86
87
		4	3		4 - 3
22
23
24
25
26
27
28
29
30
31
32
33
34
35
36
37
38
39
40
41
		3	5		Bloqueado		Bloqueado
		4	0		4 - 5 - 0
24
25
26
27
28
29
30
31
32
33
34
35
36
37
38
39
40
41
42
43


Solucion numero: 3
Cantidad de bloqueados: 5
Fitness: 820
Ranuras 	Origen 	Destino 	Ruta
		0	1		0 - 1
57
58
59
60
61
62
63
64
65
66
67
68
69
70
71
72
73
74
75
76
		0	3		0 - 1 - 2 - 3
32
33
34
35
36
37
38
39
40
41
42
43
44
45
46
47
48
49
50
51
		0	5		0 - 5
74
75
76
77
78
79
80
81
82
83
84
85
86
87
88
89
90
91
92
93
		1	0		1 - 0
61
62
63
64
65
66
67
68
69
70
71
72
73
74
75
76
77
78
79
80
		1	2		1 - 2
10
11
12
13
14
15
16
17
18
19
20
21
22
23
24
25
26
27
28
29
		2	1		2 - 1
16
17
18
19
20
21
22
23
24
25
26
27
28
29
30
31
32
33
34
35
		2	3		2 - 3
68
69
70
71
72
73
74
75
76
77
78
79
80
81
82
83
84
85
86
87
		2	5		2 - 1 - 0 - 5
36
37
38
39
40
41
42
43
44
45
46
47
48
49
50
51
52
53
54
55
		3	0		3 - 4 - 1 - 0
7
8
9
10
11
12
13
14
15
16
17
18
19
20
21
22
23
24
25
26
		1	3		1 - 4 - 3
21
22
23
24
25
26
27
28
29
30
31
32
33
34
35
36
37
38
39
40
		3	1		3 - 2 - 1
79
80
81
82
83
84
85
86
87
88
89
90
91
92
93
94
95
96
97
98
		2	0		2 - 1 - 4 - 5 - 0
56
57
58
59
60
61
62
63
64
65
66
67
68
69
70
71
72
73
74
75
		0	2		0 - 1 - 2
77
78
79
80
81
82
83
84
85
86
87
88
89
90
91
92
93
94
95
96
		0	4		0 - 1 - 4
1
2
3
4
5
6
7
8
9
10
11
12
13
14
15
16
17
18
19
20
		4	1		4 - 1
71
72
73
74
75
76
77
78
79
80
81
82
83
84
85
86
87
88
89
90
		1	4		1 - 4
78
79
80
81
82
83
84
85
86
87
88
89
90
91
92
93
94
95
96
97
		5	2		Bloqueado		Bloqueado
		4	5		4 - 5
26
27
28
29
30
31
32
33
34
35
36
37
38
39
40
41
42
43
44
45
		2	4		Bloqueado		Bloqueado
		4	2		4 - 3 - 2
46
47
48
49
50
51
52
53
54
55
56
57
58
59
60
61
62
63
64
65
		3	2		3 - 2
23
24
25
26
27
28
29
30
31
32
33
34
35
36
37
38
39
40
41
42
		5	0		5 - 0
23
24
25
26
27
28
29
30
31
32
33
34
35
36
37
38
39
40
41
42
		5	1		5 - 4 - 1
41
42
43
44
45
46
47
48
49
50
51
52
53
54
55
56
57
58
59
60
		5	3		Bloqueado		Bloqueado
		3	4		3 - 4
32
33
34
35
36
37
38
39
40
41
42
43
44
45
46
47
48
49
50
51
		1	5		Bloqueado		Bloqueado
		5	4		5 - 4
10
11
12
13
14
15
16
17
18
19
20
21
22
23
24
25
26
27
28
29
		4	3		4 - 3
72
73
74
75
76
77
78
79
80
81
82
83
84
85
86
87
88
89
90
91
		3	5		Bloqueado		Bloqueado
		4	0		4 - 5 - 0
79
80
81
82
83
84
85
86
87
88
89
90
91
92
93
94
95
96
97
98


Solucion numero: 4
Cantidad de bloqueados: 6
Fitness: 800
Ranuras 	Origen 	Destino 	Ruta
		0	1		0 - 1
63
64
65
66
67
68
69
70
71
72
73
74
75
76
77
78
79
80
81
82
		0	3		0 - 1 - 2 - 3
43
44
45
46
47
48
49
50
51
52
53
54
55
56
57
58
59
60
61
62
		0	5		0 - 5
27
28
29
30
31
32
33
34
35
36
37
38
39
40
41
42
43
44
45
46
		1	0		1 - 0
48
49
50
51
52
53
54
55
56
57
58
59
60
61
62
63
64
65
66
67
		1	2		1 - 2
65
66
67
68
69
70
71
72
73
74
75
76
77
78
79
80
81
82
83
84
		2	1		2 - 1
71
72
73
74
75
76
77
78
79
80
81
82
83
84
85
86
87
88
89
90
		2	3		2 - 3
78
79
80
81
82
83
84
85
86
87
88
89
90
91
92
93
94
95
96
97
		2	5		2 - 1 - 0 - 5
7
8
9
10
11
12
13
14
15
16
17
18
19
20
21
22
23
24
25
26
		3	0		3 - 2 - 1 - 0
28
29
30
31
32
33
34
35
36
37
38
39
40
41
42
43
44
45
46
47
		1	3		1 - 2 - 3
7
8
9
10
11
12
13
14
15
16
17
18
19
20
21
22
23
24
25
26
		3	1		3 - 2 - 1
48
49
50
51
52
53
54
55
56
57
58
59
60
61
62
63
64
65
66
67
		2	0		Bloqueado		Bloqueado
		0	2		0 - 1 - 4 - 3 - 2
2
3
4
5
6
7
8
9
10
11
12
13
14
15
16
17
18
19
20
21
		0	4		0 - 1 - 4
22
23
24
25
26
27
28
29
30
31
32
33
34
35
36
37
38
39
40
41
		4	1		4 - 1
17
18
19
20
21
22
23
24
25
26
27
28
29
30
31
32
33
34
35
36
		1	4		1 - 4
45
46
47
48
49
50
51
52
53
54
55
56
57
58
59
60
61
62
63
64
		5	2		Bloqueado		Bloqueado
		4	5		4 - 5
53
54
55
56
57
58
59
60
61
62
63
64
65
66
67
68
69
70
71
72
		2	4		Bloqueado		Bloqueado
		4	2		4 - 3 - 2
77
78
79
80
81
82
83
84
85
86
87
88
89
90
91
92
93
94
95
96
		3	2		Bloqueado		Bloqueado
		5	0		5 - 0
31
32
33
34
35
36
37
38
39
40
41
42
43
44
45
46
47
48
49
50
		5	1		5 - 4 - 1
55
56
57
58
59
60
61
62
63
64
65
66
67
68
69
70
71
72
73
74
		5	3		Bloqueado		Bloqueado
		3	4		3 - 4
48
49
50
51
52
53
54
55
56
57
58
59
60
61
62
63
64
65
66
67
		1	5		1 - 0 - 5
68
69
70
71
72
73
74
75
76
77
78
79
80
81
82
83
84
85
86
87
		5	4		5 - 4
77
78
79
80
81
82
83
84
85
86
87
88
89
90
91
92
93
94
95
96
		4	3		4 - 3
54
55
56
57
58
59
60
61
62
63
64
65
66
67
68
69
70
71
72
73
		3	5		Bloqueado		Bloqueado
		4	0		4 - 5 - 0
11
12
13
14
15
16
17
18
19
20
21
22
23
24
25
26
27
28
29
30


Solucion numero: 5
Cantidad de bloqueados: 6
Fitness: 780
Ranuras 	Origen 	Destino 	Ruta
		0	1		0 - 1
39
40
41
42
43
44
45
46
47
48
49
50
51
52
53
54
55
56
57
58
		0	3		0 - 1 - 2 - 3
7
8
9
10
11
12
13
14
15
16
17
18
19
20
21
22
23
24
25
26
		0	5		0 - 5
32
33
34
35
36
37
38
39
40
41
42
43
44
45
46
47
48
49
50
51
		1	0		1 - 0
28
29
30
31
32
33
34
35
36
37
38
39
40
41
42
43
44
45
46
47
		1	2		1 - 2
58
59
60
61
62
63
64
65
66
67
68
69
70
71
72
73
74
75
76
77
		2	1		2 - 1
14
15
16
17
18
19
20
21
22
23
24
25
26
27
28
29
30
31
32
33
		2	3		2 - 3
43
44
45
46
47
48
49
50
51
52
53
54
55
56
57
58
59
60
61
62
		2	5		2 - 1 - 0 - 5
79
80
81
82
83
84
85
86
87
88
89
90
91
92
93
94
95
96
97
98
		3	0		3 - 2 - 1 - 0
50
51
52
53
54
55
56
57
58
59
60
61
62
63
64
65
66
67
68
69
		1	3		1 - 2 - 3
78
79
80
81
82
83
84
85
86
87
88
89
90
91
92
93
94
95
96
97
		3	1		3 - 4 - 1
67
68
69
70
71
72
73
74
75
76
77
78
79
80
81
82
83
84
85
86
		2	0		Bloqueado		Bloqueado
		0	2		0 - 1 - 4 - 3 - 2
75
76
77
78
79
80
81
82
83
84
85
86
87
88
89
90
91
92
93
94
		0	4		0 - 5 - 4
5
6
7
8
9
10
11
12
13
14
15
16
17
18
19
20
21
22
23
24
		4	1		4 - 1
35
36
37
38
39
40
41
42
43
44
45
46
47
48
49
50
51
52
53
54
		1	4		1 - 4
13
14
15
16
17
18
19
20
21
22
23
24
25
26
27
28
29
30
31
32
		5	2		Bloqueado		Bloqueado
		4	5		4 - 5
10
11
12
13
14
15
16
17
18
19
20
21
22
23
24
25
26
27
28
29
		2	4		Bloqueado		Bloqueado
		4	2		4 - 3 - 2
2
3
4
5
6
7
8
9
10
11
12
13
14
15
16
17
18
19
20
21
		3	2		3 - 2
27
28
29
30
31
32
33
34
35
36
37
38
39
40
41
42
43
44
45
46
		5	0		5 - 0
43
44
45
46
47
48
49
50
51
52
53
54
55
56
57
58
59
60
61
62
		5	1		Bloqueado		Bloqueado
		5	3		Bloqueado		Bloqueado
		3	4		3 - 4
31
32
33
34
35
36
37
38
39
40
41
42
43
44
45
46
47
48
49
50
		1	5		1 - 4 - 5
35
36
37
38
39
40
41
42
43
44
45
46
47
48
49
50
51
52
53
54
		5	4		5 - 4
31
32
33
34
35
36
37
38
39
40
41
42
43
44
45
46
47
48
49
50
		4	3		4 - 3
43
44
45
46
47
48
49
50
51
52
53
54
55
56
57
58
59
60
61
62
		3	5		Bloqueado		Bloqueado
		4	0		4 - 1 - 0
3
4
5
6
7
8
9
10
11
12
13
14
15
16
17
18
19
20
21
22


Tiempo Total: 50