
Solucion numero: 1
Cantidad de bloqueados: 5
Fitness: 780
Ranuras 	Origen 	Destino 	Ruta
		0	1		0 - 1
16
17
18
19
20
21
22
23
24
25
26
27
28
29
30
31
32
33
34
35
		0	3		0 - 1 - 2 - 3
80
81
82
83
84
85
86
87
88
89
90
91
92
93
94
95
96
97
98
99
		0	5		0 - 5
11
12
13
14
15
16
17
18
19
20
21
22
23
24
25
26
27
28
29
30
		1	0		1 - 0
44
45
46
47
48
49
50
51
52
53
54
55
56
57
58
59
60
61
62
63
		1	2		1 - 2
23
24
25
26
27
28
29
30
31
32
33
34
35
36
37
38
39
40
41
42
		2	1		2 - 1
14
15
16
17
18
19
20
21
22
23
24
25
26
27
28
29
30
31
32
33
		2	3		2 - 3
58
59
60
61
62
63
64
65
66
67
68
69
70
71
72
73
74
75
76
77
		2	5		2 - 1 - 0 - 5
80
81
82
83
84
85
86
87
88
89
90
91
92
93
94
95
96
97
98
99
		3	0		3 - 4 - 1 - 0
19
20
21
22
23
24
25
26
27
28
29
30
31
32
33
34
35
36
37
38
		0	2		0 - 1 - 2
58
59
60
61
62
63
64
65
66
67
68
69
70
71
72
73
74
75
76
77
		2	4		2 - 1 - 4
43
44
45
46
47
48
49
50
51
52
53
54
55
56
57
58
59
60
61
62
		3	1		3 - 4 - 1
49
50
51
52
53
54
55
56
57
58
59
60
61
62
63
64
65
66
67
68
		2	0		Bloqueado		Bloqueado
		5	2		Bloqueado		Bloqueado
		5	4		5 - 4
69
70
71
72
73
74
75
76
77
78
79
80
81
82
83
84
85
86
87
88
		3	2		3 - 2
68
69
70
71
72
73
74
75
76
77
78
79
80
81
82
83
84
85
86
87
		4	2		4 - 3 - 2
28
29
30
31
32
33
34
35
36
37
38
39
40
41
42
43
44
45
46
47
		5	1		5 - 0 - 1
37
38
39
40
41
42
43
44
45
46
47
48
49
50
51
52
53
54
55
56
		1	4		1 - 4
0
1
2
3
4
5
6
7
8
9
10
11
12
13
14
15
16
17
18
19
		5	0		5 - 0
1
2
3
4
5
6
7
8
9
10
11
12
13
14
15
16
17
18
19
20
		4	0		4 - 5 - 0
79
80
81
82
83
84
85
86
87
88
89
90
91
92
93
94
95
96
97
98
		4	5		4 - 5
28
29
30
31
32
33
34
35
36
37
38
39
40
41
42
43
44
45
46
47
		1	3		1 - 2 - 3
3
4
5
6
7
8
9
10
11
12
13
14
15
16
17
18
19
20
21
22
		4	1		4 - 1
69
70
71
72
73
74
75
76
77
78
79
80
81
82
83
84
85
86
87
88
		3	4		3 - 4
74
75
76
77
78
79
80
81
82
83
84
85
86
87
88
89
90
91
92
93
		1	5		Bloqueado		Bloqueado
		4	3		4 - 3
5
6
7
8
9
10
11
12
13
14
15
16
17
18
19
20
21
22
23
24
		0	4		0 - 5 - 4
31
32
33
34
35
36
37
38
39
40
41
42
43
44
45
46
47
48
49
50
		3	5		Bloqueado		Bloqueado
		5	3		Bloqueado		Bloqueado


Solucion numero: 2
Cantidad de bloqueados: 4
Fitness: 840
Ranuras 	Origen 	Destino 	Ruta
		0	1		0 - 1
36
37
38
39
40
41
42
43
44
45
46
47
48
49
50
51
52
53
54
55
		0	3		0 - 1 - 2 - 3
80
81
82
83
84
85
86
87
88
89
90
91
92
93
94
95
96
97
98
99
		0	5		0 - 5
8
9
10
11
12
13
14
15
16
17
18
19
20
21
22
23
24
25
26
27
		1	0		1 - 0
31
32
33
34
35
36
37
38
39
40
41
42
43
44
45
46
47
48
49
50
		1	2		1 - 2
27
28
29
30
31
32
33
34
35
36
37
38
39
40
41
42
43
44
45
46
		2	1		2 - 1
22
23
24
25
26
27
28
29
30
31
32
33
34
35
36
37
38
39
40
41
		2	3		2 - 3
56
57
58
59
60
61
62
63
64
65
66
67
68
69
70
71
72
73
74
75
		2	5		2 - 1 - 0 - 5
60
61
62
63
64
65
66
67
68
69
70
71
72
73
74
75
76
77
78
79
		3	0		3 - 2 - 1 - 0
0
1
2
3
4
5
6
7
8
9
10
11
12
13
14
15
16
17
18
19
		0	2		0 - 1 - 2
7
8
9
10
11
12
13
14
15
16
17
18
19
20
21
22
23
24
25
26
		2	4		2 - 1 - 4
80
81
82
83
84
85
86
87
88
89
90
91
92
93
94
95
96
97
98
99
		3	1		3 - 4 - 1
77
78
79
80
81
82
83
84
85
86
87
88
89
90
91
92
93
94
95
96
		2	0		Bloqueado		Bloqueado
		5	2		5 - 0 - 1 - 2
58
59
60
61
62
63
64
65
66
67
68
69
70
71
72
73
74
75
76
77
		5	4		5 - 4
60
61
62
63
64
65
66
67
68
69
70
71
72
73
74
75
76
77
78
79
		3	2		3 - 2
79
80
81
82
83
84
85
86
87
88
89
90
91
92
93
94
95
96
97
98
		4	2		4 - 3 - 2
33
34
35
36
37
38
39
40
41
42
43
44
45
46
47
48
49
50
51
52
		5	1		5 - 4 - 1
5
6
7
8
9
10
11
12
13
14
15
16
17
18
19
20
21
22
23
24
		1	4		1 - 4
35
36
37
38
39
40
41
42
43
44
45
46
47
48
49
50
51
52
53
54
		5	0		5 - 0
27
28
29
30
31
32
33
34
35
36
37
38
39
40
41
42
43
44
45
46
		4	0		4 - 5 - 0
5
6
7
8
9
10
11
12
13
14
15
16
17
18
19
20
21
22
23
24
		4	5		4 - 5
49
50
51
52
53
54
55
56
57
58
59
60
61
62
63
64
65
66
67
68
		1	3		1 - 4 - 3
5
6
7
8
9
10
11
12
13
14
15
16
17
18
19
20
21
22
23
24
		4	1		4 - 1
41
42
43
44
45
46
47
48
49
50
51
52
53
54
55
56
57
58
59
60
		3	4		3 - 4
31
32
33
34
35
36
37
38
39
40
41
42
43
44
45
46
47
48
49
50
		1	5		Bloqueado		Bloqueado
		4	3		4 - 3
64
65
66
67
68
69
70
71
72
73
74
75
76
77
78
79
80
81
82
83
		0	4		0 - 5 - 4
37
38
39
40
41
42
43
44
45
46
47
48
49
50
51
52
53
54
55
56
		3	5		Bloqueado		Bloqueado
		5	3		Bloqueado		Bloqueado


Solucion numero: 3
Cantidad de bloqueados: 4
Fitness: 860
Ranuras 	Origen 	Destino 	Ruta
		0	1		0 - 1
25
26
27
28
29
30
31
32
33
34
35
36
37
38
39
40
41
42
43
44
		0	3		0 - 1 - 2 - 3
73
74
75
76
77
78
79
80
81
82
83
84
85
86
87
88
89
90
91
92
		0	5		0 - 5
74
75
76
77
78
79
80
81
82
83
84
85
86
87
88
89
90
91
92
93
		1	0		1 - 0
42
43
44
45
46
47
48
49
50
51
52
53
54
55
56
57
58
59
60
61
		1	2		1 - 2
50
51
52
53
54
55
56
57
58
59
60
61
62
63
64
65
66
67
68
69
		2	1		2 - 1
73
74
75
76
77
78
79
80
81
82
83
84
85
86
87
88
89
90
91
92
		2	3		2 - 3
30
31
32
33
34
35
36
37
38
39
40
41
42
43
44
45
46
47
48
49
		2	5		2 - 1 - 0 - 5
2
3
4
5
6
7
8
9
10
11
12
13
14
15
16
17
18
19
20
21
		3	0		3 - 4 - 1 - 0
64
65
66
67
68
69
70
71
72
73
74
75
76
77
78
79
80
81
82
83
		0	2		0 - 1 - 2
4
5
6
7
8
9
10
11
12
13
14
15
16
17
18
19
20
21
22
23
		2	4		2 - 1 - 4
49
50
51
52
53
54
55
56
57
58
59
60
61
62
63
64
65
66
67
68
		3	1		3 - 4 - 1
35
36
37
38
39
40
41
42
43
44
45
46
47
48
49
50
51
52
53
54
		2	0		2 - 1 - 4 - 5 - 0
29
30
31
32
33
34
35
36
37
38
39
40
41
42
43
44
45
46
47
48
		5	2		Bloqueado		Bloqueado
		5	4		5 - 4
31
32
33
34
35
36
37
38
39
40
41
42
43
44
45
46
47
48
49
50
		3	2		3 - 2
22
23
24
25
26
27
28
29
30
31
32
33
34
35
36
37
38
39
40
41
		4	2		4 - 3 - 2
64
65
66
67
68
69
70
71
72
73
74
75
76
77
78
79
80
81
82
83
		5	1		5 - 0 - 1
49
50
51
52
53
54
55
56
57
58
59
60
61
62
63
64
65
66
67
68
		1	4		1 - 4
77
78
79
80
81
82
83
84
85
86
87
88
89
90
91
92
93
94
95
96
		5	0		5 - 0
9
10
11
12
13
14
15
16
17
18
19
20
21
22
23
24
25
26
27
28
		4	0		4 - 5 - 0
70
71
72
73
74
75
76
77
78
79
80
81
82
83
84
85
86
87
88
89
		4	5		4 - 5
5
6
7
8
9
10
11
12
13
14
15
16
17
18
19
20
21
22
23
24
		1	3		1 - 4 - 3
8
9
10
11
12
13
14
15
16
17
18
19
20
21
22
23
24
25
26
27
		4	1		4 - 1
6
7
8
9
10
11
12
13
14
15
16
17
18
19
20
21
22
23
24
25
		3	4		3 - 4
0
1
2
3
4
5
6
7
8
9
10
11
12
13
14
15
16
17
18
19
		1	5		Bloqueado		Bloqueado
		4	3		4 - 3
29
30
31
32
33
34
35
36
37
38
39
40
41
42
43
44
45
46
47
48
		0	4		0 - 5 - 4
54
55
56
57
58
59
60
61
62
63
64
65
66
67
68
69
70
71
72
73
		3	5		Bloqueado		Bloqueado
		5	3		Bloqueado		Bloqueado


Solucion numero: 4
Cantidad de bloqueados: 4
Fitness: 840
Ranuras 	Origen 	Destino 	Ruta
		0	1		0 - 1
26
27
28
29
30
31
32
33
34
35
36
37
38
39
40
41
42
43
44
45
		0	3		0 - 1 - 2 - 3
55
56
57
58
59
60
61
62
63
64
65
66
67
68
69
70
71
72
73
74
		0	5		0 - 5
32
33
34
35
36
37
38
39
40
41
42
43
44
45
46
47
48
49
50
51
		1	0		1 - 0
33
34
35
36
37
38
39
40
41
42
43
44
45
46
47
48
49
50
51
52
		1	2		1 - 2
0
1
2
3
4
5
6
7
8
9
10
11
12
13
14
15
16
17
18
19
		2	1		2 - 1
52
53
54
55
56
57
58
59
60
61
62
63
64
65
66
67
68
69
70
71
		2	3		2 - 3
30
31
32
33
34
35
36
37
38
39
40
41
42
43
44
45
46
47
48
49
		2	5		2 - 1 - 0 - 5
12
13
14
15
16
17
18
19
20
21
22
23
24
25
26
27
28
29
30
31
		3	0		3 - 2 - 1 - 0
73
74
75
76
77
78
79
80
81
82
83
84
85
86
87
88
89
90
91
92
		0	2		0 - 1 - 2
76
77
78
79
80
81
82
83
84
85
86
87
88
89
90
91
92
93
94
95
		2	4		2 - 1 - 4
32
33
34
35
36
37
38
39
40
41
42
43
44
45
46
47
48
49
50
51
		3	1		3 - 4 - 1
58
59
60
61
62
63
64
65
66
67
68
69
70
71
72
73
74
75
76
77
		2	0		Bloqueado		Bloqueado
		5	2		5 - 4 - 1 - 2
33
34
35
36
37
38
39
40
41
42
43
44
45
46
47
48
49
50
51
52
		5	4		5 - 4
64
65
66
67
68
69
70
71
72
73
74
75
76
77
78
79
80
81
82
83
		3	2		3 - 2
12
13
14
15
16
17
18
19
20
21
22
23
24
25
26
27
28
29
30
31
		4	2		4 - 3 - 2
51
52
53
54
55
56
57
58
59
60
61
62
63
64
65
66
67
68
69
70
		5	1		5 - 0 - 1
1
2
3
4
5
6
7
8
9
10
11
12
13
14
15
16
17
18
19
20
		1	4		1 - 4
73
74
75
76
77
78
79
80
81
82
83
84
85
86
87
88
89
90
91
92
		5	0		5 - 0
45
46
47
48
49
50
51
52
53
54
55
56
57
58
59
60
61
62
63
64
		4	0		4 - 5 - 0
22
23
24
25
26
27
28
29
30
31
32
33
34
35
36
37
38
39
40
41
		4	5		4 - 5
78
79
80
81
82
83
84
85
86
87
88
89
90
91
92
93
94
95
96
97
		1	3		1 - 4 - 3
6
7
8
9
10
11
12
13
14
15
16
17
18
19
20
21
22
23
24
25
		4	1		4 - 1
0
1
2
3
4
5
6
7
8
9
10
11
12
13
14
15
16
17
18
19
		3	4		3 - 4
6
7
8
9
10
11
12
13
14
15
16
17
18
19
20
21
22
23
24
25
		1	5		1 - 0 - 5
53
54
55
56
57
58
59
60
61
62
63
64
65
66
67
68
69
70
71
72
		4	3		4 - 3
75
76
77
78
79
80
81
82
83
84
85
86
87
88
89
90
91
92
93
94
		0	4		Bloqueado		Bloqueado
		3	5		Bloqueado		Bloqueado
		5	3		Bloqueado		Bloqueado


Solucion numero: 5
Cantidad de bloqueados: 5
Fitness: 800
Ranuras 	Origen 	Destino 	Ruta
		0	1		0 - 1
58
59
60
61
62
63
64
65
66
67
68
69
70
71
72
73
74
75
76
77
		0	3		0 - 1 - 2 - 3
7
8
9
10
11
12
13
14
15
16
17
18
19
20
21
22
23
24
25
26
		0	5		0 - 5
77
78
79
80
81
82
83
84
85
86
87
88
89
90
91
92
93
94
95
96
		1	0		1 - 0
18
19
20
21
22
23
24
25
26
27
28
29
30
31
32
33
34
35
36
37
		1	2		1 - 2
31
32
33
34
35
36
37
38
39
40
41
42
43
44
45
46
47
48
49
50
		2	1		2 - 1
10
11
12
13
14
15
16
17
18
19
20
21
22
23
24
25
26
27
28
29
		2	3		2 - 3
74
75
76
77
78
79
80
81
82
83
84
85
86
87
88
89
90
91
92
93
		2	5		2 - 1 - 0 - 5
42
43
44
45
46
47
48
49
50
51
52
53
54
55
56
57
58
59
60
61
		3	0		3 - 2 - 1 - 0
68
69
70
71
72
73
74
75
76
77
78
79
80
81
82
83
84
85
86
87
		0	2		0 - 1 - 2
79
80
81
82
83
84
85
86
87
88
89
90
91
92
93
94
95
96
97
98
		2	4		2 - 3 - 4
53
54
55
56
57
58
59
60
61
62
63
64
65
66
67
68
69
70
71
72
		3	1		3 - 4 - 1
2
3
4
5
6
7
8
9
10
11
12
13
14
15
16
17
18
19
20
21
		2	0		Bloqueado		Bloqueado
		5	2		5 - 4 - 1 - 2
57
58
59
60
61
62
63
64
65
66
67
68
69
70
71
72
73
74
75
76
		5	4		5 - 4
14
15
16
17
18
19
20
21
22
23
24
25
26
27
28
29
30
31
32
33
		3	2		3 - 2
34
35
36
37
38
39
40
41
42
43
44
45
46
47
48
49
50
51
52
53
		4	2		4 - 3 - 2
0
1
2
3
4
5
6
7
8
9
10
11
12
13
14
15
16
17
18
19
		5	1		5 - 0 - 1
31
32
33
34
35
36
37
38
39
40
41
42
43
44
45
46
47
48
49
50
		1	4		1 - 4
41
42
43
44
45
46
47
48
49
50
51
52
53
54
55
56
57
58
59
60
		5	0		5 - 0
6
7
8
9
10
11
12
13
14
15
16
17
18
19
20
21
22
23
24
25
		4	0		4 - 5 - 0
71
72
73
74
75
76
77
78
79
80
81
82
83
84
85
86
87
88
89
90
		4	5		4 - 5
6
7
8
9
10
11
12
13
14
15
16
17
18
19
20
21
22
23
24
25
		1	3		1 - 4 - 3
70
71
72
73
74
75
76
77
78
79
80
81
82
83
84
85
86
87
88
89
		4	1		4 - 1
27
28
29
30
31
32
33
34
35
36
37
38
39
40
41
42
43
44
45
46
		3	4		3 - 4
75
76
77
78
79
80
81
82
83
84
85
86
87
88
89
90
91
92
93
94
		1	5		Bloqueado		Bloqueado
		4	3		4 - 3
41
42
43
44
45
46
47
48
49
50
51
52
53
54
55
56
57
58
59
60
		0	4		Bloqueado		Bloqueado
		3	5		Bloqueado		Bloqueado
		5	3		Bloqueado		Bloqueado


Tiempo Total: 70