
Solucion numero: 1
Cantidad de bloqueados: 7
Fitness: 720
Ranuras 	Origen 	Destino 	Ruta
		0	1		0 - 1
67
68
69
70
71
72
73
74
75
76
77
78
79
80
81
82
83
84
85
86
		0	3		0 - 1 - 2 - 3
41
42
43
44
45
46
47
48
49
50
51
52
53
54
55
56
57
58
59
60
		0	5		0 - 5
62
63
64
65
66
67
68
69
70
71
72
73
74
75
76
77
78
79
80
81
		1	0		1 - 0
77
78
79
80
81
82
83
84
85
86
87
88
89
90
91
92
93
94
95
96
		1	2		1 - 2
65
66
67
68
69
70
71
72
73
74
75
76
77
78
79
80
81
82
83
84
		2	1		2 - 1
53
54
55
56
57
58
59
60
61
62
63
64
65
66
67
68
69
70
71
72
		2	3		2 - 3
8
9
10
11
12
13
14
15
16
17
18
19
20
21
22
23
24
25
26
27
		2	5		2 - 1 - 0 - 5
6
7
8
9
10
11
12
13
14
15
16
17
18
19
20
21
22
23
24
25
		3	0		3 - 2 - 1 - 0
28
29
30
31
32
33
34
35
36
37
38
39
40
41
42
43
44
45
46
47
		1	3		1 - 4 - 3
22
23
24
25
26
27
28
29
30
31
32
33
34
35
36
37
38
39
40
41
		5	1		5 - 0 - 1
11
12
13
14
15
16
17
18
19
20
21
22
23
24
25
26
27
28
29
30
		4	5		4 - 5
5
6
7
8
9
10
11
12
13
14
15
16
17
18
19
20
21
22
23
24
		5	3		Bloqueado		Bloqueado
		3	2		3 - 2
54
55
56
57
58
59
60
61
62
63
64
65
66
67
68
69
70
71
72
73
		4	0		4 - 1 - 0
48
49
50
51
52
53
54
55
56
57
58
59
60
61
62
63
64
65
66
67
		2	4		2 - 1 - 4
79
80
81
82
83
84
85
86
87
88
89
90
91
92
93
94
95
96
97
98
		4	3		4 - 3
71
72
73
74
75
76
77
78
79
80
81
82
83
84
85
86
87
88
89
90
		5	4		5 - 4
38
39
40
41
42
43
44
45
46
47
48
49
50
51
52
53
54
55
56
57
		0	4		Bloqueado		Bloqueado
		3	5		Bloqueado		Bloqueado
		4	2		4 - 1 - 2
17
18
19
20
21
22
23
24
25
26
27
28
29
30
31
32
33
34
35
36
		5	0		5 - 0
46
47
48
49
50
51
52
53
54
55
56
57
58
59
60
61
62
63
64
65
		5	2		Bloqueado		Bloqueado
		3	1		3 - 4 - 1
74
75
76
77
78
79
80
81
82
83
84
85
86
87
88
89
90
91
92
93
		1	4		1 - 4
0
1
2
3
4
5
6
7
8
9
10
11
12
13
14
15
16
17
18
19
		0	2		Bloqueado		Bloqueado
		2	0		Bloqueado		Bloqueado
		3	4		3 - 4
0
1
2
3
4
5
6
7
8
9
10
11
12
13
14
15
16
17
18
19
		4	1		Bloqueado		Bloqueado
		1	5		1 - 4 - 5
55
56
57
58
59
60
61
62
63
64
65
66
67
68
69
70
71
72
73
74


Solucion numero: 2
Cantidad de bloqueados: 5
Fitness: 820
Ranuras 	Origen 	Destino 	Ruta
		0	1		0 - 1
33
34
35
36
37
38
39
40
41
42
43
44
45
46
47
48
49
50
51
52
		0	3		0 - 1 - 2 - 3
4
5
6
7
8
9
10
11
12
13
14
15
16
17
18
19
20
21
22
23
		0	5		0 - 5
26
27
28
29
30
31
32
33
34
35
36
37
38
39
40
41
42
43
44
45
		1	0		1 - 0
61
62
63
64
65
66
67
68
69
70
71
72
73
74
75
76
77
78
79
80
		1	2		1 - 2
51
52
53
54
55
56
57
58
59
60
61
62
63
64
65
66
67
68
69
70
		2	1		2 - 1
79
80
81
82
83
84
85
86
87
88
89
90
91
92
93
94
95
96
97
98
		2	3		2 - 3
77
78
79
80
81
82
83
84
85
86
87
88
89
90
91
92
93
94
95
96
		2	5		2 - 1 - 0 - 5
2
3
4
5
6
7
8
9
10
11
12
13
14
15
16
17
18
19
20
21
		3	0		3 - 2 - 1 - 0
40
41
42
43
44
45
46
47
48
49
50
51
52
53
54
55
56
57
58
59
		1	3		1 - 2 - 3
25
26
27
28
29
30
31
32
33
34
35
36
37
38
39
40
41
42
43
44
		5	1		5 - 0 - 1
55
56
57
58
59
60
61
62
63
64
65
66
67
68
69
70
71
72
73
74
		4	5		4 - 5
17
18
19
20
21
22
23
24
25
26
27
28
29
30
31
32
33
34
35
36
		5	3		5 - 0 - 1 - 4 - 3
75
76
77
78
79
80
81
82
83
84
85
86
87
88
89
90
91
92
93
94
		3	2		3 - 2
15
16
17
18
19
20
21
22
23
24
25
26
27
28
29
30
31
32
33
34
		4	0		Bloqueado		Bloqueado
		2	4		2 - 3 - 4
54
55
56
57
58
59
60
61
62
63
64
65
66
67
68
69
70
71
72
73
		4	3		4 - 3
20
21
22
23
24
25
26
27
28
29
30
31
32
33
34
35
36
37
38
39
		5	4		5 - 4
51
52
53
54
55
56
57
58
59
60
61
62
63
64
65
66
67
68
69
70
		0	4		0 - 5 - 4
75
76
77
78
79
80
81
82
83
84
85
86
87
88
89
90
91
92
93
94
		3	5		Bloqueado		Bloqueado
		4	2		4 - 1 - 2
72
73
74
75
76
77
78
79
80
81
82
83
84
85
86
87
88
89
90
91
		5	0		5 - 0
15
16
17
18
19
20
21
22
23
24
25
26
27
28
29
30
31
32
33
34
		5	2		Bloqueado		Bloqueado
		3	1		3 - 4 - 1
33
34
35
36
37
38
39
40
41
42
43
44
45
46
47
48
49
50
51
52
		1	4		1 - 4
35
36
37
38
39
40
41
42
43
44
45
46
47
48
49
50
51
52
53
54
		0	2		Bloqueado		Bloqueado
		2	0		Bloqueado		Bloqueado
		3	4		3 - 4
12
13
14
15
16
17
18
19
20
21
22
23
24
25
26
27
28
29
30
31
		4	1		4 - 1
6
7
8
9
10
11
12
13
14
15
16
17
18
19
20
21
22
23
24
25
		1	5		1 - 4 - 5
55
56
57
58
59
60
61
62
63
64
65
66
67
68
69
70
71
72
73
74


Solucion numero: 3
Cantidad de bloqueados: 6
Fitness: 760
Ranuras 	Origen 	Destino 	Ruta
		0	1		0 - 1
47
48
49
50
51
52
53
54
55
56
57
58
59
60
61
62
63
64
65
66
		0	3		0 - 1 - 2 - 3
70
71
72
73
74
75
76
77
78
79
80
81
82
83
84
85
86
87
88
89
		0	5		0 - 5
55
56
57
58
59
60
61
62
63
64
65
66
67
68
69
70
71
72
73
74
		1	0		1 - 0
29
30
31
32
33
34
35
36
37
38
39
40
41
42
43
44
45
46
47
48
		1	2		1 - 2
41
42
43
44
45
46
47
48
49
50
51
52
53
54
55
56
57
58
59
60
		2	1		2 - 1
48
49
50
51
52
53
54
55
56
57
58
59
60
61
62
63
64
65
66
67
		2	3		2 - 3
18
19
20
21
22
23
24
25
26
27
28
29
30
31
32
33
34
35
36
37
		2	5		2 - 1 - 0 - 5
3
4
5
6
7
8
9
10
11
12
13
14
15
16
17
18
19
20
21
22
		3	0		3 - 2 - 1 - 0
70
71
72
73
74
75
76
77
78
79
80
81
82
83
84
85
86
87
88
89
		1	3		1 - 4 - 3
77
78
79
80
81
82
83
84
85
86
87
88
89
90
91
92
93
94
95
96
		5	1		5 - 0 - 1
7
8
9
10
11
12
13
14
15
16
17
18
19
20
21
22
23
24
25
26
		4	5		4 - 5
10
11
12
13
14
15
16
17
18
19
20
21
22
23
24
25
26
27
28
29
		5	3		Bloqueado		Bloqueado
		3	2		3 - 2
41
42
43
44
45
46
47
48
49
50
51
52
53
54
55
56
57
58
59
60
		4	0		4 - 1 - 0
49
50
51
52
53
54
55
56
57
58
59
60
61
62
63
64
65
66
67
68
		2	4		2 - 1 - 4
28
29
30
31
32
33
34
35
36
37
38
39
40
41
42
43
44
45
46
47
		4	3		4 - 3
41
42
43
44
45
46
47
48
49
50
51
52
53
54
55
56
57
58
59
60
		5	4		5 - 4
35
36
37
38
39
40
41
42
43
44
45
46
47
48
49
50
51
52
53
54
		0	4		0 - 5 - 4
77
78
79
80
81
82
83
84
85
86
87
88
89
90
91
92
93
94
95
96
		3	5		Bloqueado		Bloqueado
		4	2		4 - 1 - 2
13
14
15
16
17
18
19
20
21
22
23
24
25
26
27
28
29
30
31
32
		5	0		5 - 0
45
46
47
48
49
50
51
52
53
54
55
56
57
58
59
60
61
62
63
64
		5	2		Bloqueado		Bloqueado
		3	1		3 - 4 - 1
69
70
71
72
73
74
75
76
77
78
79
80
81
82
83
84
85
86
87
88
		1	4		1 - 4
5
6
7
8
9
10
11
12
13
14
15
16
17
18
19
20
21
22
23
24
		0	2		Bloqueado		Bloqueado
		2	0		Bloqueado		Bloqueado
		3	4		3 - 4
29
30
31
32
33
34
35
36
37
38
39
40
41
42
43
44
45
46
47
48
		4	1		Bloqueado		Bloqueado
		1	5		1 - 4 - 5
55
56
57
58
59
60
61
62
63
64
65
66
67
68
69
70
71
72
73
74


Solucion numero: 4
Cantidad de bloqueados: 7
Fitness: 720
Ranuras 	Origen 	Destino 	Ruta
		0	1		0 - 1
15
16
17
18
19
20
21
22
23
24
25
26
27
28
29
30
31
32
33
34
		0	3		0 - 1 - 2 - 3
35
36
37
38
39
40
41
42
43
44
45
46
47
48
49
50
51
52
53
54
		0	5		0 - 5
27
28
29
30
31
32
33
34
35
36
37
38
39
40
41
42
43
44
45
46
		1	0		1 - 0
26
27
28
29
30
31
32
33
34
35
36
37
38
39
40
41
42
43
44
45
		1	2		1 - 2
0
1
2
3
4
5
6
7
8
9
10
11
12
13
14
15
16
17
18
19
		2	1		2 - 1
63
64
65
66
67
68
69
70
71
72
73
74
75
76
77
78
79
80
81
82
		2	3		2 - 3
1
2
3
4
5
6
7
8
9
10
11
12
13
14
15
16
17
18
19
20
		2	5		2 - 1 - 0 - 5
1
2
3
4
5
6
7
8
9
10
11
12
13
14
15
16
17
18
19
20
		3	0		3 - 4 - 1 - 0
71
72
73
74
75
76
77
78
79
80
81
82
83
84
85
86
87
88
89
90
		1	3		1 - 2 - 3
63
64
65
66
67
68
69
70
71
72
73
74
75
76
77
78
79
80
81
82
		5	1		5 - 0 - 1
61
62
63
64
65
66
67
68
69
70
71
72
73
74
75
76
77
78
79
80
		4	5		4 - 5
78
79
80
81
82
83
84
85
86
87
88
89
90
91
92
93
94
95
96
97
		5	3		Bloqueado		Bloqueado
		3	2		3 - 2
49
50
51
52
53
54
55
56
57
58
59
60
61
62
63
64
65
66
67
68
		4	0		4 - 1 - 0
47
48
49
50
51
52
53
54
55
56
57
58
59
60
61
62
63
64
65
66
		2	4		2 - 1 - 4
38
39
40
41
42
43
44
45
46
47
48
49
50
51
52
53
54
55
56
57
		4	3		4 - 3
70
71
72
73
74
75
76
77
78
79
80
81
82
83
84
85
86
87
88
89
		5	4		5 - 4
34
35
36
37
38
39
40
41
42
43
44
45
46
47
48
49
50
51
52
53
		0	4		0 - 5 - 4
72
73
74
75
76
77
78
79
80
81
82
83
84
85
86
87
88
89
90
91
		3	5		Bloqueado		Bloqueado
		4	2		4 - 3 - 2
19
20
21
22
23
24
25
26
27
28
29
30
31
32
33
34
35
36
37
38
		5	0		5 - 0
2
3
4
5
6
7
8
9
10
11
12
13
14
15
16
17
18
19
20
21
		5	2		Bloqueado		Bloqueado
		3	1		3 - 4 - 1
13
14
15
16
17
18
19
20
21
22
23
24
25
26
27
28
29
30
31
32
		1	4		1 - 4
4
5
6
7
8
9
10
11
12
13
14
15
16
17
18
19
20
21
22
23
		0	2		Bloqueado		Bloqueado
		2	0		Bloqueado		Bloqueado
		3	4		3 - 4
37
38
39
40
41
42
43
44
45
46
47
48
49
50
51
52
53
54
55
56
		4	1		Bloqueado		Bloqueado
		1	5		Bloqueado		Bloqueado


Solucion numero: 5
Cantidad de bloqueados: 7
Fitness: 700
Ranuras 	Origen 	Destino 	Ruta
		0	1		0 - 1
51
52
53
54
55
56
57
58
59
60
61
62
63
64
65
66
67
68
69
70
		0	3		0 - 1 - 2 - 3
19
20
21
22
23
24
25
26
27
28
29
30
31
32
33
34
35
36
37
38
		0	5		0 - 5
34
35
36
37
38
39
40
41
42
43
44
45
46
47
48
49
50
51
52
53
		1	0		1 - 0
6
7
8
9
10
11
12
13
14
15
16
17
18
19
20
21
22
23
24
25
		1	2		1 - 2
43
44
45
46
47
48
49
50
51
52
53
54
55
56
57
58
59
60
61
62
		2	1		2 - 1
50
51
52
53
54
55
56
57
58
59
60
61
62
63
64
65
66
67
68
69
		2	3		2 - 3
57
58
59
60
61
62
63
64
65
66
67
68
69
70
71
72
73
74
75
76
		2	5		2 - 1 - 0 - 5
73
74
75
76
77
78
79
80
81
82
83
84
85
86
87
88
89
90
91
92
		3	0		3 - 2 - 1 - 0
28
29
30
31
32
33
34
35
36
37
38
39
40
41
42
43
44
45
46
47
		1	3		1 - 2 - 3
78
79
80
81
82
83
84
85
86
87
88
89
90
91
92
93
94
95
96
97
		5	1		5 - 0 - 1
75
76
77
78
79
80
81
82
83
84
85
86
87
88
89
90
91
92
93
94
		4	5		4 - 5
41
42
43
44
45
46
47
48
49
50
51
52
53
54
55
56
57
58
59
60
		5	3		Bloqueado		Bloqueado
		3	2		3 - 2
7
8
9
10
11
12
13
14
15
16
17
18
19
20
21
22
23
24
25
26
		4	0		4 - 1 - 0
50
51
52
53
54
55
56
57
58
59
60
61
62
63
64
65
66
67
68
69
		2	4		2 - 1 - 4
4
5
6
7
8
9
10
11
12
13
14
15
16
17
18
19
20
21
22
23
		4	3		4 - 3
61
62
63
64
65
66
67
68
69
70
71
72
73
74
75
76
77
78
79
80
		5	4		5 - 4
54
55
56
57
58
59
60
61
62
63
64
65
66
67
68
69
70
71
72
73
		0	4		0 - 5 - 4
12
13
14
15
16
17
18
19
20
21
22
23
24
25
26
27
28
29
30
31
		3	5		Bloqueado		Bloqueado
		4	2		Bloqueado		Bloqueado
		5	0		5 - 0
54
55
56
57
58
59
60
61
62
63
64
65
66
67
68
69
70
71
72
73
		5	2		Bloqueado		Bloqueado
		3	1		3 - 4 - 1
80
81
82
83
84
85
86
87
88
89
90
91
92
93
94
95
96
97
98
99
		1	4		1 - 4
77
78
79
80
81
82
83
84
85
86
87
88
89
90
91
92
93
94
95
96
		0	2		Bloqueado		Bloqueado
		2	0		Bloqueado		Bloqueado
		3	4		3 - 4
25
26
27
28
29
30
31
32
33
34
35
36
37
38
39
40
41
42
43
44
		4	1		4 - 1
0
1
2
3
4
5
6
7
8
9
10
11
12
13
14
15
16
17
18
19
		1	5		Bloqueado		Bloqueado


Tiempo Total: 50