
Solucion numero: 1
Cantidad de bloqueados: 1
Fitness: 520
Ranuras 	Origen 	Destino 	Ruta
		0	1		0 - 1
43
44
45
46
47
48
49
50
51
52
		0	3		0 - 1 - 2 - 3
23
24
25
26
27
28
29
30
31
32
		0	5		0 - 5
8
9
10
11
12
13
14
15
16
17
		1	0		1 - 0
5
6
7
8
9
10
11
12
13
14
		1	2		1 - 2
77
78
79
80
81
82
83
84
85
86
		2	1		2 - 1
31
32
33
34
35
36
37
38
39
40
		2	3		2 - 3
13
14
15
16
17
18
19
20
21
22
		2	5		2 - 1 - 0 - 5
61
62
63
64
65
66
67
68
69
70
		3	0		3 - 2 - 1 - 0
79
80
81
82
83
84
85
86
87
88
		5	3		5 - 0 - 1 - 2 - 3
90
91
92
93
94
95
96
97
98
99
		4	0		4 - 1 - 0
43
44
45
46
47
48
49
50
51
52
		4	2		4 - 1 - 2
57
58
59
60
61
62
63
64
65
66
		2	0		2 - 1 - 0
21
22
23
24
25
26
27
28
29
30
		2	4		2 - 1 - 4
2
3
4
5
6
7
8
9
10
11
		3	4		3 - 4
28
29
30
31
32
33
34
35
36
37
		3	2		3 - 2
64
65
66
67
68
69
70
71
72
73
		4	5		4 - 5
12
13
14
15
16
17
18
19
20
21
		5	1		5 - 0 - 1
69
70
71
72
73
74
75
76
77
78
		1	3		1 - 2 - 3
0
1
2
3
4
5
6
7
8
9
		5	0		5 - 0
23
24
25
26
27
28
29
30
31
32
		1	5		1 - 0 - 5
90
91
92
93
94
95
96
97
98
99
		0	4		0 - 1 - 4
12
13
14
15
16
17
18
19
20
21
		4	3		4 - 3
8
9
10
11
12
13
14
15
16
17
		4	1		4 - 1
70
71
72
73
74
75
76
77
78
79
		5	4		5 - 4
45
46
47
48
49
50
51
52
53
54
		1	4		1 - 4
47
48
49
50
51
52
53
54
55
56
		3	5		Bloqueado		Bloqueado
		3	1		3 - 2 - 1
45
46
47
48
49
50
51
52
53
54
		5	2		5 - 4 - 1 - 2
11
12
13
14
15
16
17
18
19
20
		0	2		0 - 1 - 4 - 3 - 2
33
34
35
36
37
38
39
40
41
42


Solucion numero: 2
Cantidad de bloqueados: 0
Fitness: 540
Ranuras 	Origen 	Destino 	Ruta
		0	1		0 - 1
65
66
67
68
69
70
71
72
73
74
		0	3		0 - 1 - 2 - 3
0
1
2
3
4
5
6
7
8
9
		0	5		0 - 5
37
38
39
40
41
42
43
44
45
46
		1	0		1 - 0
29
30
31
32
33
34
35
36
37
38
		1	2		1 - 2
52
53
54
55
56
57
58
59
60
61
		2	1		2 - 1
26
27
28
29
30
31
32
33
34
35
		2	3		2 - 3
32
33
34
35
36
37
38
39
40
41
		2	5		2 - 1 - 0 - 5
67
68
69
70
71
72
73
74
75
76
		3	0		3 - 2 - 1 - 0
8
9
10
11
12
13
14
15
16
17
		5	3		5 - 0 - 1 - 2 - 3
85
86
87
88
89
90
91
92
93
94
		4	0		4 - 1 - 0
45
46
47
48
49
50
51
52
53
54
		4	2		4 - 1 - 2
13
14
15
16
17
18
19
20
21
22
		2	0		2 - 1 - 0
87
88
89
90
91
92
93
94
95
96
		2	4		2 - 1 - 4
40
41
42
43
44
45
46
47
48
49
		3	4		3 - 4
80
81
82
83
84
85
86
87
88
89
		3	2		3 - 2
80
81
82
83
84
85
86
87
88
89
		4	5		4 - 5
8
9
10
11
12
13
14
15
16
17
		5	1		5 - 0 - 1
31
32
33
34
35
36
37
38
39
40
		1	3		1 - 2 - 3
75
76
77
78
79
80
81
82
83
84
		5	0		5 - 0
43
44
45
46
47
48
49
50
51
52
		1	5		1 - 0 - 5
77
78
79
80
81
82
83
84
85
86
		0	4		0 - 1 - 4
51
52
53
54
55
56
57
58
59
60
		4	3		4 - 3
1
2
3
4
5
6
7
8
9
10
		4	1		4 - 1
56
57
58
59
60
61
62
63
64
65
		5	4		5 - 4
85
86
87
88
89
90
91
92
93
94
		1	4		1 - 4
9
10
11
12
13
14
15
16
17
18
		3	5		3 - 2 - 1 - 0 - 5
56
57
58
59
60
61
62
63
64
65
		3	1		3 - 4 - 1
90
91
92
93
94
95
96
97
98
99
		5	2		5 - 4 - 1 - 2
26
27
28
29
30
31
32
33
34
35
		0	2		0 - 1 - 2
41
42
43
44
45
46
47
48
49
50


Solucion numero: 3
Cantidad de bloqueados: 0
Fitness: 560
Ranuras 	Origen 	Destino 	Ruta
		0	1		0 - 1
53
54
55
56
57
58
59
60
61
62
		0	3		0 - 1 - 2 - 3
86
87
88
89
90
91
92
93
94
95
		0	5		0 - 5
76
77
78
79
80
81
82
83
84
85
		1	0		1 - 0
74
75
76
77
78
79
80
81
82
83
		1	2		1 - 2
12
13
14
15
16
17
18
19
20
21
		2	1		2 - 1
64
65
66
67
68
69
70
71
72
73
		2	3		2 - 3
71
72
73
74
75
76
77
78
79
80
		2	5		2 - 1 - 0 - 5
51
52
53
54
55
56
57
58
59
60
		3	0		3 - 2 - 1 - 0
88
89
90
91
92
93
94
95
96
97
		5	3		5 - 0 - 1 - 2 - 3
1
2
3
4
5
6
7
8
9
10
		4	0		4 - 1 - 0
11
12
13
14
15
16
17
18
19
20
		4	2		4 - 1 - 2
72
73
74
75
76
77
78
79
80
81
		2	0		2 - 1 - 0
1
2
3
4
5
6
7
8
9
10
		2	4		2 - 1 - 4
40
41
42
43
44
45
46
47
48
49
		3	4		3 - 4
14
15
16
17
18
19
20
21
22
23
		3	2		3 - 2
10
11
12
13
14
15
16
17
18
19
		4	5		4 - 5
41
42
43
44
45
46
47
48
49
50
		5	1		5 - 0 - 1
43
44
45
46
47
48
49
50
51
52
		1	3		1 - 2 - 3
58
59
60
61
62
63
64
65
66
67
		5	0		5 - 0
69
70
71
72
73
74
75
76
77
78
		1	5		1 - 0 - 5
31
32
33
34
35
36
37
38
39
40
		0	4		0 - 1 - 4
30
31
32
33
34
35
36
37
38
39
		4	3		4 - 3
42
43
44
45
46
47
48
49
50
51
		4	1		4 - 1
22
23
24
25
26
27
28
29
30
31
		5	4		5 - 4
90
91
92
93
94
95
96
97
98
99
		1	4		1 - 4
90
91
92
93
94
95
96
97
98
99
		3	5		3 - 2 - 1 - 4 - 5
20
21
22
23
24
25
26
27
28
29
		3	1		3 - 2 - 1
76
77
78
79
80
81
82
83
84
85
		5	2		5 - 4 - 1 - 2
33
34
35
36
37
38
39
40
41
42
		0	2		0 - 1 - 4 - 3 - 2
63
64
65
66
67
68
69
70
71
72


Solucion numero: 4
Cantidad de bloqueados: 1
Fitness: 520
Ranuras 	Origen 	Destino 	Ruta
		0	1		0 - 1
29
30
31
32
33
34
35
36
37
38
		0	3		0 - 1 - 2 - 3
81
82
83
84
85
86
87
88
89
90
		0	5		0 - 5
46
47
48
49
50
51
52
53
54
55
		1	0		1 - 0
68
69
70
71
72
73
74
75
76
77
		1	2		1 - 2
17
18
19
20
21
22
23
24
25
26
		2	1		2 - 1
84
85
86
87
88
89
90
91
92
93
		2	3		2 - 3
21
22
23
24
25
26
27
28
29
30
		2	5		2 - 1 - 0 - 5
5
6
7
8
9
10
11
12
13
14
		3	0		3 - 2 - 1 - 0
28
29
30
31
32
33
34
35
36
37
		5	3		5 - 0 - 1 - 2 - 3
48
49
50
51
52
53
54
55
56
57
		4	0		4 - 1 - 0
16
17
18
19
20
21
22
23
24
25
		4	2		4 - 1 - 2
69
70
71
72
73
74
75
76
77
78
		2	0		2 - 1 - 0
50
51
52
53
54
55
56
57
58
59
		2	4		2 - 1 - 4
18
19
20
21
22
23
24
25
26
27
		3	4		3 - 4
89
90
91
92
93
94
95
96
97
98
		3	2		3 - 2
4
5
6
7
8
9
10
11
12
13
		4	5		4 - 5
4
5
6
7
8
9
10
11
12
13
		5	1		5 - 0 - 1
71
72
73
74
75
76
77
78
79
80
		1	3		1 - 2 - 3
34
35
36
37
38
39
40
41
42
43
		5	0		5 - 0
27
28
29
30
31
32
33
34
35
36
		1	5		1 - 0 - 5
88
89
90
91
92
93
94
95
96
97
		0	4		0 - 1 - 4
58
59
60
61
62
63
64
65
66
67
		4	3		4 - 3
35
36
37
38
39
40
41
42
43
44
		4	1		4 - 1
34
35
36
37
38
39
40
41
42
43
		5	4		5 - 4
57
58
59
60
61
62
63
64
65
66
		1	4		1 - 4
2
3
4
5
6
7
8
9
10
11
		3	5		3 - 2 - 1 - 4 - 5
72
73
74
75
76
77
78
79
80
81
		3	1		3 - 2 - 1
60
61
62
63
64
65
66
67
68
69
		5	2		5 - 0 - 1 - 2
4
5
6
7
8
9
10
11
12
13
		0	2		Bloqueado		Bloqueado


Solucion numero: 5
Cantidad de bloqueados: 1
Fitness: 520
Ranuras 	Origen 	Destino 	Ruta
		0	1		0 - 1
32
33
34
35
36
37
38
39
40
41
		0	3		0 - 1 - 2 - 3
75
76
77
78
79
80
81
82
83
84
		0	5		0 - 5
31
32
33
34
35
36
37
38
39
40
		1	0		1 - 0
21
22
23
24
25
26
27
28
29
30
		1	2		1 - 2
49
50
51
52
53
54
55
56
57
58
		2	1		2 - 1
24
25
26
27
28
29
30
31
32
33
		2	3		2 - 3
58
59
60
61
62
63
64
65
66
67
		2	5		2 - 1 - 0 - 5
2
3
4
5
6
7
8
9
10
11
		3	0		3 - 2 - 1 - 0
54
55
56
57
58
59
60
61
62
63
		5	3		5 - 0 - 1 - 2 - 3
17
18
19
20
21
22
23
24
25
26
		4	0		4 - 1 - 0
44
45
46
47
48
49
50
51
52
53
		4	2		4 - 1 - 2
6
7
8
9
10
11
12
13
14
15
		2	0		2 - 1 - 0
76
77
78
79
80
81
82
83
84
85
		2	4		2 - 1 - 4
41
42
43
44
45
46
47
48
49
50
		3	4		3 - 4
56
57
58
59
60
61
62
63
64
65
		3	2		3 - 2
5
6
7
8
9
10
11
12
13
14
		4	5		4 - 5
3
4
5
6
7
8
9
10
11
12
		5	1		5 - 0 - 1
4
5
6
7
8
9
10
11
12
13
		1	3		1 - 2 - 3
35
36
37
38
39
40
41
42
43
44
		5	0		5 - 0
45
46
47
48
49
50
51
52
53
54
		1	5		1 - 0 - 5
86
87
88
89
90
91
92
93
94
95
		0	4		0 - 1 - 4
64
65
66
67
68
69
70
71
72
73
		4	3		4 - 3
35
36
37
38
39
40
41
42
43
44
		4	1		4 - 1
26
27
28
29
30
31
32
33
34
35
		5	4		5 - 4
90
91
92
93
94
95
96
97
98
99
		1	4		1 - 4
26
27
28
29
30
31
32
33
34
35
		3	5		3 - 2 - 1 - 0 - 5
64
65
66
67
68
69
70
71
72
73
		3	1		3 - 2 - 1
89
90
91
92
93
94
95
96
97
98
		5	2		5 - 0 - 1 - 2
88
89
90
91
92
93
94
95
96
97
		0	2		Bloqueado		Bloqueado


Tiempo Total: 10