
Solucion numero: 1
Cantidad de bloqueados: 6
Fitness: 740
Ranuras 	Origen 	Destino 	Ruta
		0	1		0 - 1
66
67
68
69
70
71
72
73
74
75
76
77
78
79
80
81
82
83
84
85
		0	3		0 - 1 - 2 - 3
16
17
18
19
20
21
22
23
24
25
26
27
28
29
30
31
32
33
34
35
		0	5		0 - 5
55
56
57
58
59
60
61
62
63
64
65
66
67
68
69
70
71
72
73
74
		1	0		1 - 0
31
32
33
34
35
36
37
38
39
40
41
42
43
44
45
46
47
48
49
50
		1	2		1 - 2
66
67
68
69
70
71
72
73
74
75
76
77
78
79
80
81
82
83
84
85
		2	1		2 - 1
26
27
28
29
30
31
32
33
34
35
36
37
38
39
40
41
42
43
44
45
		2	3		2 - 3
52
53
54
55
56
57
58
59
60
61
62
63
64
65
66
67
68
69
70
71
		2	5		2 - 1 - 0 - 5
76
77
78
79
80
81
82
83
84
85
86
87
88
89
90
91
92
93
94
95
		3	0		3 - 2 - 1 - 0
56
57
58
59
60
61
62
63
64
65
66
67
68
69
70
71
72
73
74
75
		1	4		1 - 4
21
22
23
24
25
26
27
28
29
30
31
32
33
34
35
36
37
38
39
40
		1	5		1 - 0 - 5
11
12
13
14
15
16
17
18
19
20
21
22
23
24
25
26
27
28
29
30
		5	1		5 - 0 - 1
46
47
48
49
50
51
52
53
54
55
56
57
58
59
60
61
62
63
64
65
		0	4		0 - 5 - 4
33
34
35
36
37
38
39
40
41
42
43
44
45
46
47
48
49
50
51
52
		3	2		3 - 2
19
20
21
22
23
24
25
26
27
28
29
30
31
32
33
34
35
36
37
38
		4	5		4 - 5
73
74
75
76
77
78
79
80
81
82
83
84
85
86
87
88
89
90
91
92
		3	1		3 - 4 - 1
36
37
38
39
40
41
42
43
44
45
46
47
48
49
50
51
52
53
54
55
		3	5		Bloqueado		Bloqueado
		5	2		Bloqueado		Bloqueado
		5	0		5 - 0
77
78
79
80
81
82
83
84
85
86
87
88
89
90
91
92
93
94
95
96
		4	0		4 - 5 - 0
17
18
19
20
21
22
23
24
25
26
27
28
29
30
31
32
33
34
35
36
		2	4		2 - 1 - 4
1
2
3
4
5
6
7
8
9
10
11
12
13
14
15
16
17
18
19
20
		0	2		Bloqueado		Bloqueado
		2	0		Bloqueado		Bloqueado
		3	4		3 - 4
9
10
11
12
13
14
15
16
17
18
19
20
21
22
23
24
25
26
27
28
		5	3		Bloqueado		Bloqueado
		4	3		4 - 3
42
43
44
45
46
47
48
49
50
51
52
53
54
55
56
57
58
59
60
61
		4	2		4 - 3 - 2
80
81
82
83
84
85
86
87
88
89
90
91
92
93
94
95
96
97
98
99
		4	1		4 - 1
58
59
60
61
62
63
64
65
66
67
68
69
70
71
72
73
74
75
76
77
		5	4		5 - 4
67
68
69
70
71
72
73
74
75
76
77
78
79
80
81
82
83
84
85
86
		1	3		Bloqueado		Bloqueado


Solucion numero: 2
Cantidad de bloqueados: 4
Fitness: 880
Ranuras 	Origen 	Destino 	Ruta
		0	1		0 - 1
56
57
58
59
60
61
62
63
64
65
66
67
68
69
70
71
72
73
74
75
		0	3		0 - 1 - 2 - 3
1
2
3
4
5
6
7
8
9
10
11
12
13
14
15
16
17
18
19
20
		0	5		0 - 5
47
48
49
50
51
52
53
54
55
56
57
58
59
60
61
62
63
64
65
66
		1	0		1 - 0
11
12
13
14
15
16
17
18
19
20
21
22
23
24
25
26
27
28
29
30
		1	2		1 - 2
21
22
23
24
25
26
27
28
29
30
31
32
33
34
35
36
37
38
39
40
		2	1		2 - 1
77
78
79
80
81
82
83
84
85
86
87
88
89
90
91
92
93
94
95
96
		2	3		2 - 3
49
50
51
52
53
54
55
56
57
58
59
60
61
62
63
64
65
66
67
68
		2	5		2 - 1 - 4 - 5
33
34
35
36
37
38
39
40
41
42
43
44
45
46
47
48
49
50
51
52
		3	0		3 - 2 - 1 - 0
55
56
57
58
59
60
61
62
63
64
65
66
67
68
69
70
71
72
73
74
		1	4		1 - 4
9
10
11
12
13
14
15
16
17
18
19
20
21
22
23
24
25
26
27
28
		1	5		1 - 0 - 5
77
78
79
80
81
82
83
84
85
86
87
88
89
90
91
92
93
94
95
96
		5	1		5 - 0 - 1
33
34
35
36
37
38
39
40
41
42
43
44
45
46
47
48
49
50
51
52
		0	4		0 - 1 - 4
76
77
78
79
80
81
82
83
84
85
86
87
88
89
90
91
92
93
94
95
		3	2		3 - 2
22
23
24
25
26
27
28
29
30
31
32
33
34
35
36
37
38
39
40
41
		4	5		4 - 5
12
13
14
15
16
17
18
19
20
21
22
23
24
25
26
27
28
29
30
31
		3	1		3 - 2 - 1
0
1
2
3
4
5
6
7
8
9
10
11
12
13
14
15
16
17
18
19
		3	5		Bloqueado		Bloqueado
		5	2		5 - 4 - 1 - 2
44
45
46
47
48
49
50
51
52
53
54
55
56
57
58
59
60
61
62
63
		5	0		5 - 0
0
1
2
3
4
5
6
7
8
9
10
11
12
13
14
15
16
17
18
19
		4	0		4 - 5 - 0
66
67
68
69
70
71
72
73
74
75
76
77
78
79
80
81
82
83
84
85
		2	4		2 - 3 - 4
27
28
29
30
31
32
33
34
35
36
37
38
39
40
41
42
43
44
45
46
		0	2		Bloqueado		Bloqueado
		2	0		Bloqueado		Bloqueado
		3	4		3 - 4
57
58
59
60
61
62
63
64
65
66
67
68
69
70
71
72
73
74
75
76
		5	3		5 - 4 - 1 - 2 - 3
74
75
76
77
78
79
80
81
82
83
84
85
86
87
88
89
90
91
92
93
		4	3		4 - 3
76
77
78
79
80
81
82
83
84
85
86
87
88
89
90
91
92
93
94
95
		4	2		Bloqueado		Bloqueado
		4	1		4 - 1
23
24
25
26
27
28
29
30
31
32
33
34
35
36
37
38
39
40
41
42
		5	4		5 - 4
14
15
16
17
18
19
20
21
22
23
24
25
26
27
28
29
30
31
32
33
		1	3		1 - 4 - 3
56
57
58
59
60
61
62
63
64
65
66
67
68
69
70
71
72
73
74
75


Solucion numero: 3
Cantidad de bloqueados: 4
Fitness: 840
Ranuras 	Origen 	Destino 	Ruta
		0	1		0 - 1
61
62
63
64
65
66
67
68
69
70
71
72
73
74
75
76
77
78
79
80
		0	3		0 - 1 - 2 - 3
30
31
32
33
34
35
36
37
38
39
40
41
42
43
44
45
46
47
48
49
		0	5		0 - 5
2
3
4
5
6
7
8
9
10
11
12
13
14
15
16
17
18
19
20
21
		1	0		1 - 0
80
81
82
83
84
85
86
87
88
89
90
91
92
93
94
95
96
97
98
99
		1	2		1 - 2
50
51
52
53
54
55
56
57
58
59
60
61
62
63
64
65
66
67
68
69
		2	1		2 - 1
68
69
70
71
72
73
74
75
76
77
78
79
80
81
82
83
84
85
86
87
		2	3		2 - 3
66
67
68
69
70
71
72
73
74
75
76
77
78
79
80
81
82
83
84
85
		2	5		2 - 1 - 0 - 5
38
39
40
41
42
43
44
45
46
47
48
49
50
51
52
53
54
55
56
57
		3	0		3 - 2 - 1 - 0
9
10
11
12
13
14
15
16
17
18
19
20
21
22
23
24
25
26
27
28
		1	4		1 - 4
59
60
61
62
63
64
65
66
67
68
69
70
71
72
73
74
75
76
77
78
		1	5		1 - 0 - 5
58
59
60
61
62
63
64
65
66
67
68
69
70
71
72
73
74
75
76
77
		5	1		5 - 0 - 1
3
4
5
6
7
8
9
10
11
12
13
14
15
16
17
18
19
20
21
22
		0	4		0 - 5 - 4
78
79
80
81
82
83
84
85
86
87
88
89
90
91
92
93
94
95
96
97
		3	2		3 - 2
72
73
74
75
76
77
78
79
80
81
82
83
84
85
86
87
88
89
90
91
		4	5		4 - 5
74
75
76
77
78
79
80
81
82
83
84
85
86
87
88
89
90
91
92
93
		3	1		3 - 4 - 1
54
55
56
57
58
59
60
61
62
63
64
65
66
67
68
69
70
71
72
73
		3	5		Bloqueado		Bloqueado
		5	2		5 - 4 - 1 - 2
8
9
10
11
12
13
14
15
16
17
18
19
20
21
22
23
24
25
26
27
		5	0		5 - 0
68
69
70
71
72
73
74
75
76
77
78
79
80
81
82
83
84
85
86
87
		4	0		4 - 5 - 0
36
37
38
39
40
41
42
43
44
45
46
47
48
49
50
51
52
53
54
55
		2	4		2 - 3 - 4
5
6
7
8
9
10
11
12
13
14
15
16
17
18
19
20
21
22
23
24
		0	2		Bloqueado		Bloqueado
		2	0		Bloqueado		Bloqueado
		3	4		3 - 4
31
32
33
34
35
36
37
38
39
40
41
42
43
44
45
46
47
48
49
50
		5	3		Bloqueado		Bloqueado
		4	3		4 - 3
18
19
20
21
22
23
24
25
26
27
28
29
30
31
32
33
34
35
36
37
		4	2		4 - 1 - 2
77
78
79
80
81
82
83
84
85
86
87
88
89
90
91
92
93
94
95
96
		4	1		4 - 1
31
32
33
34
35
36
37
38
39
40
41
42
43
44
45
46
47
48
49
50
		5	4		5 - 4
41
42
43
44
45
46
47
48
49
50
51
52
53
54
55
56
57
58
59
60
		1	3		1 - 4 - 3
39
40
41
42
43
44
45
46
47
48
49
50
51
52
53
54
55
56
57
58


Solucion numero: 4
Cantidad de bloqueados: 4
Fitness: 840
Ranuras 	Origen 	Destino 	Ruta
		0	1		0 - 1
72
73
74
75
76
77
78
79
80
81
82
83
84
85
86
87
88
89
90
91
		0	3		0 - 1 - 2 - 3
32
33
34
35
36
37
38
39
40
41
42
43
44
45
46
47
48
49
50
51
		0	5		0 - 5
48
49
50
51
52
53
54
55
56
57
58
59
60
61
62
63
64
65
66
67
		1	0		1 - 0
53
54
55
56
57
58
59
60
61
62
63
64
65
66
67
68
69
70
71
72
		1	2		1 - 2
5
6
7
8
9
10
11
12
13
14
15
16
17
18
19
20
21
22
23
24
		2	1		2 - 1
68
69
70
71
72
73
74
75
76
77
78
79
80
81
82
83
84
85
86
87
		2	3		2 - 3
57
58
59
60
61
62
63
64
65
66
67
68
69
70
71
72
73
74
75
76
		2	5		2 - 1 - 0 - 5
5
6
7
8
9
10
11
12
13
14
15
16
17
18
19
20
21
22
23
24
		3	0		3 - 2 - 1 - 0
25
26
27
28
29
30
31
32
33
34
35
36
37
38
39
40
41
42
43
44
		1	4		1 - 4
3
4
5
6
7
8
9
10
11
12
13
14
15
16
17
18
19
20
21
22
		1	5		1 - 0 - 5
76
77
78
79
80
81
82
83
84
85
86
87
88
89
90
91
92
93
94
95
		5	1		5 - 0 - 1
12
13
14
15
16
17
18
19
20
21
22
23
24
25
26
27
28
29
30
31
		0	4		0 - 1 - 4
52
53
54
55
56
57
58
59
60
61
62
63
64
65
66
67
68
69
70
71
		3	2		3 - 2
80
81
82
83
84
85
86
87
88
89
90
91
92
93
94
95
96
97
98
99
		4	5		4 - 5
27
28
29
30
31
32
33
34
35
36
37
38
39
40
41
42
43
44
45
46
		3	1		3 - 4 - 1
39
40
41
42
43
44
45
46
47
48
49
50
51
52
53
54
55
56
57
58
		3	5		Bloqueado		Bloqueado
		5	2		5 - 4 - 1 - 2
65
66
67
68
69
70
71
72
73
74
75
76
77
78
79
80
81
82
83
84
		5	0		5 - 0
71
72
73
74
75
76
77
78
79
80
81
82
83
84
85
86
87
88
89
90
		4	0		4 - 5 - 0
51
52
53
54
55
56
57
58
59
60
61
62
63
64
65
66
67
68
69
70
		2	4		2 - 3 - 4
1
2
3
4
5
6
7
8
9
10
11
12
13
14
15
16
17
18
19
20
		0	2		Bloqueado		Bloqueado
		2	0		Bloqueado		Bloqueado
		3	4		3 - 4
79
80
81
82
83
84
85
86
87
88
89
90
91
92
93
94
95
96
97
98
		5	3		Bloqueado		Bloqueado
		4	3		4 - 3
68
69
70
71
72
73
74
75
76
77
78
79
80
81
82
83
84
85
86
87
		4	2		4 - 3 - 2
47
48
49
50
51
52
53
54
55
56
57
58
59
60
61
62
63
64
65
66
		4	1		4 - 1
11
12
13
14
15
16
17
18
19
20
21
22
23
24
25
26
27
28
29
30
		5	4		5 - 4
16
17
18
19
20
21
22
23
24
25
26
27
28
29
30
31
32
33
34
35
		1	3		1 - 4 - 3
24
25
26
27
28
29
30
31
32
33
34
35
36
37
38
39
40
41
42
43


Solucion numero: 5
Cantidad de bloqueados: 5
Fitness: 800
Ranuras 	Origen 	Destino 	Ruta
		0	1		0 - 1
37
38
39
40
41
42
43
44
45
46
47
48
49
50
51
52
53
54
55
56
		0	3		0 - 1 - 2 - 3
60
61
62
63
64
65
66
67
68
69
70
71
72
73
74
75
76
77
78
79
		0	5		0 - 5
18
19
20
21
22
23
24
25
26
27
28
29
30
31
32
33
34
35
36
37
		1	0		1 - 0
24
25
26
27
28
29
30
31
32
33
34
35
36
37
38
39
40
41
42
43
		1	2		1 - 2
80
81
82
83
84
85
86
87
88
89
90
91
92
93
94
95
96
97
98
99
		2	1		2 - 1
54
55
56
57
58
59
60
61
62
63
64
65
66
67
68
69
70
71
72
73
		2	3		2 - 3
25
26
27
28
29
30
31
32
33
34
35
36
37
38
39
40
41
42
43
44
		2	5		2 - 1 - 0 - 5
74
75
76
77
78
79
80
81
82
83
84
85
86
87
88
89
90
91
92
93
		3	0		3 - 2 - 1 - 0
1
2
3
4
5
6
7
8
9
10
11
12
13
14
15
16
17
18
19
20
		1	4		1 - 4
77
78
79
80
81
82
83
84
85
86
87
88
89
90
91
92
93
94
95
96
		1	5		1 - 0 - 5
48
49
50
51
52
53
54
55
56
57
58
59
60
61
62
63
64
65
66
67
		5	1		5 - 0 - 1
7
8
9
10
11
12
13
14
15
16
17
18
19
20
21
22
23
24
25
26
		0	4		Bloqueado		Bloqueado
		3	2		3 - 2
47
48
49
50
51
52
53
54
55
56
57
58
59
60
61
62
63
64
65
66
		4	5		4 - 5
14
15
16
17
18
19
20
21
22
23
24
25
26
27
28
29
30
31
32
33
		3	1		3 - 2 - 1
25
26
27
28
29
30
31
32
33
34
35
36
37
38
39
40
41
42
43
44
		3	5		Bloqueado		Bloqueado
		5	2		5 - 4 - 1 - 2
5
6
7
8
9
10
11
12
13
14
15
16
17
18
19
20
21
22
23
24
		5	0		5 - 0
45
46
47
48
49
50
51
52
53
54
55
56
57
58
59
60
61
62
63
64
		4	0		4 - 5 - 0
72
73
74
75
76
77
78
79
80
81
82
83
84
85
86
87
88
89
90
91
		2	4		2 - 3 - 4
5
6
7
8
9
10
11
12
13
14
15
16
17
18
19
20
21
22
23
24
		0	2		Bloqueado		Bloqueado
		2	0		Bloqueado		Bloqueado
		3	4		3 - 4
55
56
57
58
59
60
61
62
63
64
65
66
67
68
69
70
71
72
73
74
		5	3		Bloqueado		Bloqueado
		4	3		4 - 3
10
11
12
13
14
15
16
17
18
19
20
21
22
23
24
25
26
27
28
29
		4	2		4 - 1 - 2
29
30
31
32
33
34
35
36
37
38
39
40
41
42
43
44
45
46
47
48
		4	1		4 - 1
61
62
63
64
65
66
67
68
69
70
71
72
73
74
75
76
77
78
79
80
		5	4		5 - 4
32
33
34
35
36
37
38
39
40
41
42
43
44
45
46
47
48
49
50
51
		1	3		1 - 4 - 3
34
35
36
37
38
39
40
41
42
43
44
45
46
47
48
49
50
51
52
53


Tiempo Total: 10