
Solucion numero: 1
Cantidad de bloqueados: 5
Fitness: 780
Ranuras 	Origen 	Destino 	Ruta
		0	1		0 - 1
10
11
12
13
14
15
16
17
18
19
20
21
22
23
24
25
26
27
28
29
		0	3		0 - 1 - 2 - 3
47
48
49
50
51
52
53
54
55
56
57
58
59
60
61
62
63
64
65
66
		0	5		0 - 5
16
17
18
19
20
21
22
23
24
25
26
27
28
29
30
31
32
33
34
35
		1	0		1 - 0
21
22
23
24
25
26
27
28
29
30
31
32
33
34
35
36
37
38
39
40
		1	2		1 - 2
18
19
20
21
22
23
24
25
26
27
28
29
30
31
32
33
34
35
36
37
		2	1		2 - 1
60
61
62
63
64
65
66
67
68
69
70
71
72
73
74
75
76
77
78
79
		2	3		2 - 3
79
80
81
82
83
84
85
86
87
88
89
90
91
92
93
94
95
96
97
98
		2	5		2 - 1 - 4 - 5
0
1
2
3
4
5
6
7
8
9
10
11
12
13
14
15
16
17
18
19
		3	0		3 - 4 - 1 - 0
70
71
72
73
74
75
76
77
78
79
80
81
82
83
84
85
86
87
88
89
		4	0		4 - 1 - 0
0
1
2
3
4
5
6
7
8
9
10
11
12
13
14
15
16
17
18
19
		1	3		1 - 4 - 3
54
55
56
57
58
59
60
61
62
63
64
65
66
67
68
69
70
71
72
73
		2	4		2 - 1 - 4
29
30
31
32
33
34
35
36
37
38
39
40
41
42
43
44
45
46
47
48
		0	2		0 - 1 - 2
68
69
70
71
72
73
74
75
76
77
78
79
80
81
82
83
84
85
86
87
		5	2		Bloqueado		Bloqueado
		5	0		5 - 0
25
26
27
28
29
30
31
32
33
34
35
36
37
38
39
40
41
42
43
44
		3	4		3 - 4
11
12
13
14
15
16
17
18
19
20
21
22
23
24
25
26
27
28
29
30
		4	5		4 - 5
77
78
79
80
81
82
83
84
85
86
87
88
89
90
91
92
93
94
95
96
		0	4		0 - 5 - 4
78
79
80
81
82
83
84
85
86
87
88
89
90
91
92
93
94
95
96
97
		4	3		4 - 3
26
27
28
29
30
31
32
33
34
35
36
37
38
39
40
41
42
43
44
45
		3	2		3 - 2
34
35
36
37
38
39
40
41
42
43
44
45
46
47
48
49
50
51
52
53
		5	4		5 - 4
33
34
35
36
37
38
39
40
41
42
43
44
45
46
47
48
49
50
51
52
		1	5		1 - 0 - 5
41
42
43
44
45
46
47
48
49
50
51
52
53
54
55
56
57
58
59
60
		3	5		Bloqueado		Bloqueado
		2	0		Bloqueado		Bloqueado
		3	1		3 - 2 - 1
80
81
82
83
84
85
86
87
88
89
90
91
92
93
94
95
96
97
98
99
		4	2		4 - 3 - 2
2
3
4
5
6
7
8
9
10
11
12
13
14
15
16
17
18
19
20
21
		5	1		Bloqueado		Bloqueado
		4	1		4 - 1
31
32
33
34
35
36
37
38
39
40
41
42
43
44
45
46
47
48
49
50
		1	4		1 - 4
75
76
77
78
79
80
81
82
83
84
85
86
87
88
89
90
91
92
93
94
		5	3		Bloqueado		Bloqueado


Solucion numero: 2
Cantidad de bloqueados: 4
Fitness: 880
Ranuras 	Origen 	Destino 	Ruta
		0	1		0 - 1
57
58
59
60
61
62
63
64
65
66
67
68
69
70
71
72
73
74
75
76
		0	3		0 - 1 - 2 - 3
4
5
6
7
8
9
10
11
12
13
14
15
16
17
18
19
20
21
22
23
		0	5		0 - 5
8
9
10
11
12
13
14
15
16
17
18
19
20
21
22
23
24
25
26
27
		1	0		1 - 0
44
45
46
47
48
49
50
51
52
53
54
55
56
57
58
59
60
61
62
63
		1	2		1 - 2
50
51
52
53
54
55
56
57
58
59
60
61
62
63
64
65
66
67
68
69
		2	1		2 - 1
43
44
45
46
47
48
49
50
51
52
53
54
55
56
57
58
59
60
61
62
		2	3		2 - 3
73
74
75
76
77
78
79
80
81
82
83
84
85
86
87
88
89
90
91
92
		2	5		2 - 1 - 0 - 5
66
67
68
69
70
71
72
73
74
75
76
77
78
79
80
81
82
83
84
85
		3	0		3 - 2 - 1 - 0
12
13
14
15
16
17
18
19
20
21
22
23
24
25
26
27
28
29
30
31
		4	0		4 - 5 - 0
13
14
15
16
17
18
19
20
21
22
23
24
25
26
27
28
29
30
31
32
		1	3		1 - 2 - 3
24
25
26
27
28
29
30
31
32
33
34
35
36
37
38
39
40
41
42
43
		2	4		2 - 3 - 4
53
54
55
56
57
58
59
60
61
62
63
64
65
66
67
68
69
70
71
72
		0	2		0 - 1 - 2
77
78
79
80
81
82
83
84
85
86
87
88
89
90
91
92
93
94
95
96
		5	2		5 - 0 - 1 - 4 - 3 - 2
36
37
38
39
40
41
42
43
44
45
46
47
48
49
50
51
52
53
54
55
		5	0		5 - 0
69
70
71
72
73
74
75
76
77
78
79
80
81
82
83
84
85
86
87
88
		3	4		3 - 4
33
34
35
36
37
38
39
40
41
42
43
44
45
46
47
48
49
50
51
52
		4	5		4 - 5
70
71
72
73
74
75
76
77
78
79
80
81
82
83
84
85
86
87
88
89
		0	4		0 - 5 - 4
36
37
38
39
40
41
42
43
44
45
46
47
48
49
50
51
52
53
54
55
		4	3		4 - 3
1
2
3
4
5
6
7
8
9
10
11
12
13
14
15
16
17
18
19
20
		3	2		3 - 2
57
58
59
60
61
62
63
64
65
66
67
68
69
70
71
72
73
74
75
76
		5	4		5 - 4
64
65
66
67
68
69
70
71
72
73
74
75
76
77
78
79
80
81
82
83
		1	5		Bloqueado		Bloqueado
		3	5		Bloqueado		Bloqueado
		2	0		Bloqueado		Bloqueado
		3	1		3 - 4 - 1
77
78
79
80
81
82
83
84
85
86
87
88
89
90
91
92
93
94
95
96
		4	2		4 - 3 - 2
79
80
81
82
83
84
85
86
87
88
89
90
91
92
93
94
95
96
97
98
		5	1		5 - 4 - 1
14
15
16
17
18
19
20
21
22
23
24
25
26
27
28
29
30
31
32
33
		4	1		4 - 1
53
54
55
56
57
58
59
60
61
62
63
64
65
66
67
68
69
70
71
72
		1	4		1 - 4
9
10
11
12
13
14
15
16
17
18
19
20
21
22
23
24
25
26
27
28
		5	3		Bloqueado		Bloqueado


Solucion numero: 3
Cantidad de bloqueados: 6
Fitness: 800
Ranuras 	Origen 	Destino 	Ruta
		0	1		0 - 1
65
66
67
68
69
70
71
72
73
74
75
76
77
78
79
80
81
82
83
84
		0	3		0 - 1 - 2 - 3
31
32
33
34
35
36
37
38
39
40
41
42
43
44
45
46
47
48
49
50
		0	5		0 - 5
76
77
78
79
80
81
82
83
84
85
86
87
88
89
90
91
92
93
94
95
		1	0		1 - 0
68
69
70
71
72
73
74
75
76
77
78
79
80
81
82
83
84
85
86
87
		1	2		1 - 2
78
79
80
81
82
83
84
85
86
87
88
89
90
91
92
93
94
95
96
97
		2	1		2 - 1
58
59
60
61
62
63
64
65
66
67
68
69
70
71
72
73
74
75
76
77
		2	3		2 - 3
70
71
72
73
74
75
76
77
78
79
80
81
82
83
84
85
86
87
88
89
		2	5		2 - 1 - 0 - 5
27
28
29
30
31
32
33
34
35
36
37
38
39
40
41
42
43
44
45
46
		3	0		3 - 2 - 1 - 0
5
6
7
8
9
10
11
12
13
14
15
16
17
18
19
20
21
22
23
24
		4	0		4 - 1 - 0
47
48
49
50
51
52
53
54
55
56
57
58
59
60
61
62
63
64
65
66
		1	3		1 - 2 - 3
3
4
5
6
7
8
9
10
11
12
13
14
15
16
17
18
19
20
21
22
		2	4		Bloqueado		Bloqueado
		0	2		Bloqueado		Bloqueado
		5	2		Bloqueado		Bloqueado
		5	0		5 - 0
48
49
50
51
52
53
54
55
56
57
58
59
60
61
62
63
64
65
66
67
		3	4		3 - 4
16
17
18
19
20
21
22
23
24
25
26
27
28
29
30
31
32
33
34
35
		4	5		4 - 5
4
5
6
7
8
9
10
11
12
13
14
15
16
17
18
19
20
21
22
23
		0	4		0 - 1 - 4
3
4
5
6
7
8
9
10
11
12
13
14
15
16
17
18
19
20
21
22
		4	3		4 - 3
73
74
75
76
77
78
79
80
81
82
83
84
85
86
87
88
89
90
91
92
		3	2		3 - 2
69
70
71
72
73
74
75
76
77
78
79
80
81
82
83
84
85
86
87
88
		5	4		5 - 4
27
28
29
30
31
32
33
34
35
36
37
38
39
40
41
42
43
44
45
46
		1	5		1 - 4 - 5
42
43
44
45
46
47
48
49
50
51
52
53
54
55
56
57
58
59
60
61
		3	5		Bloqueado		Bloqueado
		2	0		2 - 1 - 4 - 5 - 0
80
81
82
83
84
85
86
87
88
89
90
91
92
93
94
95
96
97
98
99
		3	1		3 - 4 - 1
67
68
69
70
71
72
73
74
75
76
77
78
79
80
81
82
83
84
85
86
		4	2		4 - 3 - 2
49
50
51
52
53
54
55
56
57
58
59
60
61
62
63
64
65
66
67
68
		5	1		5 - 4 - 1
4
5
6
7
8
9
10
11
12
13
14
15
16
17
18
19
20
21
22
23
		4	1		4 - 1
24
25
26
27
28
29
30
31
32
33
34
35
36
37
38
39
40
41
42
43
		1	4		Bloqueado		Bloqueado
		5	3		Bloqueado		Bloqueado


Solucion numero: 4
Cantidad de bloqueados: 6
Fitness: 800
Ranuras 	Origen 	Destino 	Ruta
		0	1		0 - 1
2
3
4
5
6
7
8
9
10
11
12
13
14
15
16
17
18
19
20
21
		0	3		0 - 1 - 2 - 3
41
42
43
44
45
46
47
48
49
50
51
52
53
54
55
56
57
58
59
60
		0	5		0 - 5
11
12
13
14
15
16
17
18
19
20
21
22
23
24
25
26
27
28
29
30
		1	0		1 - 0
53
54
55
56
57
58
59
60
61
62
63
64
65
66
67
68
69
70
71
72
		1	2		1 - 2
3
4
5
6
7
8
9
10
11
12
13
14
15
16
17
18
19
20
21
22
		2	1		2 - 1
44
45
46
47
48
49
50
51
52
53
54
55
56
57
58
59
60
61
62
63
		2	3		2 - 3
20
21
22
23
24
25
26
27
28
29
30
31
32
33
34
35
36
37
38
39
		2	5		2 - 1 - 0 - 5
79
80
81
82
83
84
85
86
87
88
89
90
91
92
93
94
95
96
97
98
		3	0		3 - 2 - 1 - 0
9
10
11
12
13
14
15
16
17
18
19
20
21
22
23
24
25
26
27
28
		4	0		4 - 1 - 0
30
31
32
33
34
35
36
37
38
39
40
41
42
43
44
45
46
47
48
49
		1	3		1 - 2 - 3
70
71
72
73
74
75
76
77
78
79
80
81
82
83
84
85
86
87
88
89
		2	4		2 - 3 - 4
0
1
2
3
4
5
6
7
8
9
10
11
12
13
14
15
16
17
18
19
		0	2		0 - 1 - 4 - 3 - 2
73
74
75
76
77
78
79
80
81
82
83
84
85
86
87
88
89
90
91
92
		5	2		Bloqueado		Bloqueado
		5	0		5 - 0
22
23
24
25
26
27
28
29
30
31
32
33
34
35
36
37
38
39
40
41
		3	4		3 - 4
23
24
25
26
27
28
29
30
31
32
33
34
35
36
37
38
39
40
41
42
		4	5		4 - 5
32
33
34
35
36
37
38
39
40
41
42
43
44
45
46
47
48
49
50
51
		0	4		0 - 5 - 4
33
34
35
36
37
38
39
40
41
42
43
44
45
46
47
48
49
50
51
52
		4	3		4 - 3
37
38
39
40
41
42
43
44
45
46
47
48
49
50
51
52
53
54
55
56
		3	2		3 - 2
53
54
55
56
57
58
59
60
61
62
63
64
65
66
67
68
69
70
71
72
		5	4		5 - 4
63
64
65
66
67
68
69
70
71
72
73
74
75
76
77
78
79
80
81
82
		1	5		1 - 4 - 5
12
13
14
15
16
17
18
19
20
21
22
23
24
25
26
27
28
29
30
31
		3	5		Bloqueado		Bloqueado
		2	0		Bloqueado		Bloqueado
		3	1		3 - 4 - 1
68
69
70
71
72
73
74
75
76
77
78
79
80
81
82
83
84
85
86
87
		4	2		Bloqueado		Bloqueado
		5	1		5 - 4 - 1
10
11
12
13
14
15
16
17
18
19
20
21
22
23
24
25
26
27
28
29
		4	1		Bloqueado		Bloqueado
		1	4		1 - 4
37
38
39
40
41
42
43
44
45
46
47
48
49
50
51
52
53
54
55
56
		5	3		Bloqueado		Bloqueado


Solucion numero: 5
Cantidad de bloqueados: 7
Fitness: 720
Ranuras 	Origen 	Destino 	Ruta
		0	1		0 - 1
58
59
60
61
62
63
64
65
66
67
68
69
70
71
72
73
74
75
76
77
		0	3		0 - 1 - 2 - 3
10
11
12
13
14
15
16
17
18
19
20
21
22
23
24
25
26
27
28
29
		0	5		0 - 5
32
33
34
35
36
37
38
39
40
41
42
43
44
45
46
47
48
49
50
51
		1	0		1 - 0
68
69
70
71
72
73
74
75
76
77
78
79
80
81
82
83
84
85
86
87
		1	2		1 - 2
65
66
67
68
69
70
71
72
73
74
75
76
77
78
79
80
81
82
83
84
		2	1		2 - 1
3
4
5
6
7
8
9
10
11
12
13
14
15
16
17
18
19
20
21
22
		2	3		2 - 3
70
71
72
73
74
75
76
77
78
79
80
81
82
83
84
85
86
87
88
89
		2	5		2 - 1 - 4 - 5
80
81
82
83
84
85
86
87
88
89
90
91
92
93
94
95
96
97
98
99
		3	0		3 - 2 - 1 - 0
39
40
41
42
43
44
45
46
47
48
49
50
51
52
53
54
55
56
57
58
		4	0		4 - 1 - 0
9
10
11
12
13
14
15
16
17
18
19
20
21
22
23
24
25
26
27
28
		1	3		1 - 2 - 3
42
43
44
45
46
47
48
49
50
51
52
53
54
55
56
57
58
59
60
61
		2	4		2 - 1 - 4
59
60
61
62
63
64
65
66
67
68
69
70
71
72
73
74
75
76
77
78
		0	2		Bloqueado		Bloqueado
		5	2		Bloqueado		Bloqueado
		5	0		5 - 0
58
59
60
61
62
63
64
65
66
67
68
69
70
71
72
73
74
75
76
77
		3	4		3 - 4
11
12
13
14
15
16
17
18
19
20
21
22
23
24
25
26
27
28
29
30
		4	5		4 - 5
4
5
6
7
8
9
10
11
12
13
14
15
16
17
18
19
20
21
22
23
		0	4		0 - 1 - 4
33
34
35
36
37
38
39
40
41
42
43
44
45
46
47
48
49
50
51
52
		4	3		4 - 3
75
76
77
78
79
80
81
82
83
84
85
86
87
88
89
90
91
92
93
94
		3	2		3 - 2
62
63
64
65
66
67
68
69
70
71
72
73
74
75
76
77
78
79
80
81
		5	4		5 - 4
57
58
59
60
61
62
63
64
65
66
67
68
69
70
71
72
73
74
75
76
		1	5		Bloqueado		Bloqueado
		3	5		Bloqueado		Bloqueado
		2	0		Bloqueado		Bloqueado
		3	1		3 - 4 - 1
73
74
75
76
77
78
79
80
81
82
83
84
85
86
87
88
89
90
91
92
		4	2		4 - 3 - 2
6
7
8
9
10
11
12
13
14
15
16
17
18
19
20
21
22
23
24
25
		5	1		5 - 4 - 1
35
36
37
38
39
40
41
42
43
44
45
46
47
48
49
50
51
52
53
54
		4	1		Bloqueado		Bloqueado
		1	4		1 - 4
1
2
3
4
5
6
7
8
9
10
11
12
13
14
15
16
17
18
19
20
		5	3		Bloqueado		Bloqueado


Tiempo Total: 20