01	0	1	0-1	38	1	38
02	0	2	0-2	52	1	52
03	0	3	0-1-3	62	2	124
04	0	4	0-1-3-4	143	3	429
05	0	5	0-2-5	146	2	292
06	0	6	0-2-5-6	81	3	243
07	0	7	0-1-7	4	2	8
08	0	8	0-1-7-8	52	3	156
09	0	9	0-1-7-9	39	3	117
010	0	10	0-2-5-10	38	3	114
011	0	11	0-1-7-8-11	76	4	304
012	0	12	0-1-7-8-11-12	39	5	195
013	0	13	0-1-7-9-14-13	80	5	400
014	0	14	0-1-7-9-14	49	4	196
015	0	15	0-2-5-10-15	55	4	220
016	0	16	0-1-7-8-11-12-16	50	6	300
017	0	17	0-2-5-10-15-17	122	5	610
018	0	18	0-1-7-8-11-12-16-18	123	7	861
019	0	19	0-2-5-10-15-17-19	120	6	720
020	0	20	0-2-5-10-15-17-19-20	45	7	315
10	1	0	1-0	58	1	58
12	1	2	1-2	56	1	56
13	1	3	1-3	77	1	77
14	1	4	1-3-4	109	2	218
15	1	5	1-2-5	57	2	114
16	1	6	1-7-6	56	2	112
17	1	7	1-7	28	1	28
18	1	8	1-7-8	15	2	30
19	1	9	1-7-9	85	2	170
110	1	10	1-2-5-10	88	3	264
111	1	11	1-7-8-11	31	3	93
112	1	12	1-7-8-11-12	50	4	200
113	1	13	1-7-9-14-13	117	4	468
114	1	14	1-7-9-14	112	3	336
115	1	15	1-7-9-14-15	93	4	372
116	1	16	1-7-8-11-12-16	14	5	70
117	1	17	1-7-9-14-15-17	10	5	50
118	1	18	1-7-8-11-12-16-18	28	6	168
119	1	19	1-7-9-14-15-17-19	34	6	204
120	1	20	1-7-8-11-12-16-18-20	64	7	448
20	2	0	2-0	63	1	63
21	2	1	2-1	56	1	56
23	2	3	2-1-3	126	2	252
24	2	4	2-5-4	84	2	168
25	2	5	2-5	143	1	143
26	2	6	2-5-6	137	2	274
27	2	7	2-1-7	73	2	146
28	2	8	2-1-7-8	134	3	402
29	2	9	2-1-7-9	100	3	300
210	2	10	2-5-10	119	2	238
211	2	11	2-1-7-8-11	24	4	96
212	2	12	2-1-7-8-11-12	86	5	430
213	2	13	2-5-10-15-14-13	148	5	740
214	2	14	2-5-10-15-14	23	4	92
215	2	15	2-5-10-15	95	3	285
216	2	16	2-1-7-8-11-12-16	135	6	810
217	2	17	2-5-10-15-17	127	4	508
218	2	18	2-1-7-8-11-12-16-18	136	7	952
219	2	19	2-5-10-15-17-19	103	5	515
220	2	20	2-5-10-15-17-19-20	104	6	624
30	3	0	3-1-0	76	2	152
31	3	1	3-1	88	1	88
32	3	2	3-1-2	105	2	210
34	3	4	3-4	23	1	23
35	3	5	3-4-5	76	2	152
36	3	6	3-4-5-6	0	3	0
37	3	7	3-1-7	126	2	252
38	3	8	3-1-7-8	22	3	66
39	3	9	3-1-7-9	22	3	66
310	3	10	3-4-5-10	33	3	99
311	3	11	3-1-7-8-11	24	4	96
312	3	12	3-1-7-8-11-12	40	5	200
313	3	13	3-1-7-9-14-13	67	5	335
314	3	14	3-1-7-9-14	1	4	4
315	3	15	3-4-5-10-15	52	4	208
316	3	16	3-1-7-8-11-12-16	58	6	348
317	3	17	3-4-5-10-15-17	52	5	260
318	3	18	3-1-7-8-11-12-16-18	131	7	917
319	3	19	3-4-5-10-15-17-19	65	6	390
320	3	20	3-4-5-10-15-17-19-20	44	7	308
40	4	0	4-3-1-0	63	3	189
41	4	1	4-3-1	22	2	44
42	4	2	4-5-2	101	2	202
43	4	3	4-3	77	1	77
45	4	5	4-5	70	1	70
46	4	6	4-5-6	80	2	160
47	4	7	4-3-1-7	147	3	441
48	4	8	4-3-1-7-8	26	4	104
49	4	9	4-3-1-7-9	47	4	188
410	4	10	4-5-10	137	2	274
411	4	11	4-3-1-7-8-11	104	5	520
412	4	12	4-3-1-7-8-11-12	113	6	678
413	4	13	4-5-10-15-14-13	124	5	620
414	4	14	4-5-10-15-14	30	4	120
415	4	15	4-5-10-15	28	3	84
416	4	16	4-3-1-7-8-11-12-16	32	7	224
417	4	17	4-5-10-15-17	4	4	16
418	4	18	4-5-10-15-17-19-20-18	18	7	126
419	4	19	4-5-10-15-17-19	26	5	130
420	4	20	4-5-10-15-17-19-20	81	6	486
50	5	0	5-2-0	46	2	92
51	5	1	5-2-1	43	2	86
52	5	2	5-2	35	1	35
53	5	3	5-4-3	119	2	238
54	5	4	5-4	126	1	126
56	5	6	5-6	117	1	117
57	5	7	5-6-7	31	2	62
58	5	8	5-6-7-8	13	3	39
59	5	9	5-6-7-9	38	3	114
510	5	10	5-10	9	1	9
511	5	11	5-6-7-8-11	98	4	392
512	5	12	5-6-7-8-11-12	57	5	285
513	5	13	5-10-15-14-13	13	4	52
514	5	14	5-10-15-14	110	3	330
515	5	15	5-10-15	60	2	120
516	5	16	5-6-7-8-11-12-16	105	6	630
517	5	17	5-10-15-17	14	3	42
518	5	18	5-10-15-17-19-20-18	88	6	528
519	5	19	5-10-15-17-19	22	4	88
520	5	20	5-10-15-17-19-20	136	5	680
60	6	0	6-7-1-0	95	3	285
61	6	1	6-7-1	145	2	290
62	6	2	6-5-2	83	2	166
63	6	3	6-7-1-3	26	3	78
64	6	4	6-5-4	17	2	34
65	6	5	6-5	77	1	77
67	6	7	6-7	133	1	133
68	6	8	6-7-8	82	2	164
69	6	9	6-7-9	115	2	230
610	6	10	6-5-10	97	2	194
611	6	11	6-7-8-11	22	3	66
612	6	12	6-7-8-11-12	130	4	520
613	6	13	6-7-9-14-13	50	4	200
614	6	14	6-7-9-14	11	3	33
615	6	15	6-5-10-15	4	3	12
616	6	16	6-7-8-11-12-16	97	5	485
617	6	17	6-5-10-15-17	30	4	120
618	6	18	6-7-8-11-12-16-18	19	6	114
619	6	19	6-5-10-15-17-19	3	5	15
620	6	20	6-5-10-15-17-19-20	79	6	474
70	7	0	7-1-0	115	2	230
71	7	1	7-1	17	1	17
72	7	2	7-1-2	51	2	102
73	7	3	7-1-3	28	2	56
74	7	4	7-1-3-4	97	3	291
75	7	5	7-6-5	127	2	254
76	7	6	7-6	8	1	8
78	7	8	7-8	97	1	97
79	7	9	7-9	74	1	74
710	7	10	7-6-5-10	28	3	84
711	7	11	7-8-11	16	2	32
712	7	12	7-8-11-12	6	3	18
713	7	13	7-9-14-13	64	3	192
714	7	14	7-9-14	57	2	114
715	7	15	7-9-14-15	66	3	198
716	7	16	7-8-11-12-16	116	4	464
717	7	17	7-9-14-15-17	144	4	576
718	7	18	7-8-11-12-16-18	127	5	635
719	7	19	7-9-14-15-17-19	50	5	250
720	7	20	7-8-11-12-16-18-20	44	6	264
80	8	0	8-7-1-0	10	3	30
81	8	1	8-7-1	33	2	66
82	8	2	8-7-1-2	69	3	207
83	8	3	8-7-1-3	136	3	408
84	8	4	8-7-1-3-4	123	4	492
85	8	5	8-7-6-5	76	3	228
86	8	6	8-7-6	6	2	12
87	8	7	8-7	106	1	106
89	8	9	8-7-9	98	2	196
810	8	10	8-7-6-5-10	39	4	156
811	8	11	8-11	38	1	38
812	8	12	8-11-12	106	2	212
813	8	13	8-11-12-13	31	3	93
814	8	14	8-7-9-14	48	3	144
815	8	15	8-7-9-14-15	61	4	244
816	8	16	8-11-12-16	114	3	342
817	8	17	8-7-9-14-15-17	98	5	490
818	8	18	8-11-12-16-18	26	4	104
819	8	19	8-7-9-14-15-17-19	22	6	132
820	8	20	8-11-12-16-18-20	5	5	25
90	9	0	9-7-1-0	6	3	18
91	9	1	9-7-1	35	2	70
92	9	2	9-7-1-2	145	3	435
93	9	3	9-7-1-3	96	3	288
94	9	4	9-7-1-3-4	73	4	292
95	9	5	9-7-6-5	113	3	339
96	9	6	9-7-6	120	2	240
97	9	7	9-7	29	1	29
98	9	8	9-7-8	122	2	244
910	9	10	9-14-15-10	90	3	270
911	9	11	9-7-8-11	41	3	123
912	9	12	9-14-13-12	46	3	138
913	9	13	9-14-13	115	2	230
914	9	14	9-14	136	1	136
915	9	15	9-14-15	29	2	58
916	9	16	9-14-13-12-16	18	4	72
917	9	17	9-14-15-17	47	3	141
918	9	18	9-14-13-12-16-18	10	5	50
919	9	19	9-14-15-17-19	1	4	4
920	9	20	9-14-15-17-19-20	26	5	130
100	10	0	10-5-2-0	96	3	288
101	10	1	10-5-2-1	31	3	93
102	10	2	10-5-2	11	2	22
103	10	3	10-5-4-3	0	3	0
104	10	4	10-5-4	143	2	286
105	10	5	10-5	37	1	37
106	10	6	10-5-6	107	2	214
107	10	7	10-5-6-7	97	3	291
108	10	8	10-5-6-7-8	120	4	480
109	10	9	10-15-14-9	99	3	297
1011	10	11	10-15-14-13-12-11	85	5	425
1012	10	12	10-15-14-13-12	88	4	352
1013	10	13	10-15-14-13	143	3	429
1014	10	14	10-15-14	83	2	166
1015	10	15	10-15	51	1	51
1016	10	16	10-15-14-13-12-16	114	5	570
1017	10	17	10-15-17	57	2	114
1018	10	18	10-15-17-19-20-18	146	5	730
1019	10	19	10-15-17-19	81	3	243
1020	10	20	10-15-17-19-20	75	4	300
110	11	0	11-8-7-1-0	141	4	564
111	11	1	11-8-7-1	65	3	195
112	11	2	11-8-7-1-2	51	4	204
113	11	3	11-8-7-1-3	111	4	444
114	11	4	11-8-7-1-3-4	21	5	105
115	11	5	11-8-7-6-5	136	4	544
116	11	6	11-8-7-6	48	3	144
117	11	7	11-8-7	61	2	122
118	11	8	11-8	27	1	27
119	11	9	11-8-7-9	96	3	288
1110	11	10	11-12-13-14-15-10	30	5	150
1112	11	12	11-12	135	1	135
1113	11	13	11-12-13	104	2	208
1114	11	14	11-12-13-14	55	3	165
1115	11	15	11-12-13-14-15	33	4	132
1116	11	16	11-12-16	87	2	174
1117	11	17	11-12-13-14-15-17	76	5	380
1118	11	18	11-12-16-18	120	3	360
1119	11	19	11-12-16-18-20-19	9	5	45
1120	11	20	11-12-16-18-20	32	4	128
120	12	0	12-11-8-7-1-0	114	5	570
121	12	1	12-11-8-7-1	131	4	524
122	12	2	12-11-8-7-1-2	131	5	655
123	12	3	12-11-8-7-1-3	112	5	560
124	12	4	12-11-8-7-1-3-4	86	6	516
125	12	5	12-11-8-7-6-5	145	5	725
126	12	6	12-11-8-7-6	40	4	160
127	12	7	12-11-8-7	32	3	96
128	12	8	12-11-8	30	2	60
129	12	9	12-13-14-9	23	3	69
1210	12	10	12-13-14-15-10	58	4	232
1211	12	11	12-11	65	1	65
1213	12	13	12-13	146	1	146
1214	12	14	12-13-14	49	2	98
1215	12	15	12-13-14-15	135	3	405
1216	12	16	12-16	118	1	118
1217	12	17	12-13-14-15-17	48	4	192
1218	12	18	12-16-18	86	2	172
1219	12	19	12-16-18-20-19	102	4	408
1220	12	20	12-16-18-20	15	3	45
130	13	0	13-14-9-7-1-0	33	5	165
131	13	1	13-14-9-7-1	75	4	300
132	13	2	13-14-9-7-1-2	10	5	50
133	13	3	13-14-9-7-1-3	29	5	145
134	13	4	13-14-15-10-5-4	102	5	510
135	13	5	13-14-15-10-5	83	4	332
136	13	6	13-14-9-7-6	61	4	244
137	13	7	13-14-9-7	59	3	177
138	13	8	13-12-11-8	34	3	102
139	13	9	13-14-9	120	2	240
1310	13	10	13-14-15-10	76	3	228
1311	13	11	13-12-11	134	2	268
1312	13	12	13-12	72	1	72
1314	13	14	13-14	77	1	77
1315	13	15	13-14-15	77	2	154
1316	13	16	13-12-16	63	2	126
1317	13	17	13-14-15-17	138	3	414
1318	13	18	13-12-16-18	94	3	282
1319	13	19	13-14-15-17-19	48	4	192
1320	13	20	13-12-16-18-20	94	4	376
140	14	0	14-9-7-1-0	16	4	64
141	14	1	14-9-7-1	95	3	285
142	14	2	14-9-7-1-2	134	4	536
143	14	3	14-9-7-1-3	28	4	112
144	14	4	14-15-10-5-4	135	4	540
145	14	5	14-15-10-5	103	3	309
146	14	6	14-9-7-6	46	3	138
147	14	7	14-9-7	122	2	244
148	14	8	14-9-7-8	67	3	201
149	14	9	14-9	133	1	133
1410	14	10	14-15-10	48	2	96
1411	14	11	14-13-12-11	113	3	339
1412	14	12	14-13-12	114	2	228
1413	14	13	14-13	36	1	36
1415	14	15	14-15	137	1	137
1416	14	16	14-13-12-16	112	3	336
1417	14	17	14-15-17	11	2	22
1418	14	18	14-13-12-16-18	16	4	64
1419	14	19	14-15-17-19	94	3	282
1420	14	20	14-15-17-19-20	20	4	80
150	15	0	15-10-5-2-0	34	4	136
151	15	1	15-10-5-2-1	127	4	508
152	15	2	15-10-5-2	127	3	381
153	15	3	15-10-5-4-3	23	4	92
154	15	4	15-10-5-4	121	3	363
155	15	5	15-10-5	121	2	242
156	15	6	15-10-5-6	84	3	252
157	15	7	15-14-9-7	81	3	243
158	15	8	15-14-9-7-8	8	4	32
159	15	9	15-14-9	29	2	58
1510	15	10	15-10	120	1	120
1511	15	11	15-14-13-12-11	143	4	572
1512	15	12	15-14-13-12	27	3	81
1513	15	13	15-14-13	121	2	242
1514	15	14	15-14	30	1	30
1516	15	16	15-14-13-12-16	147	4	588
1517	15	17	15-17	12	1	12
1518	15	18	15-17-19-20-18	47	4	188
1519	15	19	15-17-19	120	2	240
1520	15	20	15-17-19-20	15	3	45
160	16	0	16-12-11-8-7-1-0	135	6	810
161	16	1	16-12-11-8-7-1	66	5	330
162	16	2	16-12-11-8-7-1-2	120	6	720
163	16	3	16-12-11-8-7-1-3	55	6	330
164	16	4	16-12-11-8-7-1-3-4	60	7	420
165	16	5	16-12-11-8-7-6-5	66	6	396
166	16	6	16-12-11-8-7-6	108	5	540
167	16	7	16-12-11-8-7	49	4	196
168	16	8	16-12-11-8	68	3	204
169	16	9	16-12-13-14-9	75	4	300
1610	16	10	16-12-13-14-15-10	86	5	430
1611	16	11	16-12-11	134	2	268
1612	16	12	16-12	105	1	105
1613	16	13	16-12-13	23	2	46
1614	16	14	16-12-13-14	109	3	327
1615	16	15	16-12-13-14-15	4	4	16
1617	16	17	16-18-20-19-17	53	4	212
1618	16	18	16-18	127	1	127
1619	16	19	16-18-20-19	118	3	354
1620	16	20	16-18-20	130	2	260
170	17	0	17-15-10-5-2-0	14	5	70
171	17	1	17-15-10-5-2-1	18	5	90
172	17	2	17-15-10-5-2	108	4	432
173	17	3	17-15-10-5-4-3	46	5	230
174	17	4	17-15-10-5-4	36	4	144
175	17	5	17-15-10-5	38	3	114
176	17	6	17-15-10-5-6	27	4	108
177	17	7	17-15-14-9-7	41	4	164
178	17	8	17-15-14-9-7-8	43	5	215
179	17	9	17-15-14-9	92	3	276
1710	17	10	17-15-10	69	2	138
1711	17	11	17-15-14-13-12-11	63	5	315
1712	17	12	17-15-14-13-12	39	4	156
1713	17	13	17-15-14-13	23	3	69
1714	17	14	17-15-14	107	2	214
1715	17	15	17-15	35	1	35
1716	17	16	17-19-20-18-16	2	4	8
1718	17	18	17-19-20-18	64	3	192
1719	17	19	17-19	28	1	28
1720	17	20	17-19-20	91	2	182
180	18	0	18-16-12-11-8-7-1-0	75	7	525
181	18	1	18-16-12-11-8-7-1	71	6	426
182	18	2	18-16-12-11-8-7-1-2	17	7	119
183	18	3	18-16-12-11-8-7-1-3	18	7	126
184	18	4	18-20-19-17-15-10-5-4	34	7	238
185	18	5	18-20-19-17-15-10-5	22	6	132
186	18	6	18-16-12-11-8-7-6	12	6	72
187	18	7	18-16-12-11-8-7	12	5	60
188	18	8	18-16-12-11-8	89	4	356
189	18	9	18-16-12-13-14-9	96	5	480
1810	18	10	18-20-19-17-15-10	89	5	445
1811	18	11	18-16-12-11	134	3	402
1812	18	12	18-16-12	61	2	122
1813	18	13	18-16-12-13	28	3	84
1814	18	14	18-16-12-13-14	129	4	516
1815	18	15	18-20-19-17-15	148	4	592
1816	18	16	18-16	98	1	98
1817	18	17	18-20-19-17	145	3	435
1819	18	19	18-20-19	108	2	216
1820	18	20	18-20	128	1	128
190	19	0	19-17-15-10-5-2-0	142	6	852
191	19	1	19-17-15-10-5-2-1	87	6	522
192	19	2	19-17-15-10-5-2	0	5	0
193	19	3	19-17-15-10-5-4-3	13	6	78
194	19	4	19-17-15-10-5-4	111	5	555
195	19	5	19-17-15-10-5	94	4	376
196	19	6	19-17-15-10-5-6	139	5	695
197	19	7	19-17-15-14-9-7	116	5	580
198	19	8	19-20-18-16-12-11-8	52	6	312
199	19	9	19-17-15-14-9	107	4	428
1910	19	10	19-17-15-10	17	3	51
1911	19	11	19-20-18-16-12-11	59	5	295
1912	19	12	19-20-18-16-12	6	4	24
1913	19	13	19-17-15-14-13	52	4	208
1914	19	14	19-17-15-14	48	3	144
1915	19	15	19-17-15	85	2	170
1916	19	16	19-20-18-16	41	3	123
1917	19	17	19-17	10	1	10
1918	19	18	19-20-18	45	2	90
1920	19	20	19-20	50	1	50
200	20	0	20-19-17-15-10-5-2-0	82	7	574
201	20	1	20-19-17-15-10-5-2-1	115	7	805
202	20	2	20-19-17-15-10-5-2	55	6	330
203	20	3	20-19-17-15-10-5-4-3	13	7	91
204	20	4	20-19-17-15-10-5-4	3	6	18
205	20	5	20-19-17-15-10-5	137	5	685
206	20	6	20-19-17-15-10-5-6	122	6	732
207	20	7	20-18-16-12-11-8-7	28	6	168
208	20	8	20-18-16-12-11-8	54	5	270
209	20	9	20-19-17-15-14-9	133	5	665
2010	20	10	20-19-17-15-10	119	4	476
2011	20	11	20-18-16-12-11	9	4	36
2012	20	12	20-18-16-12	143	3	429
2013	20	13	20-18-16-12-13	81	4	324
2014	20	14	20-19-17-15-14	53	4	212
2015	20	15	20-19-17-15	80	3	240
2016	20	16	20-18-16	146	2	292
2017	20	17	20-19-17	129	2	258
2018	20	18	20-18	16	1	16
2019	20	19	20-19	133	1	133
