01	0	1	0-1	100	1	100
02	0	2	0-2	100	1	100
03	0	3	0-1-3	100	2	200
04	0	4	0-1-3-4	100	3	300
05	0	5	0-2-5	100	2	200
06	0	6	0-2-5-6	100	3	300
07	0	7	0-1-7	100	2	200
08	0	8	0-1-7-8	100	3	300
09	0	9	0-1-7-9	100	3	300
010	0	10	0-2-5-10	100	3	300
011	0	11	0-1-7-8-11	100	4	400
012	0	12	0-1-7-8-11-12	100	5	500
013	0	13	0-1-7-9-14-13	100	5	500
014	0	14	0-1-7-9-14	100	4	400
015	0	15	0-2-5-10-15	100	4	400
016	0	16	0-1-7-8-11-12-16	100	6	600
017	0	17	0-2-5-10-15-17	100	5	500
018	0	18	0-1-7-8-11-12-16-18	100	7	700
019	0	19	0-2-5-10-15-17-19	100	6	600
020	0	20	0-2-5-10-15-17-19-20	100	7	700
10	1	0	1-0	100	1	100
12	1	2	1-2	100	1	100
13	1	3	1-3	100	1	100
14	1	4	1-3-4	100	2	200
15	1	5	1-2-5	100	2	200
16	1	6	1-7-6	100	2	200
17	1	7	1-7	100	1	100
18	1	8	1-7-8	100	2	200
19	1	9	1-7-9	100	2	200
110	1	10	1-2-5-10	100	3	300
111	1	11	1-7-8-11	100	3	300
112	1	12	1-7-8-11-12	100	4	400
113	1	13	1-7-9-14-13	100	4	400
114	1	14	1-7-9-14	100	3	300
115	1	15	1-7-9-14-15	100	4	400
116	1	16	1-7-8-11-12-16	100	5	500
117	1	17	1-7-9-14-15-17	100	5	500
118	1	18	1-7-8-11-12-16-18	100	6	600
119	1	19	1-7-9-14-15-17-19	100	6	600
120	1	20	1-7-8-11-12-16-18-20	100	7	700
20	2	0	2-0	100	1	100
21	2	1	2-1	100	1	100
23	2	3	2-1-3	100	2	200
24	2	4	2-5-4	100	2	200
25	2	5	2-5	100	1	100
26	2	6	2-5-6	100	2	200
27	2	7	2-1-7	100	2	200
28	2	8	2-1-7-8	100	3	300
29	2	9	2-1-7-9	100	3	300
210	2	10	2-5-10	100	2	200
211	2	11	2-1-7-8-11	100	4	400
212	2	12	2-1-7-8-11-12	100	5	500
213	2	13	2-5-10-15-14-13	100	5	500
214	2	14	2-5-10-15-14	100	4	400
215	2	15	2-5-10-15	100	3	300
216	2	16	2-1-7-8-11-12-16	100	6	600
217	2	17	2-5-10-15-17	100	4	400
218	2	18	2-1-7-8-11-12-16-18	100	7	700
219	2	19	2-5-10-15-17-19	100	5	500
220	2	20	2-5-10-15-17-19-20	100	6	600
30	3	0	3-1-0	100	2	200
31	3	1	3-1	100	1	100
32	3	2	3-1-2	100	2	200
34	3	4	3-4	100	1	100
35	3	5	3-4-5	100	2	200
36	3	6	3-4-5-6	100	3	300
37	3	7	3-1-7	100	2	200
38	3	8	3-1-7-8	100	3	300
39	3	9	3-1-7-9	100	3	300
310	3	10	3-4-5-10	100	3	300
311	3	11	3-1-7-8-11	100	4	400
312	3	12	3-1-7-8-11-12	100	5	500
313	3	13	3-1-7-9-14-13	100	5	500
314	3	14	3-1-7-9-14	100	4	400
315	3	15	3-4-5-10-15	100	4	400
316	3	16	3-1-7-8-11-12-16	100	6	600
317	3	17	3-4-5-10-15-17	100	5	500
318	3	18	3-1-7-8-11-12-16-18	100	7	700
319	3	19	3-4-5-10-15-17-19	100	6	600
320	3	20	3-4-5-10-15-17-19-20	100	7	700
40	4	0	4-3-1-0	100	3	300
41	4	1	4-3-1	100	2	200
42	4	2	4-5-2	100	2	200
43	4	3	4-3	100	1	100
45	4	5	4-5	100	1	100
46	4	6	4-5-6	100	2	200
47	4	7	4-3-1-7	100	3	300
48	4	8	4-3-1-7-8	100	4	400
49	4	9	4-3-1-7-9	100	4	400
410	4	10	4-5-10	100	2	200
411	4	11	4-3-1-7-8-11	100	5	500
412	4	12	4-3-1-7-8-11-12	100	6	600
413	4	13	4-5-10-15-14-13	100	5	500
414	4	14	4-5-10-15-14	100	4	400
415	4	15	4-5-10-15	100	3	300
416	4	16	4-3-1-7-8-11-12-16	100	7	700
417	4	17	4-5-10-15-17	100	4	400
418	4	18	4-5-10-15-17-19-20-18	100	7	700
419	4	19	4-5-10-15-17-19	100	5	500
420	4	20	4-5-10-15-17-19-20	100	6	600
50	5	0	5-2-0	100	2	200
51	5	1	5-2-1	100	2	200
52	5	2	5-2	100	1	100
53	5	3	5-4-3	100	2	200
54	5	4	5-4	100	1	100
56	5	6	5-6	100	1	100
57	5	7	5-6-7	100	2	200
58	5	8	5-6-7-8	100	3	300
59	5	9	5-6-7-9	100	3	300
510	5	10	5-10	100	1	100
511	5	11	5-6-7-8-11	100	4	400
512	5	12	5-6-7-8-11-12	100	5	500
513	5	13	5-10-15-14-13	100	4	400
514	5	14	5-10-15-14	100	3	300
515	5	15	5-10-15	100	2	200
516	5	16	5-6-7-8-11-12-16	100	6	600
517	5	17	5-10-15-17	100	3	300
518	5	18	5-10-15-17-19-20-18	100	6	600
519	5	19	5-10-15-17-19	100	4	400
520	5	20	5-10-15-17-19-20	100	5	500
60	6	0	6-7-1-0	100	3	300
61	6	1	6-7-1	100	2	200
62	6	2	6-5-2	100	2	200
63	6	3	6-7-1-3	100	3	300
64	6	4	6-5-4	100	2	200
65	6	5	6-5	100	1	100
67	6	7	6-7	100	1	100
68	6	8	6-7-8	100	2	200
69	6	9	6-7-9	100	2	200
610	6	10	6-5-10	100	2	200
611	6	11	6-7-8-11	100	3	300
612	6	12	6-7-8-11-12	100	4	400
613	6	13	6-7-9-14-13	100	4	400
614	6	14	6-7-9-14	100	3	300
615	6	15	6-5-10-15	100	3	300
616	6	16	6-7-8-11-12-16	100	5	500
617	6	17	6-5-10-15-17	100	4	400
618	6	18	6-7-8-11-12-16-18	100	6	600
619	6	19	6-5-10-15-17-19	100	5	500
620	6	20	6-5-10-15-17-19-20	100	6	600
70	7	0	7-1-0	100	2	200
71	7	1	7-1	100	1	100
72	7	2	7-1-2	100	2	200
73	7	3	7-1-3	100	2	200
74	7	4	7-1-3-4	100	3	300
75	7	5	7-6-5	100	2	200
76	7	6	7-6	100	1	100
78	7	8	7-8	100	1	100
79	7	9	7-9	100	1	100
710	7	10	7-6-5-10	100	3	300
711	7	11	7-8-11	100	2	200
712	7	12	7-8-11-12	100	3	300
713	7	13	7-9-14-13	100	3	300
714	7	14	7-9-14	100	2	200
715	7	15	7-9-14-15	100	3	300
716	7	16	7-8-11-12-16	100	4	400
717	7	17	7-9-14-15-17	100	4	400
718	7	18	7-8-11-12-16-18	100	5	500
719	7	19	7-9-14-15-17-19	100	5	500
720	7	20	7-8-11-12-16-18-20	100	6	600
80	8	0	8-7-1-0	100	3	300
81	8	1	8-7-1	100	2	200
82	8	2	8-7-1-2	100	3	300
83	8	3	8-7-1-3	100	3	300
84	8	4	8-7-1-3-4	100	4	400
85	8	5	8-7-6-5	100	3	300
86	8	6	8-7-6	100	2	200
87	8	7	8-7	100	1	100
89	8	9	8-7-9	100	2	200
810	8	10	8-7-6-5-10	100	4	400
811	8	11	8-11	100	1	100
812	8	12	8-11-12	100	2	200
813	8	13	8-11-12-13	100	3	300
814	8	14	8-7-9-14	100	3	300
815	8	15	8-7-9-14-15	100	4	400
816	8	16	8-11-12-16	100	3	300
817	8	17	8-7-9-14-15-17	100	5	500
818	8	18	8-11-12-16-18	100	4	400
819	8	19	8-7-9-14-15-17-19	100	6	600
820	8	20	8-11-12-16-18-20	100	5	500
90	9	0	9-7-1-0	100	3	300
91	9	1	9-7-1	100	2	200
92	9	2	9-7-1-2	100	3	300
93	9	3	9-7-1-3	100	3	300
94	9	4	9-7-1-3-4	100	4	400
95	9	5	9-7-6-5	100	3	300
96	9	6	9-7-6	100	2	200
97	9	7	9-7	100	1	100
98	9	8	9-7-8	100	2	200
910	9	10	9-14-15-10	100	3	300
911	9	11	9-7-8-11	100	3	300
912	9	12	9-14-13-12	100	3	300
913	9	13	9-14-13	100	2	200
914	9	14	9-14	100	1	100
915	9	15	9-14-15	100	2	200
916	9	16	9-14-13-12-16	100	4	400
917	9	17	9-14-15-17	100	3	300
918	9	18	9-14-13-12-16-18	100	5	500
919	9	19	9-14-15-17-19	100	4	400
920	9	20	9-14-15-17-19-20	100	5	500
100	10	0	10-5-2-0	100	3	300
101	10	1	10-5-2-1	100	3	300
102	10	2	10-5-2	100	2	200
103	10	3	10-5-4-3	100	3	300
104	10	4	10-5-4	100	2	200
105	10	5	10-5	100	1	100
106	10	6	10-5-6	100	2	200
107	10	7	10-5-6-7	100	3	300
108	10	8	10-5-6-7-8	100	4	400
109	10	9	10-15-14-9	100	3	300
1011	10	11	10-15-14-13-12-11	100	5	500
1012	10	12	10-15-14-13-12	100	4	400
1013	10	13	10-15-14-13	100	3	300
1014	10	14	10-15-14	100	2	200
1015	10	15	10-15	100	1	100
1016	10	16	10-15-14-13-12-16	100	5	500
1017	10	17	10-15-17	100	2	200
1018	10	18	10-15-17-19-20-18	100	5	500
1019	10	19	10-15-17-19	100	3	300
1020	10	20	10-15-17-19-20	100	4	400
110	11	0	11-8-7-1-0	100	4	400
111	11	1	11-8-7-1	100	3	300
112	11	2	11-8-7-1-2	100	4	400
113	11	3	11-8-7-1-3	100	4	400
114	11	4	11-8-7-1-3-4	100	5	500
115	11	5	11-8-7-6-5	100	4	400
116	11	6	11-8-7-6	100	3	300
117	11	7	11-8-7	100	2	200
118	11	8	11-8	100	1	100
119	11	9	11-8-7-9	100	3	300
1110	11	10	11-12-13-14-15-10	100	5	500
1112	11	12	11-12	100	1	100
1113	11	13	11-12-13	100	2	200
1114	11	14	11-12-13-14	100	3	300
1115	11	15	11-12-13-14-15	100	4	400
1116	11	16	11-12-16	100	2	200
1117	11	17	11-12-13-14-15-17	100	5	500
1118	11	18	11-12-16-18	100	3	300
1119	11	19	11-12-16-18-20-19	100	5	500
1120	11	20	11-12-16-18-20	100	4	400
120	12	0	12-11-8-7-1-0	100	5	500
121	12	1	12-11-8-7-1	100	4	400
122	12	2	12-11-8-7-1-2	100	5	500
123	12	3	12-11-8-7-1-3	100	5	500
124	12	4	12-11-8-7-1-3-4	100	6	600
125	12	5	12-11-8-7-6-5	100	5	500
126	12	6	12-11-8-7-6	100	4	400
127	12	7	12-11-8-7	100	3	300
128	12	8	12-11-8	100	2	200
129	12	9	12-13-14-9	100	3	300
1210	12	10	12-13-14-15-10	100	4	400
1211	12	11	12-11	100	1	100
1213	12	13	12-13	100	1	100
1214	12	14	12-13-14	100	2	200
1215	12	15	12-13-14-15	100	3	300
1216	12	16	12-16	100	1	100
1217	12	17	12-13-14-15-17	100	4	400
1218	12	18	12-16-18	100	2	200
1219	12	19	12-16-18-20-19	100	4	400
1220	12	20	12-16-18-20	100	3	300
130	13	0	13-14-9-7-1-0	100	5	500
131	13	1	13-14-9-7-1	100	4	400
132	13	2	13-14-9-7-1-2	100	5	500
133	13	3	13-14-9-7-1-3	100	5	500
134	13	4	13-14-15-10-5-4	100	5	500
135	13	5	13-14-15-10-5	100	4	400
136	13	6	13-14-9-7-6	100	4	400
137	13	7	13-14-9-7	100	3	300
138	13	8	13-12-11-8	100	3	300
139	13	9	13-14-9	100	2	200
1310	13	10	13-14-15-10	100	3	300
1311	13	11	13-12-11	100	2	200
1312	13	12	13-12	100	1	100
1314	13	14	13-14	100	1	100
1315	13	15	13-14-15	100	2	200
1316	13	16	13-12-16	100	2	200
1317	13	17	13-14-15-17	100	3	300
1318	13	18	13-12-16-18	100	3	300
1319	13	19	13-14-15-17-19	100	4	400
1320	13	20	13-12-16-18-20	100	4	400
140	14	0	14-9-7-1-0	100	4	400
141	14	1	14-9-7-1	100	3	300
142	14	2	14-9-7-1-2	100	4	400
143	14	3	14-9-7-1-3	100	4	400
144	14	4	14-15-10-5-4	100	4	400
145	14	5	14-15-10-5	100	3	300
146	14	6	14-9-7-6	100	3	300
147	14	7	14-9-7	100	2	200
148	14	8	14-9-7-8	100	3	300
149	14	9	14-9	100	1	100
1410	14	10	14-15-10	100	2	200
1411	14	11	14-13-12-11	100	3	300
1412	14	12	14-13-12	100	2	200
1413	14	13	14-13	100	1	100
1415	14	15	14-15	100	1	100
1416	14	16	14-13-12-16	100	3	300
1417	14	17	14-15-17	100	2	200
1418	14	18	14-13-12-16-18	100	4	400
1419	14	19	14-15-17-19	100	3	300
1420	14	20	14-15-17-19-20	100	4	400
150	15	0	15-10-5-2-0	100	4	400
151	15	1	15-10-5-2-1	100	4	400
152	15	2	15-10-5-2	100	3	300
153	15	3	15-10-5-4-3	100	4	400
154	15	4	15-10-5-4	100	3	300
155	15	5	15-10-5	100	2	200
156	15	6	15-10-5-6	100	3	300
157	15	7	15-14-9-7	100	3	300
158	15	8	15-14-9-7-8	100	4	400
159	15	9	15-14-9	100	2	200
1510	15	10	15-10	100	1	100
1511	15	11	15-14-13-12-11	100	4	400
1512	15	12	15-14-13-12	100	3	300
1513	15	13	15-14-13	100	2	200
1514	15	14	15-14	100	1	100
1516	15	16	15-14-13-12-16	100	4	400
1517	15	17	15-17	100	1	100
1518	15	18	15-17-19-20-18	100	4	400
1519	15	19	15-17-19	100	2	200
1520	15	20	15-17-19-20	100	3	300
160	16	0	16-12-11-8-7-1-0	100	6	600
161	16	1	16-12-11-8-7-1	100	5	500
162	16	2	16-12-11-8-7-1-2	100	6	600
163	16	3	16-12-11-8-7-1-3	100	6	600
164	16	4	16-12-11-8-7-1-3-4	100	7	700
165	16	5	16-12-11-8-7-6-5	100	6	600
166	16	6	16-12-11-8-7-6	100	5	500
167	16	7	16-12-11-8-7	100	4	400
168	16	8	16-12-11-8	100	3	300
169	16	9	16-12-13-14-9	100	4	400
1610	16	10	16-12-13-14-15-10	100	5	500
1611	16	11	16-12-11	100	2	200
1612	16	12	16-12	100	1	100
1613	16	13	16-12-13	100	2	200
1614	16	14	16-12-13-14	100	3	300
1615	16	15	16-12-13-14-15	100	4	400
1617	16	17	16-18-20-19-17	100	4	400
1618	16	18	16-18	100	1	100
1619	16	19	16-18-20-19	100	3	300
1620	16	20	16-18-20	100	2	200
170	17	0	17-15-10-5-2-0	100	5	500
171	17	1	17-15-10-5-2-1	100	5	500
172	17	2	17-15-10-5-2	100	4	400
173	17	3	17-15-10-5-4-3	100	5	500
174	17	4	17-15-10-5-4	100	4	400
175	17	5	17-15-10-5	100	3	300
176	17	6	17-15-10-5-6	100	4	400
177	17	7	17-15-14-9-7	100	4	400
178	17	8	17-15-14-9-7-8	100	5	500
179	17	9	17-15-14-9	100	3	300
1710	17	10	17-15-10	100	2	200
1711	17	11	17-15-14-13-12-11	100	5	500
1712	17	12	17-15-14-13-12	100	4	400
1713	17	13	17-15-14-13	100	3	300
1714	17	14	17-15-14	100	2	200
1715	17	15	17-15	100	1	100
1716	17	16	17-19-20-18-16	100	4	400
1718	17	18	17-19-20-18	100	3	300
1719	17	19	17-19	100	1	100
1720	17	20	17-19-20	100	2	200
180	18	0	18-16-12-11-8-7-1-0	100	7	700
181	18	1	18-16-12-11-8-7-1	100	6	600
182	18	2	18-16-12-11-8-7-1-2	100	7	700
183	18	3	18-16-12-11-8-7-1-3	100	7	700
184	18	4	18-20-19-17-15-10-5-4	100	7	700
185	18	5	18-20-19-17-15-10-5	100	6	600
186	18	6	18-16-12-11-8-7-6	100	6	600
187	18	7	18-16-12-11-8-7	100	5	500
188	18	8	18-16-12-11-8	100	4	400
189	18	9	18-16-12-13-14-9	100	5	500
1810	18	10	18-20-19-17-15-10	100	5	500
1811	18	11	18-16-12-11	100	3	300
1812	18	12	18-16-12	100	2	200
1813	18	13	18-16-12-13	100	3	300
1814	18	14	18-16-12-13-14	100	4	400
1815	18	15	18-20-19-17-15	100	4	400
1816	18	16	18-16	100	1	100
1817	18	17	18-20-19-17	100	3	300
1819	18	19	18-20-19	100	2	200
1820	18	20	18-20	100	1	100
190	19	0	19-17-15-10-5-2-0	100	6	600
191	19	1	19-17-15-10-5-2-1	100	6	600
192	19	2	19-17-15-10-5-2	100	5	500
193	19	3	19-17-15-10-5-4-3	100	6	600
194	19	4	19-17-15-10-5-4	100	5	500
195	19	5	19-17-15-10-5	100	4	400
196	19	6	19-17-15-10-5-6	100	5	500
197	19	7	19-17-15-14-9-7	100	5	500
198	19	8	19-20-18-16-12-11-8	100	6	600
199	19	9	19-17-15-14-9	100	4	400
1910	19	10	19-17-15-10	100	3	300
1911	19	11	19-20-18-16-12-11	100	5	500
1912	19	12	19-20-18-16-12	100	4	400
1913	19	13	19-17-15-14-13	100	4	400
1914	19	14	19-17-15-14	100	3	300
1915	19	15	19-17-15	100	2	200
1916	19	16	19-20-18-16	100	3	300
1917	19	17	19-17	100	1	100
1918	19	18	19-20-18	100	2	200
1920	19	20	19-20	100	1	100
200	20	0	20-19-17-15-10-5-2-0	100	7	700
201	20	1	20-19-17-15-10-5-2-1	100	7	700
202	20	2	20-19-17-15-10-5-2	100	6	600
203	20	3	20-19-17-15-10-5-4-3	100	7	700
204	20	4	20-19-17-15-10-5-4	100	6	600
205	20	5	20-19-17-15-10-5	100	5	500
206	20	6	20-19-17-15-10-5-6	100	6	600
207	20	7	20-18-16-12-11-8-7	100	6	600
208	20	8	20-18-16-12-11-8	100	5	500
209	20	9	20-19-17-15-14-9	100	5	500
2010	20	10	20-19-17-15-10	100	4	400
2011	20	11	20-18-16-12-11	100	4	400
2012	20	12	20-18-16-12	100	3	300
2013	20	13	20-18-16-12-13	100	4	400
2014	20	14	20-19-17-15-14	100	4	400
2015	20	15	20-19-17-15	100	3	300
2016	20	16	20-18-16	100	2	200
2017	20	17	20-19-17	100	2	200
2018	20	18	20-18	100	1	100
2019	20	19	20-19	100	1	100
