01	0	1	0-1	4	1	4
01	0	1	0-2-1	4	2	8
01	0	1	0-3-4-5-2-1	4	5	20
02	0	2	0-2	4	1	4
02	0	2	0-1-2	4	2	8
02	0	2	0-3-4-5-2	4	4	16
03	0	3	0-3	4	1	4
03	0	3	0-2-5-4-3	4	4	16
03	0	3	0-1-2-5-4-3	4	5	20
04	0	4	0-3-4	4	2	8
04	0	4	0-2-5-4	4	3	12
04	0	4	0-1-2-5-4	4	4	16
05	0	5	0-2-5	4	2	8
05	0	5	0-1-2-5	4	3	12
05	0	5	0-3-4-5	4	3	12
06	0	6	0-3-4-6	4	3	12
06	0	6	0-1-7-6	4	3	12
06	0	6	0-2-5-4-6	4	4	16
07	0	7	0-1-7	4	2	8
07	0	7	0-2-1-7	4	3	12
07	0	7	0-3-4-6-7	4	4	16
08	0	8	0-2-5-8	4	3	12
08	0	8	0-1-2-5-8	4	4	16
08	0	8	0-3-4-5-8	4	4	16
09	0	9	0-3-10-11-9	4	4	16
09	0	9	0-2-5-8-9	4	4	16
09	0	9	0-3-10-13-9	4	4	16
010	0	10	0-3-10	4	2	8
010	0	10	0-2-5-12-11-10	4	5	20
010	0	10	0-2-5-4-3-10	4	5	20
011	0	11	0-3-10-11	4	3	12
011	0	11	0-2-5-12-11	4	4	16
011	0	11	0-3-10-12-11	4	4	16
012	0	12	0-2-5-12	4	3	12
012	0	12	0-3-10-12	4	3	12
012	0	12	0-3-10-13-12	4	4	16
013	0	13	0-3-10-13	4	3	12
013	0	13	0-2-5-12-13	4	4	16
013	0	13	0-3-10-12-13	4	4	16
10	1	0	1-0	4	1	4
10	1	0	1-2-0	4	2	8
10	1	0	1-2-5-4-3-0	4	5	20
12	1	2	1-2	4	1	4
12	1	2	1-0-2	4	2	8
12	1	2	1-0-3-4-5-2	4	5	20
13	1	3	1-0-3	4	2	8
13	1	3	1-2-0-3	4	3	12
13	1	3	1-2-5-4-3	4	4	16
14	1	4	1-0-3-4	4	3	12
14	1	4	1-7-6-4	4	3	12
14	1	4	1-2-5-4	4	3	12
15	1	5	1-2-5	4	2	8
15	1	5	1-0-2-5	4	3	12
15	1	5	1-0-3-4-5	4	4	16
16	1	6	1-7-6	4	2	8
16	1	6	1-0-3-4-6	4	4	16
16	1	6	1-2-5-4-6	4	4	16
17	1	7	1-7	4	1	4
17	1	7	1-0-3-4-6-7	4	5	20
17	1	7	1-2-5-8-9-7	4	5	20
18	1	8	1-2-5-8	4	3	12
18	1	8	1-0-2-5-8	4	4	16
18	1	8	1-0-3-4-5-8	4	5	20
19	1	9	1-2-5-8-9	4	4	16
19	1	9	1-2-5-12-11-9	4	5	20
19	1	9	1-0-2-5-8-9	4	5	20
110	1	10	1-0-3-10	4	3	12
110	1	10	1-2-0-3-10	4	4	16
110	1	10	1-2-5-12-11-10	4	5	20
111	1	11	1-2-5-12-11	4	4	16
111	1	11	1-0-3-10-11	4	4	16
111	1	11	1-0-2-5-12-11	4	5	20
112	1	12	1-2-5-12	4	3	12
112	1	12	1-0-2-5-12	4	4	16
112	1	12	1-0-3-10-12	4	4	16
113	1	13	1-2-5-12-13	4	4	16
113	1	13	1-0-3-10-13	4	4	16
113	1	13	1-0-2-5-12-13	4	5	20
20	2	0	2-0	4	1	4
20	2	0	2-1-0	4	2	8
20	2	0	2-5-4-3-0	4	4	16
21	2	1	2-1	4	1	4
21	2	1	2-0-1	4	2	8
21	2	1	2-5-4-3-0-1	4	5	20
23	2	3	2-0-3	4	2	8
23	2	3	2-1-0-3	4	3	12
23	2	3	2-5-4-3	4	3	12
24	2	4	2-5-4	4	2	8
24	2	4	2-0-3-4	4	3	12
24	2	4	2-1-0-3-4	4	4	16
25	2	5	2-5	4	1	4
25	2	5	2-0-3-4-5	4	4	16
25	2	5	2-0-3-10-12-5	4	5	20
26	2	6	2-5-4-6	4	3	12
26	2	6	2-1-7-6	4	3	12
26	2	6	2-0-3-4-6	4	4	16
27	2	7	2-1-7	4	2	8
27	2	7	2-0-1-7	4	3	12
27	2	7	2-5-4-6-7	4	4	16
28	2	8	2-5-8	4	2	8
28	2	8	2-0-3-4-5-8	4	5	20
28	2	8	2-5-12-13-9-8	4	5	20
29	2	9	2-5-8-9	4	3	12
29	2	9	2-5-12-11-9	4	4	16
29	2	9	2-5-12-13-9	4	4	16
210	2	10	2-0-3-10	4	3	12
210	2	10	2-5-12-11-10	4	4	16
210	2	10	2-5-4-3-10	4	4	16
211	2	11	2-5-12-11	4	3	12
211	2	11	2-5-8-9-11	4	4	16
211	2	11	2-0-3-10-11	4	4	16
212	2	12	2-5-12	4	2	8
212	2	12	2-0-3-10-12	4	4	16
212	2	12	2-5-8-9-13-12	4	5	20
213	2	13	2-5-12-13	4	3	12
213	2	13	2-5-8-9-13	4	4	16
213	2	13	2-0-3-10-13	4	4	16
30	3	0	3-0	4	1	4
30	3	0	3-4-5-2-0	4	4	16
30	3	0	3-4-5-2-1-0	4	5	20
31	3	1	3-0-1	4	2	8
31	3	1	3-0-2-1	4	3	12
31	3	1	3-4-5-2-1	4	4	16
32	3	2	3-0-2	4	2	8
32	3	2	3-0-1-2	4	3	12
32	3	2	3-4-5-2	4	3	12
34	3	4	3-4	4	1	4
34	3	4	3-10-12-5-4	4	4	16
34	3	4	3-0-2-5-4	4	4	16
35	3	5	3-4-5	4	2	8
35	3	5	3-10-12-5	4	3	12
35	3	5	3-0-2-5	4	3	12
36	3	6	3-4-6	4	2	8
36	3	6	3-0-1-7-6	4	4	16
36	3	6	3-10-12-5-4-6	4	5	20
37	3	7	3-0-1-7	4	3	12
37	3	7	3-4-6-7	4	3	12
37	3	7	3-0-2-1-7	4	4	16
38	3	8	3-4-5-8	4	3	12
38	3	8	3-10-12-5-8	4	4	16
38	3	8	3-10-13-9-8	4	4	16
39	3	9	3-10-11-9	4	3	12
39	3	9	3-10-13-9	4	3	12
39	3	9	3-10-12-11-9	4	4	16
310	3	10	3-10	4	1	4
310	3	10	3-4-5-12-11-10	4	5	20
310	3	10	3-4-5-12-13-10	4	5	20
311	3	11	3-10-11	4	2	8
311	3	11	3-10-12-11	4	3	12
311	3	11	3-10-13-12-11	4	4	16
312	3	12	3-10-12	4	2	8
312	3	12	3-10-13-12	4	3	12
312	3	12	3-4-5-12	4	3	12
313	3	13	3-10-13	4	2	8
313	3	13	3-10-12-13	4	3	12
313	3	13	3-4-5-12-13	4	4	16
40	4	0	4-3-0	4	2	8
40	4	0	4-5-2-0	4	3	12
40	4	0	4-5-2-1-0	4	4	16
41	4	1	4-3-0-1	4	3	12
41	4	1	4-6-7-1	4	3	12
41	4	1	4-5-2-1	4	3	12
42	4	2	4-5-2	4	2	8
42	4	2	4-3-0-2	4	3	12
42	4	2	4-3-0-1-2	4	4	16
43	4	3	4-3	4	1	4
43	4	3	4-5-2-0-3	4	4	16
43	4	3	4-5-2-1-0-3	4	5	20
45	4	5	4-5	4	1	4
45	4	5	4-3-10-12-5	4	4	16
45	4	5	4-3-0-2-5	4	4	16
46	4	6	4-6	4	1	4
46	4	6	4-3-0-1-7-6	4	5	20
46	4	6	4-5-2-1-7-6	4	5	20
47	4	7	4-6-7	4	2	8
47	4	7	4-3-0-1-7	4	4	16
47	4	7	4-5-8-9-7	4	4	16
48	4	8	4-5-8	4	2	8
48	4	8	4-3-10-12-5-8	4	5	20
48	4	8	4-5-12-13-9-8	4	5	20
49	4	9	4-5-8-9	4	3	12
49	4	9	4-5-12-11-9	4	4	16
49	4	9	4-3-10-13-9	4	4	16
410	4	10	4-3-10	4	2	8
410	4	10	4-5-12-11-10	4	4	16
410	4	10	4-5-12-13-10	4	4	16
411	4	11	4-5-12-11	4	3	12
411	4	11	4-3-10-11	4	3	12
411	4	11	4-3-10-12-11	4	4	16
412	4	12	4-5-12	4	2	8
412	4	12	4-3-10-12	4	3	12
412	4	12	4-3-10-13-12	4	4	16
413	4	13	4-5-12-13	4	3	12
413	4	13	4-3-10-13	4	3	12
413	4	13	4-3-10-12-13	4	4	16
50	5	0	5-2-0	4	2	8
50	5	0	5-2-1-0	4	3	12
50	5	0	5-4-3-0	4	3	12
51	5	1	5-2-1	4	2	8
51	5	1	5-2-0-1	4	3	12
51	5	1	5-4-3-0-1	4	4	16
52	5	2	5-2	4	1	4
52	5	2	5-4-3-0-2	4	4	16
52	5	2	5-4-3-0-1-2	4	5	20
53	5	3	5-4-3	4	2	8
53	5	3	5-2-0-3	4	3	12
53	5	3	5-2-1-0-3	4	4	16
54	5	4	5-4	4	1	4
54	5	4	5-2-0-3-4	4	4	16
54	5	4	5-2-1-0-3-4	4	5	20
56	5	6	5-4-6	4	2	8
56	5	6	5-2-1-7-6	4	4	16
56	5	6	5-8-9-7-6	4	4	16
57	5	7	5-2-1-7	4	3	12
57	5	7	5-8-9-7	4	3	12
57	5	7	5-4-6-7	4	3	12
58	5	8	5-8	4	1	4
58	5	8	5-12-11-9-8	4	4	16
58	5	8	5-12-13-9-8	4	4	16
59	5	9	5-8-9	4	2	8
59	5	9	5-12-11-9	4	3	12
59	5	9	5-12-13-9	4	3	12
510	5	10	5-12-11-10	4	3	12
510	5	10	5-4-3-10	4	3	12
510	5	10	5-12-13-10	4	3	12
511	5	11	5-12-11	4	2	8
511	5	11	5-8-9-11	4	3	12
511	5	11	5-12-13-9-11	4	4	16
512	5	12	5-12	4	1	4
512	5	12	5-8-9-13-12	4	4	16
512	5	12	5-4-3-10-12	4	4	16
513	5	13	5-12-13	4	2	8
513	5	13	5-8-9-13	4	3	12
513	5	13	5-12-11-9-13	4	4	16
60	6	0	6-7-1-0	4	3	12
60	6	0	6-4-3-0	4	3	12
60	6	0	6-7-1-2-0	4	4	16
61	6	1	6-7-1	4	2	8
61	6	1	6-4-3-0-1	4	4	16
61	6	1	6-4-5-2-1	4	4	16
62	6	2	6-7-1-2	4	3	12
62	6	2	6-4-5-2	4	3	12
62	6	2	6-7-1-0-2	4	4	16
63	6	3	6-4-3	4	2	8
63	6	3	6-7-1-0-3	4	4	16
63	6	3	6-7-1-2-0-3	4	5	20
64	6	4	6-4	4	1	4
64	6	4	6-7-1-0-3-4	4	5	20
64	6	4	6-7-1-2-5-4	4	5	20
65	6	5	6-4-5	4	2	8
65	6	5	6-7-1-2-5	4	4	16
65	6	5	6-4-3-10-12-5	4	5	20
67	6	7	6-7	4	1	4
67	6	7	6-4-3-0-1-7	4	5	20
67	6	7	6-4-5-8-9-7	4	5	20
68	6	8	6-4-5-8	4	3	12
68	6	8	6-7-1-2-5-8	4	5	20
68	6	8	6-4-3-10-12-5-8	4	6	24
69	6	9	6-4-5-8-9	4	4	16
69	6	9	6-4-5-12-11-9	4	5	20
69	6	9	6-4-3-10-13-9	4	5	20
610	6	10	6-4-3-10	4	3	12
610	6	10	6-4-5-12-11-10	4	5	20
610	6	10	6-7-1-0-3-10	4	5	20
611	6	11	6-4-5-12-11	4	4	16
611	6	11	6-4-3-10-11	4	4	16
611	6	11	6-4-3-10-12-11	4	5	20
612	6	12	6-4-5-12	4	3	12
612	6	12	6-4-3-10-12	4	4	16
612	6	12	6-4-3-10-13-12	4	5	20
613	6	13	6-4-5-12-13	4	4	16
613	6	13	6-4-3-10-13	4	4	16
613	6	13	6-4-3-10-12-13	4	5	20
70	7	0	7-1-0	4	2	8
70	7	0	7-1-2-0	4	3	12
70	7	0	7-6-4-3-0	4	4	16
71	7	1	7-1	4	1	4
71	7	1	7-6-4-3-0-1	4	5	20
71	7	1	7-6-4-5-2-1	4	5	20
72	7	2	7-1-2	4	2	8
72	7	2	7-1-0-2	4	3	12
72	7	2	7-6-4-5-2	4	4	16
73	7	3	7-1-0-3	4	3	12
73	7	3	7-6-4-3	4	3	12
73	7	3	7-1-2-0-3	4	4	16
74	7	4	7-6-4	4	2	8
74	7	4	7-1-0-3-4	4	4	16
74	7	4	7-1-2-5-4	4	4	16
75	7	5	7-1-2-5	4	3	12
75	7	5	7-6-4-5	4	3	12
75	7	5	7-1-0-2-5	4	4	16
76	7	6	7-6	4	1	4
76	7	6	7-1-0-3-4-6	4	5	20
76	7	6	7-1-2-5-4-6	4	5	20
78	7	8	7-1-2-5-8	4	4	16
78	7	8	7-6-4-5-8	4	4	16
78	7	8	7-1-0-2-5-8	4	5	20
79	7	9	7-1-2-5-8-9	4	5	20
79	7	9	7-6-4-5-8-9	4	5	20
79	7	9	7-1-2-5-12-11-9	4	6	24
710	7	10	7-1-0-3-10	4	4	16
710	7	10	7-6-4-3-10	4	4	16
710	7	10	7-1-2-0-3-10	4	5	20
711	7	11	7-1-2-5-12-11	4	5	20
711	7	11	7-6-4-3-10-11	4	5	20
711	7	11	7-1-0-3-10-11	4	5	20
712	7	12	7-1-2-5-12	4	4	16
712	7	12	7-6-4-5-12	4	4	16
712	7	12	7-1-0-2-5-12	4	5	20
713	7	13	7-1-2-5-12-13	4	5	20
713	7	13	7-6-4-3-10-13	4	5	20
713	7	13	7-1-0-3-10-13	4	5	20
80	8	0	8-5-2-0	4	3	12
80	8	0	8-5-2-1-0	4	4	16
80	8	0	8-5-4-3-0	4	4	16
81	8	1	8-5-2-1	4	3	12
81	8	1	8-9-7-1	4	3	12
81	8	1	8-5-2-0-1	4	4	16
82	8	2	8-5-2	4	2	8
82	8	2	8-9-7-1-2	4	4	16
82	8	2	8-9-7-1-0-2	4	5	20
83	8	3	8-5-4-3	4	3	12
83	8	3	8-5-2-0-3	4	4	16
83	8	3	8-9-13-10-3	4	4	16
84	8	4	8-5-4	4	2	8
84	8	4	8-9-7-6-4	4	4	16
84	8	4	8-5-2-0-3-4	4	5	20
85	8	5	8-5	4	1	4
85	8	5	8-9-13-12-5	4	4	16
85	8	5	8-9-11-10-12-5	4	5	20
86	8	6	8-5-4-6	4	3	12
86	8	6	8-9-7-6	4	3	12
86	8	6	8-5-2-1-7-6	4	5	20
87	8	7	8-9-7	4	2	8
87	8	7	8-5-2-1-7	4	4	16
87	8	7	8-5-4-6-7	4	4	16
89	8	9	8-9	4	1	4
89	8	9	8-5-12-11-9	4	4	16
89	8	9	8-5-12-13-9	4	4	16
810	8	10	8-9-11-10	4	3	12
810	8	10	8-9-13-10	4	3	12
810	8	10	8-5-12-11-10	4	4	16
811	8	11	8-9-11	4	2	8
811	8	11	8-5-12-11	4	3	12
811	8	11	8-9-13-12-11	4	4	16
812	8	12	8-5-12	4	2	8
812	8	12	8-9-13-12	4	3	12
812	8	12	8-9-11-10-12	4	4	16
813	8	13	8-9-13	4	2	8
813	8	13	8-5-12-13	4	3	12
813	8	13	8-9-11-10-13	4	4	16
90	9	0	9-7-1-0	4	3	12
90	9	0	9-7-1-2-0	4	4	16
90	9	0	9-13-10-3-0	4	4	16
91	9	1	9-7-1	4	2	8
91	9	1	9-8-5-2-1	4	4	16
91	9	1	9-8-5-2-0-1	4	5	20
92	9	2	9-7-1-2	4	3	12
92	9	2	9-8-5-2	4	3	12
92	9	2	9-7-1-0-2	4	4	16
93	9	3	9-11-10-3	4	3	12
93	9	3	9-13-10-3	4	3	12
93	9	3	9-7-1-0-3	4	4	16
94	9	4	9-8-5-4	4	3	12
94	9	4	9-7-6-4	4	3	12
94	9	4	9-11-10-3-4	4	4	16
95	9	5	9-8-5	4	2	8
95	9	5	9-13-12-5	4	3	12
95	9	5	9-11-10-12-5	4	4	16
96	9	6	9-7-6	4	2	8
96	9	6	9-8-5-4-6	4	4	16
96	9	6	9-11-10-3-4-6	4	5	20
97	9	7	9-7	4	1	4
97	9	7	9-8-5-2-1-7	4	5	20
97	9	7	9-8-5-4-6-7	4	5	20
98	9	8	9-8	4	1	4
98	9	8	9-13-12-5-8	4	4	16
98	9	8	9-11-10-12-5-8	4	5	20
910	9	10	9-11-10	4	2	8
910	9	10	9-13-10	4	2	8
910	9	10	9-13-12-11-10	4	4	16
911	9	11	9-11	4	1	4
911	9	11	9-13-12-11	4	3	12
911	9	11	9-13-10-11	4	3	12
912	9	12	9-13-12	4	2	8
912	9	12	9-8-5-12	4	3	12
912	9	12	9-13-10-12	4	3	12
913	9	13	9-13	4	1	4
913	9	13	9-11-10-13	4	3	12
913	9	13	9-8-5-12-13	4	4	16
100	10	0	10-3-0	4	2	8
100	10	0	10-12-5-2-0	4	4	16
100	10	0	10-12-5-2-1-0	4	5	20
101	10	1	10-3-0-1	4	3	12
101	10	1	10-3-0-2-1	4	4	16
101	10	1	10-13-9-7-1	4	4	16
102	10	2	10-3-0-2	4	3	12
102	10	2	10-12-5-2	4	3	12
102	10	2	10-3-0-1-2	4	4	16
103	10	3	10-3	4	1	4
103	10	3	10-12-5-4-3	4	4	16
103	10	3	10-12-5-2-0-3	4	5	20
104	10	4	10-3-4	4	2	8
104	10	4	10-12-5-4	4	3	12
104	10	4	10-13-12-5-4	4	4	16
105	10	5	10-12-5	4	2	8
105	10	5	10-13-12-5	4	3	12
105	10	5	10-3-4-5	4	3	12
106	10	6	10-3-4-6	4	3	12
106	10	6	10-12-5-4-6	4	4	16
106	10	6	10-13-9-7-6	4	4	16
107	10	7	10-11-9-7	4	3	12
107	10	7	10-13-9-7	4	3	12
107	10	7	10-3-0-1-7	4	4	16
108	10	8	10-12-5-8	4	3	12
108	10	8	10-13-9-8	4	3	12
108	10	8	10-11-9-8	4	3	12
109	10	9	10-11-9	4	2	8
109	10	9	10-13-9	4	2	8
109	10	9	10-12-11-9	4	3	12
1011	10	11	10-11	4	1	4
1011	10	11	10-12-11	4	2	8
1011	10	11	10-13-12-11	4	3	12
1012	10	12	10-12	4	1	4
1012	10	12	10-13-12	4	2	8
1012	10	12	10-11-9-13-12	4	4	16
1013	10	13	10-13	4	1	4
1013	10	13	10-12-13	4	2	8
1013	10	13	10-11-9-13	4	3	12
110	11	0	11-10-3-0	4	3	12
110	11	0	11-9-7-1-0	4	4	16
110	11	0	11-9-7-1-2-0	4	5	20
111	11	1	11-9-7-1	4	3	12
111	11	1	11-10-3-0-1	4	4	16
111	11	1	11-10-3-0-2-1	4	5	20
112	11	2	11-10-3-0-2	4	4	16
112	11	2	11-9-8-5-2	4	4	16
112	11	2	11-10-12-5-2	4	4	16
113	11	3	11-10-3	4	2	8
113	11	3	11-9-13-10-3	4	4	16
113	11	3	11-9-7-1-0-3	4	5	20
114	11	4	11-10-3-4	4	3	12
114	11	4	11-10-12-5-4	4	4	16
114	11	4	11-9-7-6-4	4	4	16
115	11	5	11-10-12-5	4	3	12
115	11	5	11-9-8-5	4	3	12
115	11	5	11-9-13-12-5	4	4	16
116	11	6	11-9-7-6	4	3	12
116	11	6	11-10-3-4-6	4	4	16
116	11	6	11-10-12-5-4-6	4	5	20
117	11	7	11-9-7	4	2	8
117	11	7	11-10-13-9-7	4	4	16
117	11	7	11-10-3-0-1-7	4	5	20
118	11	8	11-9-8	4	2	8
118	11	8	11-10-12-5-8	4	4	16
118	11	8	11-10-13-9-8	4	4	16
119	11	9	11-9	4	1	4
119	11	9	11-10-13-9	4	3	12
119	11	9	11-10-12-13-9	4	4	16
1110	11	10	11-10	4	1	4
1110	11	10	11-9-13-10	4	3	12
1110	11	10	11-9-8-5-12-13-10	4	6	24
1112	11	12	11-10-12	4	2	8
1112	11	12	11-9-13-12	4	3	12
1112	11	12	11-10-13-12	4	3	12
1113	11	13	11-9-13	4	2	8
1113	11	13	11-10-13	4	2	8
1113	11	13	11-10-12-13	4	3	12
120	12	0	12-5-2-0	4	3	12
120	12	0	12-5-2-1-0	4	4	16
120	12	0	12-11-10-3-0	4	4	16
121	12	1	12-5-2-1	4	3	12
121	12	1	12-5-2-0-1	4	4	16
121	12	1	12-13-9-7-1	4	4	16
122	12	2	12-5-2	4	2	8
122	12	2	12-5-4-3-0-2	4	5	20
122	12	2	12-13-9-8-5-2	4	5	20
123	12	3	12-5-4-3	4	3	12
123	12	3	12-13-10-3	4	3	12
123	12	3	12-11-10-3	4	3	12
124	12	4	12-5-4	4	2	8
124	12	4	12-11-10-3-4	4	4	16
124	12	4	12-13-10-3-4	4	4	16
125	12	5	12-5	4	1	4
125	12	5	12-11-9-8-5	4	4	16
125	12	5	12-13-9-8-5	4	4	16
126	12	6	12-5-4-6	4	3	12
126	12	6	12-11-9-7-6	4	4	16
126	12	6	12-13-9-7-6	4	4	16
127	12	7	12-11-9-7	4	3	12
127	12	7	12-13-9-7	4	3	12
127	12	7	12-5-2-1-7	4	4	16
128	12	8	12-5-8	4	2	8
128	12	8	12-11-9-8	4	3	12
128	12	8	12-13-9-8	4	3	12
129	12	9	12-11-9	4	2	8
129	12	9	12-13-9	4	2	8
129	12	9	12-5-8-9	4	3	12
1210	12	10	12-11-10	4	2	8
1210	12	10	12-13-10	4	2	8
1210	12	10	12-13-9-11-10	4	4	16
1211	12	11	12-11	4	1	4
1211	12	11	12-13-9-11	4	3	12
1211	12	11	12-13-10-11	4	3	12
1213	12	13	12-13	4	1	4
1213	12	13	12-11-9-13	4	3	12
1213	12	13	12-11-10-13	4	3	12
130	13	0	13-10-3-0	4	3	12
130	13	0	13-9-7-1-0	4	4	16
130	13	0	13-12-5-2-0	4	4	16
131	13	1	13-9-7-1	4	3	12
131	13	1	13-10-3-0-1	4	4	16
131	13	1	13-12-5-2-1	4	4	16
132	13	2	13-12-5-2	4	3	12
132	13	2	13-10-3-0-2	4	4	16
132	13	2	13-9-8-5-2	4	4	16
133	13	3	13-10-3	4	2	8
133	13	3	13-12-5-4-3	4	4	16
133	13	3	13-9-11-10-3	4	4	16
134	13	4	13-10-3-4	4	3	12
134	13	4	13-12-5-4	4	3	12
134	13	4	13-10-12-5-4	4	4	16
135	13	5	13-12-5	4	2	8
135	13	5	13-10-12-5	4	3	12
135	13	5	13-9-8-5	4	3	12
136	13	6	13-9-7-6	4	3	12
136	13	6	13-10-3-4-6	4	4	16
136	13	6	13-12-5-4-6	4	4	16
137	13	7	13-9-7	4	2	8
137	13	7	13-12-11-9-7	4	4	16
137	13	7	13-10-11-9-7	4	4	16
138	13	8	13-9-8	4	2	8
138	13	8	13-12-5-8	4	3	12
138	13	8	13-10-12-5-8	4	4	16
139	13	9	13-9	4	1	4
139	13	9	13-12-11-9	4	3	12
139	13	9	13-10-11-9	4	3	12
1310	13	10	13-10	4	1	4
1310	13	10	13-12-11-10	4	3	12
1310	13	10	13-9-11-10	4	3	12
1311	13	11	13-12-11	4	2	8
1311	13	11	13-10-11	4	2	8
1311	13	11	13-9-11	4	2	8
1312	13	12	13-12	4	1	4
1312	13	12	13-10-12	4	2	8
1312	13	12	13-9-8-5-12	4	4	16
