01	0	1	0-1	99	1346	133254
01	0	1	0-2-1	99	2794	276606
02	0	2	0-2	74	2024	149776
02	0	2	0-1-2	74	2116	156584
03	0	3	0-3	18	3414	61452
03	0	3	0-1-7-6-4-3	18	5109	91962
04	0	4	0-1-7-6-4	64	4261	272704
04	0	4	0-3-4	64	4262	272768
05	0	5	0-2-5	72	4397	316584
05	0	5	0-1-2-5	72	4489	323208
06	0	6	0-1-7-6	98	3456	338688
06	0	6	0-2-1-7-6	98	4904	480592
07	0	7	0-1-7	76	2578	195928
07	0	7	0-2-1-7	76	4026	305976
08	0	8	0-1-7-9-8	43	3897	167571
08	0	8	0-2-1-7-9-8	43	5345	229835
09	0	9	0-1-7-9	26	3355	87230
09	0	9	0-2-1-7-9	26	4803	124878
010	0	10	0-1-7-9-11-10	98	4641	454818
010	0	10	0-1-7-9-13-10	98	4654	456092
011	0	11	0-1-7-9-11	22	4346	95612
011	0	11	0-1-7-9-13-10-11	22	4949	108878
012	0	12	0-1-7-9-13-12	41	4600	188600
012	0	12	0-1-7-9-11-12	41	5450	223450
013	0	13	0-1-7-9-13	30	4089	122670
013	0	13	0-1-7-9-11-10-13	30	5206	156180
10	1	0	1-0	50	1346	67300
10	1	0	1-2-0	50	2794	139700
12	1	2	1-2	46	770	35420
12	1	2	1-0-2	46	3370	155020
13	1	3	1-7-6-4-3	49	3763	184387
13	1	3	1-0-3	49	4760	233240
14	1	4	1-7-6-4	34	2915	99110
14	1	4	1-2-5-4	34	4804	163336
15	1	5	1-2-5	10	3143	31430
15	1	5	1-7-9-8-5	10	3830	38300
16	1	6	1-7-6	81	2110	170910
16	1	6	1-2-5-4-6	81	5609	454329
17	1	7	1-7	53	1232	65296
17	1	7	1-2-5-8-9-7	53	5741	304273
18	1	8	1-7-9-8	72	2551	183672
18	1	8	1-2-5-8	72	4422	318384
19	1	9	1-7-9	76	2009	152684
19	1	9	1-2-5-8-9	76	4964	377264
110	1	10	1-7-9-11-10	68	3295	224060
110	1	10	1-7-9-13-10	68	3308	224944
111	1	11	1-7-9-11	89	3000	267000
111	1	11	1-7-9-13-10-11	89	3603	320667
112	1	12	1-7-9-13-12	61	3254	198494
112	1	12	1-7-9-11-12	61	4104	250344
113	1	13	1-7-9-13	75	2743	205725
113	1	13	1-7-9-11-10-13	75	3860	289500
20	2	0	2-0	23	2024	46552
20	2	0	2-1-0	23	2116	48668
21	2	1	2-1	54	770	41580
21	2	1	2-0-1	54	3370	181980
23	2	3	2-1-7-6-4-3	94	4533	426102
23	2	3	2-5-4-3	94	4882	458908
24	2	4	2-1-7-6-4	55	3685	202675
24	2	4	2-5-4	55	4034	221870
25	2	5	2-5	84	2373	199332
25	2	5	2-1-7-9-8-5	84	4600	386400
26	2	6	2-1-7-6	64	2880	184320
26	2	6	2-5-4-6	64	4839	309696
27	2	7	2-1-7	31	2002	62062
27	2	7	2-0-1-7	31	4602	142662
28	2	8	2-1-7-9-8	97	3321	322137
28	2	8	2-5-8	97	3652	354244
29	2	9	2-1-7-9	29	2779	80591
29	2	9	2-5-8-9	29	4194	121626
210	2	10	2-1-7-9-11-10	46	4065	186990
210	2	10	2-1-7-9-13-10	46	4078	187588
211	2	11	2-1-7-9-11	40	3770	150800
211	2	11	2-1-7-9-13-10-11	40	4373	174920
212	2	12	2-1-7-9-13-12	58	4024	233392
212	2	12	2-5-12	58	4658	270164
213	2	13	2-1-7-9-13	97	3513	340761
213	2	13	2-1-7-9-11-10-13	97	4630	449110
30	3	0	3-0	5	3414	17070
30	3	0	3-4-6-7-1-0	5	5109	25545
31	3	1	3-4-6-7-1	26	3763	97838
31	3	1	3-0-1	26	4760	123760
32	3	2	3-4-6-7-1-2	88	4533	398904
32	3	2	3-4-5-2	88	4882	429616
34	3	4	3-4	35	848	29680
34	3	4	3-10-11-9-7-6-4	35	6362	222670
35	3	5	3-4-5	93	2509	233337
35	3	5	3-4-6-7-9-8-5	93	5129	476997
36	3	6	3-4-6	97	1653	160341
36	3	6	3-10-11-9-7-6	97	5557	539029
37	3	7	3-4-6-7	77	2531	194887
37	3	7	3-10-11-9-7	77	4679	360283
38	3	8	3-4-5-8	43	3788	162884
38	3	8	3-4-6-7-9-8	43	3850	165550
39	3	9	3-4-6-7-9	26	3308	86008
39	3	9	3-10-11-9	26	3902	101452
310	3	10	3-10	92	2616	240672
310	3	10	3-4-6-7-9-11-10	92	4594	422648
311	3	11	3-10-11	7	2911	20377
311	3	11	3-4-6-7-9-11	7	4299	30093
312	3	12	3-10-13-12	80	3692	295360
312	3	12	3-10-11-12	80	4015	321200
313	3	13	3-10-13	56	3181	178136
313	3	13	3-4-6-7-9-13	56	4042	226352
40	4	0	4-6-7-1-0	67	4261	285487
40	4	0	4-3-0	67	4262	285554
41	4	1	4-6-7-1	14	2915	40810
41	4	1	4-5-2-1	14	4804	67256
42	4	2	4-6-7-1-2	77	3685	283745
42	4	2	4-5-2	77	4034	310618
43	4	3	4-3	82	848	69536
43	4	3	4-6-7-9-11-10-3	82	6362	521684
45	4	5	4-5	59	1661	97999
45	4	5	4-6-7-9-8-5	59	4281	252579
46	4	6	4-6	79	805	63595
46	4	6	4-5-8-9-7-6	79	5137	405823
47	4	7	4-6-7	58	1683	97614
47	4	7	4-5-8-9-7	58	4259	247022
48	4	8	4-5-8	4	2940	11760
48	4	8	4-6-7-9-8	4	3002	12008
49	4	9	4-6-7-9	60	2460	147600
49	4	9	4-5-8-9	60	3482	208920
410	4	10	4-3-10	47	3464	162808
410	4	10	4-6-7-9-11-10	47	3746	176062
411	4	11	4-6-7-9-11	53	3451	182903
411	4	11	4-3-10-11	53	3759	199227
412	4	12	4-6-7-9-13-12	3	3705	11115
412	4	12	4-5-12	3	3946	11838
413	4	13	4-6-7-9-13	34	3194	108596
413	4	13	4-3-10-13	34	4029	136986
50	5	0	5-2-0	57	4397	250629
50	5	0	5-2-1-0	57	4489	255873
51	5	1	5-2-1	82	3143	257726
51	5	1	5-8-9-7-1	82	3830	314060
52	5	2	5-2	23	2373	54579
52	5	2	5-8-9-7-1-2	23	4600	105800
53	5	3	5-4-3	61	2509	153049
53	5	3	5-8-9-7-6-4-3	61	5129	312869
54	5	4	5-4	33	1661	54813
54	5	4	5-8-9-7-6-4	33	4281	141273
56	5	6	5-4-6	40	2466	98640
56	5	6	5-8-9-7-6	40	3476	139040
57	5	7	5-8-9-7	27	2598	70146
57	5	7	5-4-6-7	27	3344	90288
58	5	8	5-8	81	1279	103599
58	5	8	5-12-13-9-8	81	4072	329832
59	5	9	5-8-9	47	1821	85587
59	5	9	5-12-13-9	47	3530	165910
510	5	10	5-8-9-11-10	78	3107	242346
510	5	10	5-8-9-13-10	78	3120	243360
511	5	11	5-8-9-11	60	2812	168720
511	5	11	5-12-11	60	3389	203340
512	5	12	5-12	55	2285	125675
512	5	12	5-8-9-13-12	55	3066	168630
513	5	13	5-8-9-13	26	2555	66430
513	5	13	5-12-13	26	2796	72696
60	6	0	6-7-1-0	87	3456	300672
60	6	0	6-7-1-2-0	87	4904	426648
61	6	1	6-7-1	38	2110	80180
61	6	1	6-4-5-2-1	38	5609	213142
62	6	2	6-7-1-2	92	2880	264960
62	6	2	6-4-5-2	92	4839	445188
63	6	3	6-4-3	31	1653	51243
63	6	3	6-7-9-11-10-3	31	5557	172267
64	6	4	6-4	22	805	17710
64	6	4	6-7-9-8-5-4	22	5137	113014
65	6	5	6-4-5	81	2466	199746
65	6	5	6-7-9-8-5	81	3476	281556
67	6	7	6-7	3	878	2634
67	6	7	6-4-5-8-9-7	3	5064	15192
68	6	8	6-7-9-8	37	2197	81289
68	6	8	6-4-5-8	37	3745	138565
69	6	9	6-7-9	2	1655	3310
69	6	9	6-4-5-8-9	2	4287	8574
610	6	10	6-7-9-11-10	38	2941	111758
610	6	10	6-7-9-13-10	38	2954	112252
611	6	11	6-7-9-11	27	2646	71442
611	6	11	6-7-9-13-10-11	27	3249	87723
612	6	12	6-7-9-13-12	33	2900	95700
612	6	12	6-7-9-11-12	33	3750	123750
613	6	13	6-7-9-13	16	2389	38224
613	6	13	6-7-9-11-10-13	16	3506	56096
70	7	0	7-1-0	26	2578	67028
70	7	0	7-1-2-0	26	4026	104676
71	7	1	7-1	29	1232	35728
71	7	1	7-9-8-5-2-1	29	5741	166489
72	7	2	7-1-2	4	2002	8008
72	7	2	7-1-0-2	4	4602	18408
73	7	3	7-6-4-3	40	2531	101240
73	7	3	7-9-11-10-3	40	4679	187160
74	7	4	7-6-4	78	1683	131274
74	7	4	7-9-8-5-4	78	4259	332202
75	7	5	7-9-8-5	85	2598	220830
75	7	5	7-6-4-5	85	3344	284240
76	7	6	7-6	17	878	14926
76	7	6	7-9-8-5-4-6	17	5064	86088
78	7	8	7-9-8	56	1319	73864
78	7	8	7-6-4-5-8	56	4623	258888
79	7	9	7-9	72	777	55944
79	7	9	7-6-4-5-8-9	72	5165	371880
710	7	10	7-9-11-10	8	2063	16504
710	7	10	7-9-13-10	8	2076	16608
711	7	11	7-9-11	51	1768	90168
711	7	11	7-9-13-10-11	51	2371	120921
712	7	12	7-9-13-12	52	2022	105144
712	7	12	7-9-11-12	52	2872	149344
713	7	13	7-9-13	96	1511	145056
713	7	13	7-9-11-10-13	96	2628	252288
80	8	0	8-9-7-1-0	25	3897	97425
80	8	0	8-9-7-1-2-0	25	5345	133625
81	8	1	8-9-7-1	49	2551	124999
81	8	1	8-5-2-1	49	4422	216678
82	8	2	8-9-7-1-2	2	3321	6642
82	8	2	8-5-2	2	3652	7304
83	8	3	8-5-4-3	63	3788	238644
83	8	3	8-9-7-6-4-3	63	3850	242550
84	8	4	8-5-4	77	2940	226380
84	8	4	8-9-7-6-4	77	3002	231154
85	8	5	8-5	83	1279	106157
85	8	5	8-9-13-12-5	83	4072	337976
86	8	6	8-9-7-6	35	2197	76895
86	8	6	8-5-4-6	35	3745	131075
87	8	7	8-9-7	62	1319	81778
87	8	7	8-5-4-6-7	62	4623	286626
89	8	9	8-9	19	542	10298
89	8	9	8-5-12-13-9	19	4809	91371
810	8	10	8-9-11-10	90	1828	164520
810	8	10	8-9-13-10	90	1841	165690
811	8	11	8-9-11	59	1533	90447
811	8	11	8-9-13-10-11	59	2136	126024
812	8	12	8-9-13-12	27	1787	48249
812	8	12	8-9-11-12	27	2637	71199
813	8	13	8-9-13	97	1276	123772
813	8	13	8-9-11-10-13	97	2393	232121
90	9	0	9-7-1-0	11	3355	36905
90	9	0	9-7-1-2-0	11	4803	52833
91	9	1	9-7-1	53	2009	106477
91	9	1	9-8-5-2-1	53	4964	263092
92	9	2	9-7-1-2	50	2779	138950
92	9	2	9-8-5-2	50	4194	209700
93	9	3	9-7-6-4-3	44	3308	145552
93	9	3	9-11-10-3	44	3902	171688
94	9	4	9-7-6-4	32	2460	78720
94	9	4	9-8-5-4	32	3482	111424
95	9	5	9-8-5	19	1821	34599
95	9	5	9-13-12-5	19	3530	67070
96	9	6	9-7-6	38	1655	62890
96	9	6	9-8-5-4-6	38	4287	162906
97	9	7	9-7	97	777	75369
97	9	7	9-8-5-4-6-7	97	5165	501005
98	9	8	9-8	43	542	23306
98	9	8	9-13-12-5-8	43	4809	206787
910	9	10	9-11-10	91	1286	117026
910	9	10	9-13-10	91	1299	118209
911	9	11	9-11	40	991	39640
911	9	11	9-13-10-11	40	1594	63760
912	9	12	9-13-12	92	1245	114540
912	9	12	9-11-12	92	2095	192740
913	9	13	9-13	4	734	2936
913	9	13	9-11-10-13	4	1851	7404
100	10	0	10-11-9-7-1-0	25	4641	116025
100	10	0	10-13-9-7-1-0	25	4654	116350
101	10	1	10-11-9-7-1	85	3295	280075
101	10	1	10-13-9-7-1	85	3308	281180
102	10	2	10-11-9-7-1-2	41	4065	166665
102	10	2	10-13-9-7-1-2	41	4078	167198
103	10	3	10-3	22	2616	57552
103	10	3	10-11-9-7-6-4-3	22	4594	101068
104	10	4	10-3-4	13	3464	45032
104	10	4	10-11-9-7-6-4	13	3746	48698
105	10	5	10-11-9-8-5	32	3107	99424
105	10	5	10-13-9-8-5	32	3120	99840
106	10	6	10-11-9-7-6	3	2941	8823
106	10	6	10-13-9-7-6	3	2954	8862
107	10	7	10-11-9-7	5	2063	10315
107	10	7	10-13-9-7	5	2076	10380
108	10	8	10-11-9-8	37	1828	67636
108	10	8	10-13-9-8	37	1841	68117
109	10	9	10-11-9	23	1286	29578
109	10	9	10-13-9	23	1299	29877
1011	10	11	10-11	27	295	7965
1011	10	11	10-13-12-11	27	2180	58860
1012	10	12	10-13-12	67	1076	72092
1012	10	12	10-11-12	67	1399	93733
1013	10	13	10-13	38	565	21470
1013	10	13	10-11-12-13	38	1910	72580
110	11	0	11-9-7-1-0	54	4346	234684
110	11	0	11-10-13-9-7-1-0	54	4949	267246
111	11	1	11-9-7-1	28	3000	84000
111	11	1	11-10-13-9-7-1	28	3603	100884
112	11	2	11-9-7-1-2	85	3770	320450
112	11	2	11-10-13-9-7-1-2	85	4373	371705
113	11	3	11-10-3	95	2911	276545
113	11	3	11-9-7-6-4-3	95	4299	408405
114	11	4	11-9-7-6-4	79	3451	272629
114	11	4	11-10-3-4	79	3759	296961
115	11	5	11-9-8-5	94	2812	264328
115	11	5	11-12-5	94	3389	318566
116	11	6	11-9-7-6	70	2646	185220
116	11	6	11-10-13-9-7-6	70	3249	227430
117	11	7	11-9-7	23	1768	40664
117	11	7	11-10-13-9-7	23	2371	54533
118	11	8	11-9-8	99	1533	151767
118	11	8	11-10-13-9-8	99	2136	211464
119	11	9	11-9	35	991	34685
119	11	9	11-10-13-9	35	1594	55790
1110	11	10	11-10	88	295	25960
1110	11	10	11-12-13-10	88	2180	191840
1112	11	12	11-12	90	1104	99360
1112	11	12	11-10-13-12	90	1371	123390
1113	11	13	11-10-13	32	860	27520
1113	11	13	11-12-13	32	1615	51680
120	12	0	12-13-9-7-1-0	7	4600	32200
120	12	0	12-11-9-7-1-0	7	5450	38150
121	12	1	12-13-9-7-1	94	3254	305876
121	12	1	12-11-9-7-1	94	4104	385776
122	12	2	12-13-9-7-1-2	75	4024	301800
122	12	2	12-5-2	75	4658	349350
123	12	3	12-13-10-3	6	3692	22152
123	12	3	12-11-10-3	6	4015	24090
124	12	4	12-13-9-7-6-4	55	3705	203775
124	12	4	12-5-4	55	3946	217030
125	12	5	12-5	57	2285	130245
125	12	5	12-13-9-8-5	57	3066	174762
126	12	6	12-13-9-7-6	64	2900	185600
126	12	6	12-11-9-7-6	64	3750	240000
127	12	7	12-13-9-7	38	2022	76836
127	12	7	12-11-9-7	38	2872	109136
128	12	8	12-13-9-8	4	1787	7148
128	12	8	12-11-9-8	4	2637	10548
129	12	9	12-13-9	6	1245	7470
129	12	9	12-11-9	6	2095	12570
1210	12	10	12-13-10	16	1076	17216
1210	12	10	12-11-10	16	1399	22384
1211	12	11	12-11	27	1104	29808
1211	12	11	12-13-10-11	27	1371	37017
1213	12	13	12-13	56	511	28616
1213	12	13	12-11-10-13	56	1964	109984
130	13	0	13-9-7-1-0	53	4089	216717
130	13	0	13-10-11-9-7-1-0	53	5206	275918
131	13	1	13-9-7-1	35	2743	96005
131	13	1	13-10-11-9-7-1	35	3860	135100
132	13	2	13-9-7-1-2	12	3513	42156
132	13	2	13-10-11-9-7-1-2	12	4630	55560
133	13	3	13-10-3	50	3181	159050
133	13	3	13-9-7-6-4-3	50	4042	202100
134	13	4	13-9-7-6-4	2	3194	6388
134	13	4	13-10-3-4	2	4029	8058
135	13	5	13-9-8-5	95	2555	242725
135	13	5	13-12-5	95	2796	265620
136	13	6	13-9-7-6	48	2389	114672
136	13	6	13-10-11-9-7-6	48	3506	168288
137	13	7	13-9-7	81	1511	122391
137	13	7	13-10-11-9-7	81	2628	212868
138	13	8	13-9-8	15	1276	19140
138	13	8	13-10-11-9-8	15	2393	35895
139	13	9	13-9	67	734	49178
139	13	9	13-10-11-9	67	1851	124017
1310	13	10	13-10	64	565	36160
1310	13	10	13-12-11-10	64	1910	122240
1311	13	11	13-10-11	96	860	82560
1311	13	11	13-12-11	96	1615	155040
1312	13	12	13-12	45	511	22995
1312	13	12	13-10-11-12	45	1964	88380
