01	0	1	0-1	136	1	136
01	0	1	0-2-1	136	2	272
02	0	2	0-2	14	1	14
02	0	2	0-1-2	14	2	28
03	0	3	0-1-3	172	2	344
03	0	3	0-2-1-3	172	3	516
04	0	4	0-1-3-4	125	3	375
04	0	4	0-2-5-4	125	3	375
05	0	5	0-2-5	89	2	178
05	0	5	0-1-2-5	89	3	267
06	0	6	0-2-5-6	1	3	3
06	0	6	0-1-7-6	1	3	3
07	0	7	0-1-7	72	2	144
07	0	7	0-2-1-7	72	3	216
08	0	8	0-1-7-8	63	3	189
08	0	8	0-2-1-7-8	63	4	252
09	0	9	0-1-7-9	17	3	51
09	0	9	0-2-1-7-9	17	4	68
010	0	10	0-2-5-10	83	3	249
010	0	10	0-1-2-5-10	83	4	332
011	0	11	0-1-7-8-11	24	4	96
011	0	11	0-2-1-7-8-11	24	5	120
012	0	12	0-1-7-8-11-12	10	5	50
012	0	12	0-2-1-7-8-11-12	10	6	60
013	0	13	0-1-7-9-14-13	166	5	830
013	0	13	0-1-7-8-11-12-13	166	6	996
014	0	14	0-1-7-9-14	24	4	96
014	0	14	0-2-5-10-15-14	24	5	120
015	0	15	0-2-5-10-15	1	4	4
015	0	15	0-1-7-9-14-15	1	5	5
016	0	16	0-1-7-8-11-12-16	176	6	1056
016	0	16	0-2-1-7-8-11-12-16	176	7	1232
017	0	17	0-2-5-10-15-17	111	5	555
017	0	17	0-1-7-9-14-15-17	111	6	666
018	0	18	0-1-7-8-11-12-16-18	171	7	1197
018	0	18	0-2-1-7-8-11-12-16-18	171	8	1368
019	0	19	0-2-5-10-15-17-19	160	6	960
019	0	19	0-1-7-9-14-15-17-19	160	7	1120
020	0	20	0-2-5-10-15-17-19-20	102	7	714
020	0	20	0-1-7-8-11-12-16-18-20	102	8	816
10	1	0	1-0	115	1	115
10	1	0	1-2-0	115	2	230
12	1	2	1-2	96	1	96
12	1	2	1-0-2	96	2	192
13	1	3	1-3	53	1	53
13	1	3	1-2-5-4-3	53	4	212
14	1	4	1-3-4	60	2	120
14	1	4	1-2-5-4	60	3	180
15	1	5	1-2-5	163	2	326
15	1	5	1-0-2-5	163	3	489
16	1	6	1-7-6	63	2	126
16	1	6	1-2-5-6	63	3	189
17	1	7	1-7	92	1	92
17	1	7	1-2-5-6-7	92	4	368
18	1	8	1-7-8	15	2	30
18	1	8	1-2-5-6-7-8	15	5	75
19	1	9	1-7-9	131	2	262
19	1	9	1-2-5-6-7-9	131	5	655
110	1	10	1-2-5-10	182	3	546
110	1	10	1-0-2-5-10	182	4	728
111	1	11	1-7-8-11	24	3	72
111	1	11	1-7-9-14-13-12-11	24	6	144
112	1	12	1-7-8-11-12	159	4	636
112	1	12	1-7-9-14-13-12	159	5	795
113	1	13	1-7-9-14-13	47	4	188
113	1	13	1-7-8-11-12-13	47	5	235
114	1	14	1-7-9-14	193	3	579
114	1	14	1-2-5-10-15-14	193	5	965
115	1	15	1-7-9-14-15	7	4	28
115	1	15	1-2-5-10-15	7	4	28
116	1	16	1-7-8-11-12-16	116	5	580
116	1	16	1-7-9-14-13-12-16	116	6	696
117	1	17	1-7-9-14-15-17	149	5	745
117	1	17	1-2-5-10-15-17	149	5	745
118	1	18	1-7-8-11-12-16-18	176	6	1056
118	1	18	1-7-9-14-13-12-16-18	176	7	1232
119	1	19	1-7-9-14-15-17-19	23	6	138
119	1	19	1-2-5-10-15-17-19	23	6	138
120	1	20	1-7-8-11-12-16-18-20	55	7	385
120	1	20	1-2-5-10-15-17-19-20	55	7	385
20	2	0	2-0	67	1	67
20	2	0	2-1-0	67	2	134
21	2	1	2-1	33	1	33
21	2	1	2-0-1	33	2	66
23	2	3	2-1-3	12	2	24
23	2	3	2-0-1-3	12	3	36
24	2	4	2-5-4	72	2	144
24	2	4	2-1-3-4	72	3	216
25	2	5	2-5	7	1	7
25	2	5	2-1-3-4-5	7	4	28
26	2	6	2-5-6	155	2	310
26	2	6	2-1-7-6	155	3	465
27	2	7	2-1-7	99	2	198
27	2	7	2-0-1-7	99	3	297
28	2	8	2-1-7-8	79	3	237
28	2	8	2-0-1-7-8	79	4	316
29	2	9	2-1-7-9	161	3	483
29	2	9	2-0-1-7-9	161	4	644
210	2	10	2-5-10	16	2	32
210	2	10	2-1-3-4-5-10	16	5	80
211	2	11	2-1-7-8-11	40	4	160
211	2	11	2-0-1-7-8-11	40	5	200
212	2	12	2-1-7-8-11-12	199	5	995
212	2	12	2-0-1-7-8-11-12	199	6	1194
213	2	13	2-5-10-15-14-13	18	5	90
213	2	13	2-1-7-9-14-13	18	5	90
214	2	14	2-5-10-15-14	40	4	160
214	2	14	2-1-7-9-14	40	4	160
215	2	15	2-5-10-15	144	3	432
215	2	15	2-1-7-9-14-15	144	5	720
216	2	16	2-1-7-8-11-12-16	141	6	846
216	2	16	2-0-1-7-8-11-12-16	141	7	987
217	2	17	2-5-10-15-17	161	4	644
217	2	17	2-1-7-9-14-15-17	161	6	966
218	2	18	2-1-7-8-11-12-16-18	120	7	840
218	2	18	2-5-10-15-17-19-20-18	120	7	840
219	2	19	2-5-10-15-17-19	134	5	670
219	2	19	2-1-7-9-14-15-17-19	134	7	938
220	2	20	2-5-10-15-17-19-20	134	6	804
220	2	20	2-1-7-8-11-12-16-18-20	134	8	1072
30	3	0	3-1-0	65	2	130
30	3	0	3-1-2-0	65	3	195
31	3	1	3-1	69	1	69
31	3	1	3-4-5-2-1	69	4	276
32	3	2	3-1-2	146	2	292
32	3	2	3-1-0-2	146	3	438
34	3	4	3-4	191	1	191
34	3	4	3-1-2-5-4	191	4	764
35	3	5	3-4-5	78	2	156
35	3	5	3-1-2-5	78	3	234
36	3	6	3-4-5-6	195	3	585
36	3	6	3-1-7-6	195	3	585
37	3	7	3-1-7	26	2	52
37	3	7	3-4-5-6-7	26	4	104
38	3	8	3-1-7-8	77	3	231
38	3	8	3-4-5-6-7-8	77	5	385
39	3	9	3-1-7-9	104	3	312
39	3	9	3-4-5-6-7-9	104	5	520
310	3	10	3-4-5-10	139	3	417
310	3	10	3-1-2-5-10	139	4	556
311	3	11	3-1-7-8-11	136	4	544
311	3	11	3-4-5-6-7-8-11	136	6	816
312	3	12	3-1-7-8-11-12	66	5	330
312	3	12	3-1-7-9-14-13-12	66	6	396
313	3	13	3-1-7-9-14-13	70	5	350
313	3	13	3-1-7-8-11-12-13	70	6	420
314	3	14	3-1-7-9-14	19	4	76
314	3	14	3-4-5-10-15-14	19	5	95
315	3	15	3-4-5-10-15	105	4	420
315	3	15	3-1-7-9-14-15	105	5	525
316	3	16	3-1-7-8-11-12-16	67	6	402
316	3	16	3-1-7-9-14-13-12-16	67	7	469
317	3	17	3-4-5-10-15-17	2	5	10
317	3	17	3-1-7-9-14-15-17	2	6	12
318	3	18	3-1-7-8-11-12-16-18	26	7	182
318	3	18	3-1-7-9-14-13-12-16-18	26	8	208
319	3	19	3-4-5-10-15-17-19	184	6	1104
319	3	19	3-1-7-9-14-15-17-19	184	7	1288
320	3	20	3-4-5-10-15-17-19-20	36	7	252
320	3	20	3-1-7-8-11-12-16-18-20	36	8	288
40	4	0	4-3-1-0	100	3	300
40	4	0	4-5-2-0	100	3	300
41	4	1	4-3-1	44	2	88
41	4	1	4-5-2-1	44	3	132
42	4	2	4-5-2	141	2	282
42	4	2	4-3-1-2	141	3	423
43	4	3	4-3	25	1	25
43	4	3	4-5-2-1-3	25	4	100
45	4	5	4-5	60	1	60
45	4	5	4-3-1-2-5	60	4	240
46	4	6	4-5-6	45	2	90
46	4	6	4-3-1-7-6	45	4	180
47	4	7	4-3-1-7	120	3	360
47	4	7	4-5-6-7	120	3	360
48	4	8	4-3-1-7-8	194	4	776
48	4	8	4-5-6-7-8	194	4	776
49	4	9	4-3-1-7-9	3	4	12
49	4	9	4-5-6-7-9	3	4	12
410	4	10	4-5-10	113	2	226
410	4	10	4-3-1-2-5-10	113	5	565
411	4	11	4-3-1-7-8-11	78	5	390
411	4	11	4-5-6-7-8-11	78	5	390
412	4	12	4-3-1-7-8-11-12	157	6	942
412	4	12	4-5-10-15-14-13-12	157	6	942
413	4	13	4-5-10-15-14-13	131	5	655
413	4	13	4-3-1-7-9-14-13	131	6	786
414	4	14	4-5-10-15-14	87	4	348
414	4	14	4-3-1-7-9-14	87	5	435
415	4	15	4-5-10-15	37	3	111
415	4	15	4-3-1-7-9-14-15	37	6	222
416	4	16	4-3-1-7-8-11-12-16	84	7	588
416	4	16	4-5-10-15-14-13-12-16	84	7	588
417	4	17	4-5-10-15-17	186	4	744
417	4	17	4-3-1-7-9-14-15-17	186	7	1302
418	4	18	4-5-10-15-17-19-20-18	142	7	994
418	4	18	4-3-1-7-8-11-12-16-18	142	8	1136
419	4	19	4-5-10-15-17-19	100	5	500
419	4	19	4-3-1-7-9-14-15-17-19	100	8	800
420	4	20	4-5-10-15-17-19-20	67	6	402
420	4	20	4-3-1-7-8-11-12-16-18-20	67	9	603
50	5	0	5-2-0	134	2	268
50	5	0	5-2-1-0	134	3	402
51	5	1	5-2-1	66	2	132
51	5	1	5-2-0-1	66	3	198
52	5	2	5-2	171	1	171
52	5	2	5-4-3-1-2	171	4	684
53	5	3	5-4-3	19	2	38
53	5	3	5-2-1-3	19	3	57
54	5	4	5-4	149	1	149
54	5	4	5-2-1-3-4	149	4	596
56	5	6	5-6	87	1	87
56	5	6	5-2-1-7-6	87	4	348
57	5	7	5-6-7	55	2	110
57	5	7	5-2-1-7	55	3	165
58	5	8	5-6-7-8	136	3	408
58	5	8	5-2-1-7-8	136	4	544
59	5	9	5-6-7-9	37	3	111
59	5	9	5-10-15-14-9	37	4	148
510	5	10	5-10	75	1	75
510	5	10	5-6-7-9-14-15-10	75	6	450
511	5	11	5-6-7-8-11	167	4	668
511	5	11	5-2-1-7-8-11	167	5	835
512	5	12	5-6-7-8-11-12	145	5	725
512	5	12	5-10-15-14-13-12	145	5	725
513	5	13	5-10-15-14-13	134	4	536
513	5	13	5-6-7-9-14-13	134	5	670
514	5	14	5-10-15-14	84	3	252
514	5	14	5-6-7-9-14	84	4	336
515	5	15	5-10-15	146	2	292
515	5	15	5-6-7-9-14-15	146	5	730
516	5	16	5-6-7-8-11-12-16	34	6	204
516	5	16	5-10-15-14-13-12-16	34	6	204
517	5	17	5-10-15-17	4	3	12
517	5	17	5-6-7-9-14-15-17	4	6	24
518	5	18	5-10-15-17-19-20-18	78	6	468
518	5	18	5-6-7-8-11-12-16-18	78	7	546
519	5	19	5-10-15-17-19	80	4	320
519	5	19	5-6-7-9-14-15-17-19	80	7	560
520	5	20	5-10-15-17-19-20	50	5	250
520	5	20	5-6-7-8-11-12-16-18-20	50	8	400
60	6	0	6-7-1-0	188	3	564
60	6	0	6-5-2-0	188	3	564
61	6	1	6-7-1	150	2	300
61	6	1	6-5-2-1	150	3	450
62	6	2	6-5-2	172	2	344
62	6	2	6-7-1-2	172	3	516
63	6	3	6-7-1-3	104	3	312
63	6	3	6-5-4-3	104	3	312
64	6	4	6-5-4	17	2	34
64	6	4	6-7-1-3-4	17	4	68
65	6	5	6-5	166	1	166
65	6	5	6-7-1-2-5	166	4	664
67	6	7	6-7	33	1	33
67	6	7	6-5-2-1-7	33	4	132
68	6	8	6-7-8	93	2	186
68	6	8	6-5-2-1-7-8	93	5	465
69	6	9	6-7-9	50	2	100
69	6	9	6-5-10-15-14-9	50	5	250
610	6	10	6-5-10	175	2	350
610	6	10	6-7-9-14-15-10	175	5	875
611	6	11	6-7-8-11	167	3	501
611	6	11	6-7-9-14-13-12-11	167	6	1002
612	6	12	6-7-8-11-12	2	4	8
612	6	12	6-7-9-14-13-12	2	5	10
613	6	13	6-7-9-14-13	148	4	592
613	6	13	6-7-8-11-12-13	148	5	740
614	6	14	6-7-9-14	64	3	192
614	6	14	6-5-10-15-14	64	4	256
615	6	15	6-5-10-15	98	3	294
615	6	15	6-7-9-14-15	98	4	392
616	6	16	6-7-8-11-12-16	134	5	670
616	6	16	6-7-9-14-13-12-16	134	6	804
617	6	17	6-5-10-15-17	82	4	328
617	6	17	6-7-9-14-15-17	82	5	410
618	6	18	6-7-8-11-12-16-18	176	6	1056
618	6	18	6-7-9-14-13-12-16-18	176	7	1232
619	6	19	6-5-10-15-17-19	96	5	480
619	6	19	6-7-9-14-15-17-19	96	6	576
620	6	20	6-5-10-15-17-19-20	88	6	528
620	6	20	6-7-8-11-12-16-18-20	88	7	616
70	7	0	7-1-0	57	2	114
70	7	0	7-1-2-0	57	3	171
71	7	1	7-1	10	1	10
71	7	1	7-6-5-2-1	10	4	40
72	7	2	7-1-2	20	2	40
72	7	2	7-1-0-2	20	3	60
73	7	3	7-1-3	129	2	258
73	7	3	7-6-5-4-3	129	4	516
74	7	4	7-1-3-4	25	3	75
74	7	4	7-6-5-4	25	3	75
75	7	5	7-6-5	14	2	28
75	7	5	7-1-2-5	14	3	42
76	7	6	7-6	49	1	49
76	7	6	7-1-2-5-6	49	4	196
78	7	8	7-8	92	1	92
78	7	8	7-9-14-13-12-11-8	92	6	552
79	7	9	7-9	57	1	57
79	7	9	7-8-11-12-13-14-9	57	6	342
710	7	10	7-6-5-10	161	3	483
710	7	10	7-9-14-15-10	161	4	644
711	7	11	7-8-11	15	2	30
711	7	11	7-9-14-13-12-11	15	5	75
712	7	12	7-8-11-12	126	3	378
712	7	12	7-9-14-13-12	126	4	504
713	7	13	7-9-14-13	99	3	297
713	7	13	7-8-11-12-13	99	4	396
714	7	14	7-9-14	49	2	98
714	7	14	7-8-11-12-13-14	49	5	245
715	7	15	7-9-14-15	185	3	555
715	7	15	7-6-5-10-15	185	4	740
716	7	16	7-8-11-12-16	194	4	776
716	7	16	7-9-14-13-12-16	194	5	970
717	7	17	7-9-14-15-17	48	4	192
717	7	17	7-6-5-10-15-17	48	5	240
718	7	18	7-8-11-12-16-18	87	5	435
718	7	18	7-9-14-13-12-16-18	87	6	522
719	7	19	7-9-14-15-17-19	139	5	695
719	7	19	7-6-5-10-15-17-19	139	6	834
720	7	20	7-8-11-12-16-18-20	155	6	930
720	7	20	7-9-14-15-17-19-20	155	6	930
80	8	0	8-7-1-0	15	3	45
80	8	0	8-7-1-2-0	15	4	60
81	8	1	8-7-1	62	2	124
81	8	1	8-7-6-5-2-1	62	5	310
82	8	2	8-7-1-2	76	3	228
82	8	2	8-7-1-0-2	76	4	304
83	8	3	8-7-1-3	5	3	15
83	8	3	8-7-6-5-4-3	5	5	25
84	8	4	8-7-1-3-4	93	4	372
84	8	4	8-7-6-5-4	93	4	372
85	8	5	8-7-6-5	6	3	18
85	8	5	8-7-1-2-5	6	4	24
86	8	6	8-7-6	196	2	392
86	8	6	8-7-1-2-5-6	196	5	980
87	8	7	8-7	164	1	164
87	8	7	8-11-12-13-14-9-7	164	6	984
89	8	9	8-7-9	171	2	342
89	8	9	8-11-12-13-14-9	171	5	855
810	8	10	8-7-6-5-10	26	4	104
810	8	10	8-7-9-14-15-10	26	5	130
811	8	11	8-11	196	1	196
811	8	11	8-7-9-14-13-12-11	196	6	1176
812	8	12	8-11-12	127	2	254
812	8	12	8-7-9-14-13-12	127	5	635
813	8	13	8-11-12-13	108	3	324
813	8	13	8-7-9-14-13	108	4	432
814	8	14	8-7-9-14	24	3	72
814	8	14	8-11-12-13-14	24	4	96
815	8	15	8-7-9-14-15	116	4	464
815	8	15	8-11-12-13-14-15	116	5	580
816	8	16	8-11-12-16	131	3	393
816	8	16	8-7-9-14-13-12-16	131	6	786
817	8	17	8-7-9-14-15-17	44	5	220
817	8	17	8-11-12-13-14-15-17	44	6	264
818	8	18	8-11-12-16-18	20	4	80
818	8	18	8-7-9-14-13-12-16-18	20	7	140
819	8	19	8-7-9-14-15-17-19	184	6	1104
819	8	19	8-11-12-16-18-20-19	184	6	1104
820	8	20	8-11-12-16-18-20	143	5	715
820	8	20	8-7-9-14-15-17-19-20	143	7	1001
90	9	0	9-7-1-0	128	3	384
90	9	0	9-7-1-2-0	128	4	512
91	9	1	9-7-1	151	2	302
91	9	1	9-7-6-5-2-1	151	5	755
92	9	2	9-7-1-2	118	3	354
92	9	2	9-7-1-0-2	118	4	472
93	9	3	9-7-1-3	128	3	384
93	9	3	9-7-6-5-4-3	128	5	640
94	9	4	9-7-1-3-4	132	4	528
94	9	4	9-7-6-5-4	132	4	528
95	9	5	9-7-6-5	118	3	354
95	9	5	9-7-1-2-5	118	4	472
96	9	6	9-7-6	83	2	166
96	9	6	9-7-1-2-5-6	83	5	415
97	9	7	9-7	119	1	119
97	9	7	9-14-15-10-5-6-7	119	6	714
98	9	8	9-7-8	134	2	268
98	9	8	9-14-13-12-11-8	134	5	670
910	9	10	9-14-15-10	30	3	90
910	9	10	9-7-6-5-10	30	4	120
911	9	11	9-7-8-11	54	3	162
911	9	11	9-14-13-12-11	54	4	216
912	9	12	9-14-13-12	139	3	417
912	9	12	9-7-8-11-12	139	4	556
913	9	13	9-14-13	30	2	60
913	9	13	9-7-8-11-12-13	30	5	150
914	9	14	9-14	73	1	73
914	9	14	9-7-8-11-12-13-14	73	6	438
915	9	15	9-14-15	35	2	70
915	9	15	9-7-6-5-10-15	35	5	175
916	9	16	9-14-13-12-16	62	4	248
916	9	16	9-7-8-11-12-16	62	5	310
917	9	17	9-14-15-17	192	3	576
917	9	17	9-7-6-5-10-15-17	192	6	1152
918	9	18	9-14-13-12-16-18	103	5	515
918	9	18	9-7-8-11-12-16-18	103	6	618
919	9	19	9-14-15-17-19	27	4	108
919	9	19	9-7-6-5-10-15-17-19	27	7	189
920	9	20	9-14-15-17-19-20	61	5	305
920	9	20	9-14-13-12-16-18-20	61	6	366
100	10	0	10-5-2-0	41	3	123
100	10	0	10-5-2-1-0	41	4	164
101	10	1	10-5-2-1	192	3	576
101	10	1	10-5-2-0-1	192	4	768
102	10	2	10-5-2	154	2	308
102	10	2	10-5-4-3-1-2	154	5	770
103	10	3	10-5-4-3	181	3	543
103	10	3	10-5-2-1-3	181	4	724
104	10	4	10-5-4	197	2	394
104	10	4	10-5-2-1-3-4	197	5	985
105	10	5	10-5	88	1	88
105	10	5	10-15-14-9-7-6-5	88	6	528
106	10	6	10-5-6	155	2	310
106	10	6	10-5-2-1-7-6	155	5	775
107	10	7	10-5-6-7	123	3	369
107	10	7	10-5-2-1-7	123	4	492
108	10	8	10-5-6-7-8	73	4	292
108	10	8	10-5-2-1-7-8	73	5	365
109	10	9	10-15-14-9	158	3	474
109	10	9	10-5-6-7-9	158	4	632
1011	10	11	10-15-14-13-12-11	125	5	625
1011	10	11	10-5-6-7-8-11	125	5	625
1012	10	12	10-15-14-13-12	14	4	56
1012	10	12	10-5-6-7-8-11-12	14	6	84
1013	10	13	10-15-14-13	34	3	102
1013	10	13	10-5-6-7-9-14-13	34	6	204
1014	10	14	10-15-14	24	2	48
1014	10	14	10-5-6-7-9-14	24	5	120
1015	10	15	10-15	144	1	144
1015	10	15	10-5-6-7-9-14-15	144	6	864
1016	10	16	10-15-14-13-12-16	52	5	260
1016	10	16	10-15-17-19-20-18-16	52	6	312
1017	10	17	10-15-17	32	2	64
1017	10	17	10-5-6-7-9-14-15-17	32	7	224
1018	10	18	10-15-17-19-20-18	35	5	175
1018	10	18	10-15-14-13-12-16-18	35	6	210
1019	10	19	10-15-17-19	122	3	366
1019	10	19	10-5-6-7-9-14-15-17-19	122	8	976
1020	10	20	10-15-17-19-20	33	4	132
1020	10	20	10-15-14-13-12-16-18-20	33	7	231
110	11	0	11-8-7-1-0	142	4	568
110	11	0	11-8-7-1-2-0	142	5	710
111	11	1	11-8-7-1	174	3	522
111	11	1	11-8-7-6-5-2-1	174	6	1044
112	11	2	11-8-7-1-2	137	4	548
112	11	2	11-8-7-1-0-2	137	5	685
113	11	3	11-8-7-1-3	159	4	636
113	11	3	11-8-7-6-5-4-3	159	6	954
114	11	4	11-8-7-1-3-4	154	5	770
114	11	4	11-8-7-6-5-4	154	5	770
115	11	5	11-8-7-6-5	172	4	688
115	11	5	11-8-7-1-2-5	172	5	860
116	11	6	11-8-7-6	139	3	417
116	11	6	11-8-7-1-2-5-6	139	6	834
117	11	7	11-8-7	111	2	222
117	11	7	11-12-13-14-9-7	111	5	555
118	11	8	11-8	159	1	159
118	11	8	11-12-13-14-9-7-8	159	6	954
119	11	9	11-8-7-9	28	3	84
119	11	9	11-12-13-14-9	28	4	112
1110	11	10	11-12-13-14-15-10	35	5	175
1110	11	10	11-8-7-6-5-10	35	5	175
1112	11	12	11-12	25	1	25
1112	11	12	11-8-7-9-14-13-12	25	6	150
1113	11	13	11-12-13	178	2	356
1113	11	13	11-8-7-9-14-13	178	5	890
1114	11	14	11-12-13-14	30	3	90
1114	11	14	11-8-7-9-14	30	4	120
1115	11	15	11-12-13-14-15	172	4	688
1115	11	15	11-8-7-9-14-15	172	5	860
1116	11	16	11-12-16	42	2	84
1116	11	16	11-8-7-9-14-13-12-16	42	7	294
1117	11	17	11-12-13-14-15-17	182	5	910
1117	11	17	11-8-7-9-14-15-17	182	6	1092
1118	11	18	11-12-16-18	119	3	357
1118	11	18	11-8-7-9-14-13-12-16-18	119	8	952
1119	11	19	11-12-16-18-20-19	71	5	355
1119	11	19	11-12-13-14-15-17-19	71	6	426
1120	11	20	11-12-16-18-20	8	4	32
1120	11	20	11-12-13-14-15-17-19-20	8	7	56
120	12	0	12-11-8-7-1-0	134	5	670
120	12	0	12-13-14-9-7-1-0	134	6	804
121	12	1	12-11-8-7-1	173	4	692
121	12	1	12-13-14-9-7-1	173	5	865
122	12	2	12-11-8-7-1-2	196	5	980
122	12	2	12-11-8-7-1-0-2	196	6	1176
123	12	3	12-11-8-7-1-3	186	5	930
123	12	3	12-13-14-9-7-1-3	186	6	1116
124	12	4	12-11-8-7-1-3-4	169	6	1014
124	12	4	12-13-14-15-10-5-4	169	6	1014
125	12	5	12-11-8-7-6-5	161	5	805
125	12	5	12-13-14-15-10-5	161	5	805
126	12	6	12-11-8-7-6	198	4	792
126	12	6	12-13-14-9-7-6	198	5	990
127	12	7	12-11-8-7	197	3	591
127	12	7	12-13-14-9-7	197	4	788
128	12	8	12-11-8	101	2	202
128	12	8	12-13-14-9-7-8	101	5	505
129	12	9	12-13-14-9	28	3	84
129	12	9	12-11-8-7-9	28	4	112
1210	12	10	12-13-14-15-10	136	4	544
1210	12	10	12-11-8-7-6-5-10	136	6	816
1211	12	11	12-11	11	1	11
1211	12	11	12-13-14-9-7-8-11	11	6	66
1213	12	13	12-13	41	1	41
1213	12	13	12-11-8-7-9-14-13	41	6	246
1214	12	14	12-13-14	147	2	294
1214	12	14	12-11-8-7-9-14	147	5	735
1215	12	15	12-13-14-15	54	3	162
1215	12	15	12-11-8-7-9-14-15	54	6	324
1216	12	16	12-16	72	1	72
1216	12	16	12-13-14-15-17-19-20-18-16	72	8	576
1217	12	17	12-13-14-15-17	121	4	484
1217	12	17	12-16-18-20-19-17	121	5	605
1218	12	18	12-16-18	162	2	324
1218	12	18	12-13-14-15-17-19-20-18	162	7	1134
1219	12	19	12-16-18-20-19	62	4	248
1219	12	19	12-13-14-15-17-19	62	5	310
1220	12	20	12-16-18-20	178	3	534
1220	12	20	12-13-14-15-17-19-20	178	6	1068
130	13	0	13-14-9-7-1-0	42	5	210
130	13	0	13-12-11-8-7-1-0	42	6	252
131	13	1	13-14-9-7-1	63	4	252
131	13	1	13-12-11-8-7-1	63	5	315
132	13	2	13-14-9-7-1-2	158	5	790
132	13	2	13-14-15-10-5-2	158	5	790
133	13	3	13-14-9-7-1-3	31	5	155
133	13	3	13-12-11-8-7-1-3	31	6	186
134	13	4	13-14-15-10-5-4	47	5	235
134	13	4	13-14-9-7-1-3-4	47	6	282
135	13	5	13-14-15-10-5	190	4	760
135	13	5	13-14-9-7-6-5	190	5	950
136	13	6	13-14-9-7-6	160	4	640
136	13	6	13-14-15-10-5-6	160	5	800
137	13	7	13-14-9-7	121	3	363
137	13	7	13-12-11-8-7	121	4	484
138	13	8	13-12-11-8	41	3	123
138	13	8	13-14-9-7-8	41	4	164
139	13	9	13-14-9	151	2	302
139	13	9	13-12-11-8-7-9	151	5	755
1310	13	10	13-14-15-10	176	3	528
1310	13	10	13-14-9-7-6-5-10	176	6	1056
1311	13	11	13-12-11	127	2	254
1311	13	11	13-14-9-7-8-11	127	5	635
1312	13	12	13-12	133	1	133
1312	13	12	13-14-9-7-8-11-12	133	6	798
1314	13	14	13-14	149	1	149
1314	13	14	13-12-11-8-7-9-14	149	6	894
1315	13	15	13-14-15	115	2	230
1315	13	15	13-12-11-8-7-9-14-15	115	7	805
1316	13	16	13-12-16	76	2	152
1316	13	16	13-14-9-7-8-11-12-16	76	7	532
1317	13	17	13-14-15-17	93	3	279
1317	13	17	13-12-16-18-20-19-17	93	6	558
1318	13	18	13-12-16-18	42	3	126
1318	13	18	13-14-15-17-19-20-18	42	6	252
1319	13	19	13-14-15-17-19	25	4	100
1319	13	19	13-12-16-18-20-19	25	5	125
1320	13	20	13-12-16-18-20	172	4	688
1320	13	20	13-14-15-17-19-20	172	5	860
140	14	0	14-9-7-1-0	137	4	548
140	14	0	14-9-7-1-2-0	137	5	685
141	14	1	14-9-7-1	71	3	213
141	14	1	14-15-10-5-2-1	71	5	355
142	14	2	14-9-7-1-2	173	4	692
142	14	2	14-15-10-5-2	173	4	692
143	14	3	14-9-7-1-3	142	4	568
143	14	3	14-15-10-5-4-3	142	5	710
144	14	4	14-15-10-5-4	39	4	156
144	14	4	14-9-7-1-3-4	39	5	195
145	14	5	14-15-10-5	36	3	108
145	14	5	14-9-7-6-5	36	4	144
146	14	6	14-9-7-6	177	3	531
146	14	6	14-15-10-5-6	177	4	708
147	14	7	14-9-7	113	2	226
147	14	7	14-15-10-5-6-7	113	5	565
148	14	8	14-9-7-8	75	3	225
148	14	8	14-13-12-11-8	75	4	300
149	14	9	14-9	181	1	181
149	14	9	14-15-10-5-6-7-9	181	6	1086
1410	14	10	14-15-10	23	2	46
1410	14	10	14-9-7-6-5-10	23	5	115
1411	14	11	14-13-12-11	190	3	570
1411	14	11	14-9-7-8-11	190	4	760
1412	14	12	14-13-12	127	2	254
1412	14	12	14-9-7-8-11-12	127	5	635
1413	14	13	14-13	159	1	159
1413	14	13	14-9-7-8-11-12-13	159	6	954
1415	14	15	14-15	191	1	191
1415	14	15	14-9-7-6-5-10-15	191	6	1146
1416	14	16	14-13-12-16	109	3	327
1416	14	16	14-9-7-8-11-12-16	109	6	654
1417	14	17	14-15-17	150	2	300
1417	14	17	14-9-7-6-5-10-15-17	150	7	1050
1418	14	18	14-13-12-16-18	188	4	752
1418	14	18	14-15-17-19-20-18	188	5	940
1419	14	19	14-15-17-19	31	3	93
1419	14	19	14-13-12-16-18-20-19	31	6	186
1420	14	20	14-15-17-19-20	98	4	392
1420	14	20	14-13-12-16-18-20	98	5	490
150	15	0	15-10-5-2-0	166	4	664
150	15	0	15-10-5-2-1-0	166	5	830
151	15	1	15-10-5-2-1	147	4	588
151	15	1	15-14-9-7-1	147	4	588
152	15	2	15-10-5-2	112	3	336
152	15	2	15-14-9-7-1-2	112	5	560
153	15	3	15-10-5-4-3	109	4	436
153	15	3	15-10-5-2-1-3	109	5	545
154	15	4	15-10-5-4	36	3	108
154	15	4	15-10-5-2-1-3-4	36	6	216
155	15	5	15-10-5	56	2	112
155	15	5	15-14-9-7-6-5	56	5	280
156	15	6	15-10-5-6	110	3	330
156	15	6	15-14-9-7-6	110	4	440
157	15	7	15-14-9-7	157	3	471
157	15	7	15-10-5-6-7	157	4	628
158	15	8	15-14-9-7-8	150	4	600
158	15	8	15-14-13-12-11-8	150	5	750
159	15	9	15-14-9	171	2	342
159	15	9	15-10-5-6-7-9	171	5	855
1510	15	10	15-10	84	1	84
1510	15	10	15-14-9-7-6-5-10	84	6	504
1511	15	11	15-14-13-12-11	158	4	632
1511	15	11	15-14-9-7-8-11	158	5	790
1512	15	12	15-14-13-12	100	3	300
1512	15	12	15-14-9-7-8-11-12	100	6	600
1513	15	13	15-14-13	21	2	42
1513	15	13	15-14-9-7-8-11-12-13	21	7	147
1514	15	14	15-14	1	1	1
1514	15	14	15-10-5-6-7-9-14	1	6	6
1516	15	16	15-14-13-12-16	49	4	196
1516	15	16	15-17-19-20-18-16	49	5	245
1517	15	17	15-17	54	1	54
1517	15	17	15-14-13-12-16-18-20-19-17	54	8	432
1518	15	18	15-17-19-20-18	129	4	516
1518	15	18	15-14-13-12-16-18	129	5	645
1519	15	19	15-17-19	106	2	212
1519	15	19	15-14-13-12-16-18-20-19	106	7	742
1520	15	20	15-17-19-20	176	3	528
1520	15	20	15-14-13-12-16-18-20	176	6	1056
160	16	0	16-12-11-8-7-1-0	179	6	1074
160	16	0	16-12-13-14-9-7-1-0	179	7	1253
161	16	1	16-12-11-8-7-1	167	5	835
161	16	1	16-12-13-14-9-7-1	167	6	1002
162	16	2	16-12-11-8-7-1-2	28	6	168
162	16	2	16-12-11-8-7-1-0-2	28	7	196
163	16	3	16-12-11-8-7-1-3	127	6	762
163	16	3	16-12-13-14-9-7-1-3	127	7	889
164	16	4	16-12-11-8-7-1-3-4	40	7	280
164	16	4	16-12-13-14-15-10-5-4	40	7	280
165	16	5	16-12-11-8-7-6-5	117	6	702
165	16	5	16-12-13-14-15-10-5	117	6	702
166	16	6	16-12-11-8-7-6	27	5	135
166	16	6	16-12-13-14-9-7-6	27	6	162
167	16	7	16-12-11-8-7	64	4	256
167	16	7	16-12-13-14-9-7	64	5	320
168	16	8	16-12-11-8	76	3	228
168	16	8	16-12-13-14-9-7-8	76	6	456
169	16	9	16-12-13-14-9	105	4	420
169	16	9	16-12-11-8-7-9	105	5	525
1610	16	10	16-12-13-14-15-10	3	5	15
1610	16	10	16-18-20-19-17-15-10	3	6	18
1611	16	11	16-12-11	70	2	140
1611	16	11	16-12-13-14-9-7-8-11	70	7	490
1612	16	12	16-12	154	1	154
1612	16	12	16-18-20-19-17-15-14-13-12	154	8	1232
1613	16	13	16-12-13	155	2	310
1613	16	13	16-18-20-19-17-15-14-13	155	7	1085
1614	16	14	16-12-13-14	122	3	366
1614	16	14	16-18-20-19-17-15-14	122	6	732
1615	16	15	16-12-13-14-15	78	4	312
1615	16	15	16-18-20-19-17-15	78	5	390
1617	16	17	16-18-20-19-17	138	4	552
1617	16	17	16-12-13-14-15-17	138	5	690
1618	16	18	16-18	167	1	167
1618	16	18	16-12-13-14-15-17-19-20-18	167	8	1336
1619	16	19	16-18-20-19	131	3	393
1619	16	19	16-12-13-14-15-17-19	131	6	786
1620	16	20	16-18-20	30	2	60
1620	16	20	16-12-13-14-15-17-19-20	30	7	210
170	17	0	17-15-10-5-2-0	88	5	440
170	17	0	17-15-10-5-2-1-0	88	6	528
171	17	1	17-15-10-5-2-1	17	5	85
171	17	1	17-15-14-9-7-1	17	5	85
172	17	2	17-15-10-5-2	42	4	168
172	17	2	17-15-14-9-7-1-2	42	6	252
173	17	3	17-15-10-5-4-3	35	5	175
173	17	3	17-15-10-5-2-1-3	35	6	210
174	17	4	17-15-10-5-4	154	4	616
174	17	4	17-15-10-5-2-1-3-4	154	7	1078
175	17	5	17-15-10-5	98	3	294
175	17	5	17-15-14-9-7-6-5	98	6	588
176	17	6	17-15-10-5-6	120	4	480
176	17	6	17-15-14-9-7-6	120	5	600
177	17	7	17-15-14-9-7	162	4	648
177	17	7	17-15-10-5-6-7	162	5	810
178	17	8	17-15-14-9-7-8	47	5	235
178	17	8	17-15-14-13-12-11-8	47	6	282
179	17	9	17-15-14-9	197	3	591
179	17	9	17-15-10-5-6-7-9	197	6	1182
1710	17	10	17-15-10	76	2	152
1710	17	10	17-15-14-9-7-6-5-10	76	7	532
1711	17	11	17-15-14-13-12-11	115	5	575
1711	17	11	17-19-20-18-16-12-11	115	6	690
1712	17	12	17-15-14-13-12	43	4	172
1712	17	12	17-19-20-18-16-12	43	5	215
1713	17	13	17-15-14-13	48	3	144
1713	17	13	17-19-20-18-16-12-13	48	6	288
1714	17	14	17-15-14	30	2	60
1714	17	14	17-19-20-18-16-12-13-14	30	7	210
1715	17	15	17-15	43	1	43
1715	17	15	17-19-20-18-16-12-13-14-15	43	8	344
1716	17	16	17-19-20-18-16	81	4	324
1716	17	16	17-15-14-13-12-16	81	5	405
1718	17	18	17-19-20-18	167	3	501
1718	17	18	17-15-14-13-12-16-18	167	6	1002
1719	17	19	17-19	191	1	191
1719	17	19	17-15-14-13-12-16-18-20-19	191	8	1528
1720	17	20	17-19-20	10	2	20
1720	17	20	17-15-14-13-12-16-18-20	10	7	70
180	18	0	18-16-12-11-8-7-1-0	178	7	1246
180	18	0	18-16-12-13-14-9-7-1-0	178	8	1424
181	18	1	18-16-12-11-8-7-1	143	6	858
181	18	1	18-16-12-13-14-9-7-1	143	7	1001
182	18	2	18-16-12-11-8-7-1-2	108	7	756
182	18	2	18-20-19-17-15-10-5-2	108	7	756
183	18	3	18-16-12-11-8-7-1-3	114	7	798
183	18	3	18-16-12-13-14-9-7-1-3	114	8	912
184	18	4	18-20-19-17-15-10-5-4	41	7	287
184	18	4	18-16-12-11-8-7-1-3-4	41	8	328
185	18	5	18-20-19-17-15-10-5	77	6	462
185	18	5	18-16-12-11-8-7-6-5	77	7	539
186	18	6	18-16-12-11-8-7-6	195	6	1170
186	18	6	18-20-19-17-15-10-5-6	195	7	1365
187	18	7	18-16-12-11-8-7	180	5	900
187	18	7	18-16-12-13-14-9-7	180	6	1080
188	18	8	18-16-12-11-8	94	4	376
188	18	8	18-16-12-13-14-9-7-8	94	7	658
189	18	9	18-16-12-13-14-9	23	5	115
189	18	9	18-20-19-17-15-14-9	23	6	138
1810	18	10	18-20-19-17-15-10	94	5	470
1810	18	10	18-16-12-13-14-15-10	94	6	564
1811	18	11	18-16-12-11	108	3	324
1811	18	11	18-20-19-17-15-14-13-12-11	108	8	864
1812	18	12	18-16-12	162	2	324
1812	18	12	18-20-19-17-15-14-13-12	162	7	1134
1813	18	13	18-16-12-13	97	3	291
1813	18	13	18-20-19-17-15-14-13	97	6	582
1814	18	14	18-16-12-13-14	163	4	652
1814	18	14	18-20-19-17-15-14	163	5	815
1815	18	15	18-20-19-17-15	134	4	536
1815	18	15	18-16-12-13-14-15	134	5	670
1816	18	16	18-16	199	1	199
1816	18	16	18-20-19-17-15-14-13-12-16	199	8	1592
1817	18	17	18-20-19-17	6	3	18
1817	18	17	18-16-12-13-14-15-17	6	6	36
1819	18	19	18-20-19	61	2	122
1819	18	19	18-16-12-13-14-15-17-19	61	7	427
1820	18	20	18-20	175	1	175
1820	18	20	18-16-12-13-14-15-17-19-20	175	8	1400
190	19	0	19-17-15-10-5-2-0	174	6	1044
190	19	0	19-17-15-10-5-2-1-0	174	7	1218
191	19	1	19-17-15-10-5-2-1	105	6	630
191	19	1	19-17-15-14-9-7-1	105	6	630
192	19	2	19-17-15-10-5-2	28	5	140
192	19	2	19-17-15-14-9-7-1-2	28	7	196
193	19	3	19-17-15-10-5-4-3	82	6	492
193	19	3	19-17-15-10-5-2-1-3	82	7	574
194	19	4	19-17-15-10-5-4	53	5	265
194	19	4	19-17-15-10-5-2-1-3-4	53	8	424
195	19	5	19-17-15-10-5	36	4	144
195	19	5	19-17-15-14-9-7-6-5	36	7	252
196	19	6	19-17-15-10-5-6	16	5	80
196	19	6	19-17-15-14-9-7-6	16	6	96
197	19	7	19-17-15-14-9-7	161	5	805
197	19	7	19-17-15-10-5-6-7	161	6	966
198	19	8	19-20-18-16-12-11-8	168	6	1008
198	19	8	19-17-15-14-9-7-8	168	6	1008
199	19	9	19-17-15-14-9	73	4	292
199	19	9	19-20-18-16-12-13-14-9	73	7	511
1910	19	10	19-17-15-10	68	3	204
1910	19	10	19-20-18-16-12-13-14-15-10	68	8	544
1911	19	11	19-20-18-16-12-11	169	5	845
1911	19	11	19-17-15-14-13-12-11	169	6	1014
1912	19	12	19-20-18-16-12	157	4	628
1912	19	12	19-17-15-14-13-12	157	5	785
1913	19	13	19-17-15-14-13	11	4	44
1913	19	13	19-20-18-16-12-13	11	5	55
1914	19	14	19-17-15-14	167	3	501
1914	19	14	19-20-18-16-12-13-14	167	6	1002
1915	19	15	19-17-15	121	2	242
1915	19	15	19-20-18-16-12-13-14-15	121	7	847
1916	19	16	19-20-18-16	183	3	549
1916	19	16	19-17-15-14-13-12-16	183	6	1098
1917	19	17	19-17	47	1	47
1917	19	17	19-20-18-16-12-13-14-15-17	47	8	376
1918	19	18	19-20-18	94	2	188
1918	19	18	19-17-15-14-13-12-16-18	94	7	658
1920	19	20	19-20	164	1	164
1920	19	20	19-17-15-14-13-12-16-18-20	164	8	1312
200	20	0	20-19-17-15-10-5-2-0	144	7	1008
200	20	0	20-19-17-15-10-5-2-1-0	144	8	1152
201	20	1	20-19-17-15-10-5-2-1	52	7	364
201	20	1	20-19-17-15-14-9-7-1	52	7	364
202	20	2	20-19-17-15-10-5-2	142	6	852
202	20	2	20-18-16-12-11-8-7-1-2	142	8	1136
203	20	3	20-19-17-15-10-5-4-3	60	7	420
203	20	3	20-19-17-15-10-5-2-1-3	60	8	480
204	20	4	20-19-17-15-10-5-4	55	6	330
204	20	4	20-19-17-15-10-5-2-1-3-4	55	9	495
205	20	5	20-19-17-15-10-5	94	5	470
205	20	5	20-18-16-12-11-8-7-6-5	94	8	752
206	20	6	20-19-17-15-10-5-6	51	6	306
206	20	6	20-18-16-12-11-8-7-6	51	7	357
207	20	7	20-18-16-12-11-8-7	122	6	732
207	20	7	20-19-17-15-14-9-7	122	6	732
208	20	8	20-18-16-12-11-8	186	5	930
208	20	8	20-19-17-15-14-9-7-8	186	7	1302
209	20	9	20-19-17-15-14-9	59	5	295
209	20	9	20-18-16-12-13-14-9	59	6	354
2010	20	10	20-19-17-15-10	199	4	796
2010	20	10	20-18-16-12-13-14-15-10	199	7	1393
2011	20	11	20-18-16-12-11	33	4	132
2011	20	11	20-19-17-15-14-13-12-11	33	7	231
2012	20	12	20-18-16-12	34	3	102
2012	20	12	20-19-17-15-14-13-12	34	6	204
2013	20	13	20-18-16-12-13	69	4	276
2013	20	13	20-19-17-15-14-13	69	5	345
2014	20	14	20-19-17-15-14	157	4	628
2014	20	14	20-18-16-12-13-14	157	5	785
2015	20	15	20-19-17-15	93	3	279
2015	20	15	20-18-16-12-13-14-15	93	6	558
2016	20	16	20-18-16	192	2	384
2016	20	16	20-19-17-15-14-13-12-16	192	7	1344
2017	20	17	20-19-17	104	2	208
2017	20	17	20-18-16-12-13-14-15-17	104	7	728
2018	20	18	20-18	188	1	188
2018	20	18	20-19-17-15-14-13-12-16-18	188	8	1504
2019	20	19	20-19	96	1	96
2019	20	19	20-18-16-12-13-14-15-17-19	96	8	768
