01	0	1	0-1	98	1	98
01	0	1	0-2-1	98	2	196
01	0	1	0-2-5-4-3-1	98	5	490
01	0	1	0-2-5-6-7-1	98	5	490
01	0	1	0-2-5-10-15-14-9-7-1	98	8	784
02	0	2	0-2	70	1	70
02	0	2	0-1-2	70	2	140
02	0	2	0-1-3-4-5-2	70	5	350
02	0	2	0-1-7-6-5-2	70	5	350
02	0	2	0-1-7-9-14-15-10-5-2	70	8	560
03	0	3	0-1-3	40	2	80
03	0	3	0-2-1-3	40	3	120
03	0	3	0-2-5-4-3	40	4	160
03	0	3	0-1-2-5-4-3	40	5	200
03	0	3	0-2-5-6-7-1-3	40	6	240
04	0	4	0-1-3-4	52	3	156
04	0	4	0-2-5-4	52	3	156
04	0	4	0-2-1-3-4	52	4	208
04	0	4	0-1-2-5-4	52	4	208
04	0	4	0-1-7-6-5-4	52	5	260
05	0	5	0-2-5	86	2	172
05	0	5	0-1-2-5	86	3	258
05	0	5	0-1-3-4-5	86	4	344
05	0	5	0-1-7-6-5	86	4	344
05	0	5	0-2-1-3-4-5	86	5	430
06	0	6	0-2-5-6	91	3	273
06	0	6	0-1-7-6	91	3	273
06	0	6	0-1-2-5-6	91	4	364
06	0	6	0-2-1-7-6	91	4	364
06	0	6	0-1-3-4-5-6	91	5	455
07	0	7	0-1-7	30	2	60
07	0	7	0-2-1-7	30	3	90
07	0	7	0-2-5-6-7	30	4	120
07	0	7	0-1-2-5-6-7	30	5	150
07	0	7	0-2-5-4-3-1-7	30	6	180
08	0	8	0-1-7-8	13	3	39
08	0	8	0-2-1-7-8	13	4	52
08	0	8	0-2-5-6-7-8	13	5	65
08	0	8	0-1-2-5-6-7-8	13	6	78
08	0	8	0-2-5-4-3-1-7-8	13	7	91
09	0	9	0-1-7-9	81	3	243
09	0	9	0-2-1-7-9	81	4	324
09	0	9	0-2-5-6-7-9	81	5	405
09	0	9	0-2-5-10-15-14-9	81	6	486
09	0	9	0-1-2-5-6-7-9	81	6	486
010	0	10	0-2-5-10	0	3	0
010	0	10	0-1-2-5-10	0	4	0
010	0	10	0-1-3-4-5-10	0	5	0
010	0	10	0-1-7-6-5-10	0	5	0
010	0	10	0-1-7-9-14-15-10	0	6	0
011	0	11	0-1-7-8-11	59	4	236
011	0	11	0-2-1-7-8-11	59	5	295
011	0	11	0-2-5-6-7-8-11	59	6	354
011	0	11	0-1-7-9-14-13-12-11	59	7	413
011	0	11	0-1-2-5-6-7-8-11	59	7	413
012	0	12	0-1-7-8-11-12	93	5	465
012	0	12	0-2-1-7-8-11-12	93	6	558
012	0	12	0-1-7-9-14-13-12	93	6	558
012	0	12	0-2-5-6-7-8-11-12	93	7	651
012	0	12	0-2-1-7-9-14-13-12	93	7	651
013	0	13	0-1-7-9-14-13	55	5	275
013	0	13	0-1-7-8-11-12-13	55	6	330
013	0	13	0-2-1-7-9-14-13	55	6	330
013	0	13	0-2-5-10-15-14-13	55	6	330
013	0	13	0-2-1-7-8-11-12-13	55	7	385
014	0	14	0-1-7-9-14	9	4	36
014	0	14	0-2-5-10-15-14	9	5	45
014	0	14	0-2-1-7-9-14	9	5	45
014	0	14	0-1-2-5-10-15-14	9	6	54
014	0	14	0-2-5-6-7-9-14	9	6	54
015	0	15	0-2-5-10-15	72	4	288
015	0	15	0-1-7-9-14-15	72	5	360
015	0	15	0-1-2-5-10-15	72	5	360
015	0	15	0-2-1-7-9-14-15	72	6	432
015	0	15	0-1-7-6-5-10-15	72	6	432
016	0	16	0-1-7-8-11-12-16	13	6	78
016	0	16	0-2-1-7-8-11-12-16	13	7	91
016	0	16	0-1-7-9-14-13-12-16	13	7	91
016	0	16	0-2-5-6-7-8-11-12-16	13	8	104
016	0	16	0-2-5-10-15-14-13-12-16	13	8	104
017	0	17	0-2-5-10-15-17	11	5	55
017	0	17	0-1-7-9-14-15-17	11	6	66
017	0	17	0-1-2-5-10-15-17	11	6	66
017	0	17	0-2-1-7-9-14-15-17	11	7	77
017	0	17	0-1-7-6-5-10-15-17	11	7	77
018	0	18	0-1-7-8-11-12-16-18	49	7	343
018	0	18	0-2-1-7-8-11-12-16-18	49	8	392
018	0	18	0-2-5-10-15-17-19-20-18	49	8	392
018	0	18	0-1-7-9-14-13-12-16-18	49	8	392
018	0	18	0-2-5-6-7-8-11-12-16-18	49	9	441
019	0	19	0-2-5-10-15-17-19	64	6	384
019	0	19	0-1-7-9-14-15-17-19	64	7	448
019	0	19	0-1-2-5-10-15-17-19	64	7	448
019	0	19	0-2-1-7-9-14-15-17-19	64	8	512
019	0	19	0-1-7-6-5-10-15-17-19	64	8	512
020	0	20	0-2-5-10-15-17-19-20	88	7	616
020	0	20	0-1-7-8-11-12-16-18-20	88	8	704
020	0	20	0-1-2-5-10-15-17-19-20	88	8	704
020	0	20	0-1-7-9-14-15-17-19-20	88	8	704
020	0	20	0-2-1-7-8-11-12-16-18-20	88	9	792
10	1	0	1-0	79	1	79
10	1	0	1-2-0	79	2	158
10	1	0	1-3-4-5-2-0	79	5	395
10	1	0	1-7-6-5-2-0	79	5	395
10	1	0	1-7-9-14-15-10-5-2-0	79	8	632
12	1	2	1-2	85	1	85
12	1	2	1-0-2	85	2	170
12	1	2	1-3-4-5-2	85	4	340
12	1	2	1-7-6-5-2	85	4	340
12	1	2	1-7-9-14-15-10-5-2	85	7	595
13	1	3	1-3	65	1	65
13	1	3	1-2-5-4-3	65	4	260
13	1	3	1-0-2-5-4-3	65	5	325
13	1	3	1-7-6-5-4-3	65	5	325
13	1	3	1-7-9-14-15-10-5-4-3	65	8	520
14	1	4	1-3-4	6	2	12
14	1	4	1-2-5-4	6	3	18
14	1	4	1-0-2-5-4	6	4	24
14	1	4	1-7-6-5-4	6	4	24
14	1	4	1-7-9-14-15-10-5-4	6	7	42
15	1	5	1-2-5	6	2	12
15	1	5	1-0-2-5	6	3	18
15	1	5	1-7-6-5	6	3	18
15	1	5	1-3-4-5	6	3	18
15	1	5	1-7-9-14-15-10-5	6	6	36
16	1	6	1-7-6	47	2	94
16	1	6	1-2-5-6	47	3	141
16	1	6	1-0-2-5-6	47	4	188
16	1	6	1-3-4-5-6	47	4	188
16	1	6	1-7-9-14-15-10-5-6	47	7	329
17	1	7	1-7	20	1	20
17	1	7	1-2-5-6-7	20	4	80
17	1	7	1-0-2-5-6-7	20	5	100
17	1	7	1-3-4-5-6-7	20	5	100
17	1	7	1-2-5-10-15-14-9-7	20	7	140
18	1	8	1-7-8	83	2	166
18	1	8	1-2-5-6-7-8	83	5	415
18	1	8	1-0-2-5-6-7-8	83	6	498
18	1	8	1-3-4-5-6-7-8	83	6	498
18	1	8	1-7-9-14-13-12-11-8	83	7	581
19	1	9	1-7-9	96	2	192
19	1	9	1-2-5-6-7-9	96	5	480
19	1	9	1-2-5-10-15-14-9	96	6	576
19	1	9	1-3-4-5-6-7-9	96	6	576
19	1	9	1-0-2-5-6-7-9	96	6	576
110	1	10	1-2-5-10	33	3	99
110	1	10	1-0-2-5-10	33	4	132
110	1	10	1-3-4-5-10	33	4	132
110	1	10	1-7-6-5-10	33	4	132
110	1	10	1-7-9-14-15-10	33	5	165
111	1	11	1-7-8-11	6	3	18
111	1	11	1-7-9-14-13-12-11	6	6	36
111	1	11	1-2-5-6-7-8-11	6	6	36
111	1	11	1-0-2-5-6-7-8-11	6	7	42
111	1	11	1-3-4-5-6-7-8-11	6	7	42
112	1	12	1-7-8-11-12	25	4	100
112	1	12	1-7-9-14-13-12	25	5	125
112	1	12	1-2-5-6-7-8-11-12	25	7	175
112	1	12	1-2-5-10-15-14-13-12	25	7	175
112	1	12	1-0-2-5-6-7-8-11-12	25	8	200
113	1	13	1-7-9-14-13	26	4	104
113	1	13	1-7-8-11-12-13	26	5	130
113	1	13	1-2-5-10-15-14-13	26	6	156
113	1	13	1-0-2-5-10-15-14-13	26	7	182
113	1	13	1-3-4-5-10-15-14-13	26	7	182
114	1	14	1-7-9-14	61	3	183
114	1	14	1-2-5-10-15-14	61	5	305
114	1	14	1-7-8-11-12-13-14	61	6	366
114	1	14	1-2-5-6-7-9-14	61	6	366
114	1	14	1-3-4-5-10-15-14	61	6	366
115	1	15	1-7-9-14-15	21	4	84
115	1	15	1-2-5-10-15	21	4	84
115	1	15	1-0-2-5-10-15	21	5	105
115	1	15	1-7-6-5-10-15	21	5	105
115	1	15	1-3-4-5-10-15	21	5	105
116	1	16	1-7-8-11-12-16	42	5	210
116	1	16	1-7-9-14-13-12-16	42	6	252
116	1	16	1-2-5-6-7-8-11-12-16	42	8	336
116	1	16	1-2-5-10-15-14-13-12-16	42	8	336
116	1	16	1-0-2-5-6-7-8-11-12-16	42	9	378
117	1	17	1-7-9-14-15-17	91	5	455
117	1	17	1-2-5-10-15-17	91	5	455
117	1	17	1-0-2-5-10-15-17	91	6	546
117	1	17	1-3-4-5-10-15-17	91	6	546
117	1	17	1-7-6-5-10-15-17	91	6	546
118	1	18	1-7-8-11-12-16-18	53	6	318
118	1	18	1-7-9-14-13-12-16-18	53	7	371
118	1	18	1-7-9-14-15-17-19-20-18	53	8	424
118	1	18	1-2-5-10-15-17-19-20-18	53	8	424
118	1	18	1-2-5-6-7-8-11-12-16-18	53	9	477
119	1	19	1-7-9-14-15-17-19	93	6	558
119	1	19	1-2-5-10-15-17-19	93	6	558
119	1	19	1-0-2-5-10-15-17-19	93	7	651
119	1	19	1-7-6-5-10-15-17-19	93	7	651
119	1	19	1-3-4-5-10-15-17-19	93	7	651
120	1	20	1-7-8-11-12-16-18-20	72	7	504
120	1	20	1-2-5-10-15-17-19-20	72	7	504
120	1	20	1-7-9-14-15-17-19-20	72	7	504
120	1	20	1-7-9-14-13-12-16-18-20	72	8	576
120	1	20	1-3-4-5-10-15-17-19-20	72	8	576
20	2	0	2-0	37	1	37
20	2	0	2-1-0	37	2	74
20	2	0	2-5-4-3-1-0	37	5	185
20	2	0	2-5-6-7-1-0	37	5	185
20	2	0	2-5-10-15-14-9-7-1-0	37	8	296
21	2	1	2-1	93	1	93
21	2	1	2-0-1	93	2	186
21	2	1	2-5-4-3-1	93	4	372
21	2	1	2-5-6-7-1	93	4	372
21	2	1	2-5-10-15-14-9-7-1	93	7	651
23	2	3	2-1-3	23	2	46
23	2	3	2-0-1-3	23	3	69
23	2	3	2-5-4-3	23	3	69
23	2	3	2-5-6-7-1-3	23	5	115
23	2	3	2-1-7-6-5-4-3	23	6	138
24	2	4	2-5-4	59	2	118
24	2	4	2-1-3-4	59	3	177
24	2	4	2-0-1-3-4	59	4	236
24	2	4	2-1-7-6-5-4	59	5	295
24	2	4	2-5-6-7-1-3-4	59	6	354
25	2	5	2-5	20	1	20
25	2	5	2-1-3-4-5	20	4	80
25	2	5	2-1-7-6-5	20	4	80
25	2	5	2-0-1-3-4-5	20	5	100
25	2	5	2-0-1-7-6-5	20	5	100
26	2	6	2-5-6	0	2	0
26	2	6	2-1-7-6	0	3	0
26	2	6	2-0-1-7-6	0	4	0
26	2	6	2-1-3-4-5-6	0	5	0
26	2	6	2-0-1-3-4-5-6	0	6	0
27	2	7	2-1-7	23	2	46
27	2	7	2-0-1-7	23	3	69
27	2	7	2-5-6-7	23	3	69
27	2	7	2-5-4-3-1-7	23	5	115
27	2	7	2-1-3-4-5-6-7	23	6	138
28	2	8	2-1-7-8	8	3	24
28	2	8	2-0-1-7-8	8	4	32
28	2	8	2-5-6-7-8	8	4	32
28	2	8	2-5-4-3-1-7-8	8	6	48
28	2	8	2-1-3-4-5-6-7-8	8	7	56
29	2	9	2-1-7-9	7	3	21
29	2	9	2-0-1-7-9	7	4	28
29	2	9	2-5-6-7-9	7	4	28
29	2	9	2-5-10-15-14-9	7	5	35
29	2	9	2-5-4-3-1-7-9	7	6	42
210	2	10	2-5-10	65	2	130
210	2	10	2-1-3-4-5-10	65	5	325
210	2	10	2-1-7-6-5-10	65	5	325
210	2	10	2-1-7-9-14-15-10	65	6	390
210	2	10	2-0-1-7-6-5-10	65	6	390
211	2	11	2-1-7-8-11	55	4	220
211	2	11	2-0-1-7-8-11	55	5	275
211	2	11	2-5-6-7-8-11	55	5	275
211	2	11	2-5-10-15-14-13-12-11	55	7	385
211	2	11	2-5-4-3-1-7-8-11	55	7	385
212	2	12	2-1-7-8-11-12	96	5	480
212	2	12	2-0-1-7-8-11-12	96	6	576
212	2	12	2-1-7-9-14-13-12	96	6	576
212	2	12	2-5-10-15-14-13-12	96	6	576
212	2	12	2-5-6-7-8-11-12	96	6	576
213	2	13	2-5-10-15-14-13	70	5	350
213	2	13	2-1-7-9-14-13	70	5	350
213	2	13	2-1-7-8-11-12-13	70	6	420
213	2	13	2-5-6-7-9-14-13	70	6	420
213	2	13	2-0-1-7-9-14-13	70	6	420
214	2	14	2-5-10-15-14	36	4	144
214	2	14	2-1-7-9-14	36	4	144
214	2	14	2-0-1-7-9-14	36	5	180
214	2	14	2-5-6-7-9-14	36	5	180
214	2	14	2-1-7-8-11-12-13-14	36	7	252
215	2	15	2-5-10-15	22	3	66
215	2	15	2-1-7-9-14-15	22	5	110
215	2	15	2-0-1-7-9-14-15	22	6	132
215	2	15	2-1-7-6-5-10-15	22	6	132
215	2	15	2-1-3-4-5-10-15	22	6	132
216	2	16	2-1-7-8-11-12-16	27	6	162
216	2	16	2-0-1-7-8-11-12-16	27	7	189
216	2	16	2-5-6-7-8-11-12-16	27	7	189
216	2	16	2-5-10-15-14-13-12-16	27	7	189
216	2	16	2-1-7-9-14-13-12-16	27	7	189
217	2	17	2-5-10-15-17	12	4	48
217	2	17	2-1-7-9-14-15-17	12	6	72
217	2	17	2-0-1-7-9-14-15-17	12	7	84
217	2	17	2-1-3-4-5-10-15-17	12	7	84
217	2	17	2-1-7-6-5-10-15-17	12	7	84
218	2	18	2-1-7-8-11-12-16-18	29	7	203
218	2	18	2-5-10-15-17-19-20-18	29	7	203
218	2	18	2-0-1-7-8-11-12-16-18	29	8	232
218	2	18	2-1-7-9-14-13-12-16-18	29	8	232
218	2	18	2-5-10-15-14-13-12-16-18	29	8	232
219	2	19	2-5-10-15-17-19	4	5	20
219	2	19	2-1-7-9-14-15-17-19	4	7	28
219	2	19	2-0-1-7-9-14-15-17-19	4	8	32
219	2	19	2-1-7-6-5-10-15-17-19	4	8	32
219	2	19	2-1-3-4-5-10-15-17-19	4	8	32
220	2	20	2-5-10-15-17-19-20	69	6	414
220	2	20	2-1-7-8-11-12-16-18-20	69	8	552
220	2	20	2-1-7-9-14-15-17-19-20	69	8	552
220	2	20	2-0-1-7-8-11-12-16-18-20	69	9	621
220	2	20	2-1-3-4-5-10-15-17-19-20	69	9	621
30	3	0	3-1-0	10	2	20
30	3	0	3-1-2-0	10	3	30
30	3	0	3-4-5-2-0	10	4	40
30	3	0	3-4-5-2-1-0	10	5	50
30	3	0	3-4-5-6-7-1-0	10	6	60
31	3	1	3-1	74	1	74
31	3	1	3-4-5-2-1	74	4	296
31	3	1	3-4-5-2-0-1	74	5	370
31	3	1	3-4-5-6-7-1	74	5	370
31	3	1	3-4-5-10-15-14-9-7-1	74	8	592
32	3	2	3-1-2	64	2	128
32	3	2	3-1-0-2	64	3	192
32	3	2	3-4-5-2	64	3	192
32	3	2	3-1-7-6-5-2	64	5	320
32	3	2	3-4-5-6-7-1-2	64	6	384
34	3	4	3-4	56	1	56
34	3	4	3-1-2-5-4	56	4	224
34	3	4	3-1-0-2-5-4	56	5	280
34	3	4	3-1-7-6-5-4	56	5	280
34	3	4	3-1-7-9-14-15-10-5-4	56	8	448
35	3	5	3-4-5	85	2	170
35	3	5	3-1-2-5	85	3	255
35	3	5	3-1-0-2-5	85	4	340
35	3	5	3-1-7-6-5	85	4	340
35	3	5	3-1-7-9-14-15-10-5	85	7	595
36	3	6	3-4-5-6	97	3	291
36	3	6	3-1-7-6	97	3	291
36	3	6	3-1-2-5-6	97	4	388
36	3	6	3-1-0-2-5-6	97	5	485
36	3	6	3-4-5-2-1-7-6	97	6	582
37	3	7	3-1-7	15	2	30
37	3	7	3-4-5-6-7	15	4	60
37	3	7	3-4-5-2-1-7	15	5	75
37	3	7	3-1-2-5-6-7	15	5	75
37	3	7	3-4-5-2-0-1-7	15	6	90
38	3	8	3-1-7-8	47	3	141
38	3	8	3-4-5-6-7-8	47	5	235
38	3	8	3-4-5-2-1-7-8	47	6	282
38	3	8	3-1-2-5-6-7-8	47	6	282
38	3	8	3-4-5-2-0-1-7-8	47	7	329
39	3	9	3-1-7-9	85	3	255
39	3	9	3-4-5-6-7-9	85	5	425
39	3	9	3-4-5-10-15-14-9	85	6	510
39	3	9	3-1-2-5-6-7-9	85	6	510
39	3	9	3-4-5-2-1-7-9	85	6	510
310	3	10	3-4-5-10	94	3	282
310	3	10	3-1-2-5-10	94	4	376
310	3	10	3-1-0-2-5-10	94	5	470
310	3	10	3-1-7-6-5-10	94	5	470
310	3	10	3-1-7-9-14-15-10	94	6	564
311	3	11	3-1-7-8-11	55	4	220
311	3	11	3-4-5-6-7-8-11	55	6	330
311	3	11	3-1-7-9-14-13-12-11	55	7	385
311	3	11	3-1-2-5-6-7-8-11	55	7	385
311	3	11	3-4-5-2-1-7-8-11	55	7	385
312	3	12	3-1-7-8-11-12	65	5	325
312	3	12	3-1-7-9-14-13-12	65	6	390
312	3	12	3-4-5-6-7-8-11-12	65	7	455
312	3	12	3-4-5-10-15-14-13-12	65	7	455
312	3	12	3-4-5-2-1-7-8-11-12	65	8	520
313	3	13	3-1-7-9-14-13	70	5	350
313	3	13	3-1-7-8-11-12-13	70	6	420
313	3	13	3-4-5-10-15-14-13	70	6	420
313	3	13	3-1-2-5-10-15-14-13	70	7	490
313	3	13	3-4-5-6-7-9-14-13	70	7	490
314	3	14	3-1-7-9-14	12	4	48
314	3	14	3-4-5-10-15-14	12	5	60
314	3	14	3-1-2-5-10-15-14	12	6	72
314	3	14	3-4-5-6-7-9-14	12	6	72
314	3	14	3-1-7-8-11-12-13-14	12	7	84
315	3	15	3-4-5-10-15	63	4	252
315	3	15	3-1-7-9-14-15	63	5	315
315	3	15	3-1-2-5-10-15	63	5	315
315	3	15	3-1-0-2-5-10-15	63	6	378
315	3	15	3-1-7-6-5-10-15	63	6	378
316	3	16	3-1-7-8-11-12-16	97	6	582
316	3	16	3-1-7-9-14-13-12-16	97	7	679
316	3	16	3-4-5-6-7-8-11-12-16	97	8	776
316	3	16	3-4-5-10-15-14-13-12-16	97	8	776
316	3	16	3-4-5-2-1-7-8-11-12-16	97	9	873
317	3	17	3-4-5-10-15-17	21	5	105
317	3	17	3-1-7-9-14-15-17	21	6	126
317	3	17	3-1-2-5-10-15-17	21	6	126
317	3	17	3-1-0-2-5-10-15-17	21	7	147
317	3	17	3-1-7-6-5-10-15-17	21	7	147
318	3	18	3-1-7-8-11-12-16-18	83	7	581
318	3	18	3-1-7-9-14-13-12-16-18	83	8	664
318	3	18	3-4-5-10-15-17-19-20-18	83	8	664
318	3	18	3-4-5-6-7-8-11-12-16-18	83	9	747
318	3	18	3-1-2-5-10-15-17-19-20-18	83	9	747
319	3	19	3-4-5-10-15-17-19	19	6	114
319	3	19	3-1-7-9-14-15-17-19	19	7	133
319	3	19	3-1-2-5-10-15-17-19	19	7	133
319	3	19	3-1-0-2-5-10-15-17-19	19	8	152
319	3	19	3-1-7-6-5-10-15-17-19	19	8	152
320	3	20	3-4-5-10-15-17-19-20	43	7	301
320	3	20	3-1-7-8-11-12-16-18-20	43	8	344
320	3	20	3-1-2-5-10-15-17-19-20	43	8	344
320	3	20	3-1-7-9-14-15-17-19-20	43	8	344
320	3	20	3-1-7-9-14-13-12-16-18-20	43	9	387
40	4	0	4-3-1-0	21	3	63
40	4	0	4-5-2-0	21	3	63
40	4	0	4-5-2-1-0	21	4	84
40	4	0	4-3-1-2-0	21	4	84
40	4	0	4-5-6-7-1-0	21	5	105
41	4	1	4-3-1	77	2	154
41	4	1	4-5-2-1	77	3	231
41	4	1	4-5-2-0-1	77	4	308
41	4	1	4-5-6-7-1	77	4	308
41	4	1	4-5-10-15-14-9-7-1	77	7	539
42	4	2	4-5-2	42	2	84
42	4	2	4-3-1-2	42	3	126
42	4	2	4-3-1-0-2	42	4	168
42	4	2	4-5-6-7-1-2	42	5	210
42	4	2	4-5-6-7-1-0-2	42	6	252
43	4	3	4-3	52	1	52
43	4	3	4-5-2-1-3	52	4	208
43	4	3	4-5-2-0-1-3	52	5	260
43	4	3	4-5-6-7-1-3	52	5	260
43	4	3	4-5-10-15-14-9-7-1-3	52	8	416
45	4	5	4-5	69	1	69
45	4	5	4-3-1-2-5	69	4	276
45	4	5	4-3-1-0-2-5	69	5	345
45	4	5	4-3-1-7-6-5	69	5	345
45	4	5	4-3-1-7-9-14-15-10-5	69	8	552
46	4	6	4-5-6	76	2	152
46	4	6	4-3-1-7-6	76	4	304
46	4	6	4-3-1-2-5-6	76	5	380
46	4	6	4-5-2-1-7-6	76	5	380
46	4	6	4-3-1-0-2-5-6	76	6	456
47	4	7	4-3-1-7	67	3	201
47	4	7	4-5-6-7	67	3	201
47	4	7	4-5-2-1-7	67	4	268
47	4	7	4-5-2-0-1-7	67	5	335
47	4	7	4-3-1-2-5-6-7	67	6	402
48	4	8	4-3-1-7-8	93	4	372
48	4	8	4-5-6-7-8	93	4	372
48	4	8	4-5-2-1-7-8	93	5	465
48	4	8	4-5-2-0-1-7-8	93	6	558
48	4	8	4-3-1-2-5-6-7-8	93	7	651
49	4	9	4-3-1-7-9	18	4	72
49	4	9	4-5-6-7-9	18	4	72
49	4	9	4-5-10-15-14-9	18	5	90
49	4	9	4-5-2-1-7-9	18	5	90
49	4	9	4-5-2-0-1-7-9	18	6	108
410	4	10	4-5-10	31	2	62
410	4	10	4-3-1-2-5-10	31	5	155
410	4	10	4-3-1-0-2-5-10	31	6	186
410	4	10	4-3-1-7-6-5-10	31	6	186
410	4	10	4-3-1-7-9-14-15-10	31	7	217
411	4	11	4-3-1-7-8-11	47	5	235
411	4	11	4-5-6-7-8-11	47	5	235
411	4	11	4-5-2-1-7-8-11	47	6	282
411	4	11	4-5-10-15-14-13-12-11	47	7	329
411	4	11	4-5-2-0-1-7-8-11	47	7	329
412	4	12	4-3-1-7-8-11-12	95	6	570
412	4	12	4-5-10-15-14-13-12	95	6	570
412	4	12	4-5-6-7-8-11-12	95	6	570
412	4	12	4-5-2-1-7-8-11-12	95	7	665
412	4	12	4-5-6-7-9-14-13-12	95	7	665
413	4	13	4-5-10-15-14-13	86	5	430
413	4	13	4-3-1-7-9-14-13	86	6	516
413	4	13	4-5-6-7-9-14-13	86	6	516
413	4	13	4-3-1-7-8-11-12-13	86	7	602
413	4	13	4-5-2-1-7-9-14-13	86	7	602
414	4	14	4-5-10-15-14	74	4	296
414	4	14	4-3-1-7-9-14	74	5	370
414	4	14	4-5-6-7-9-14	74	5	370
414	4	14	4-5-2-1-7-9-14	74	6	444
414	4	14	4-3-1-2-5-10-15-14	74	7	518
415	4	15	4-5-10-15	34	3	102
415	4	15	4-3-1-7-9-14-15	34	6	204
415	4	15	4-3-1-2-5-10-15	34	6	204
415	4	15	4-5-6-7-9-14-15	34	6	204
415	4	15	4-5-2-1-7-9-14-15	34	7	238
416	4	16	4-3-1-7-8-11-12-16	2	7	14
416	4	16	4-5-10-15-14-13-12-16	2	7	14
416	4	16	4-5-6-7-8-11-12-16	2	7	14
416	4	16	4-5-2-1-7-8-11-12-16	2	8	16
416	4	16	4-5-10-15-17-19-20-18-16	2	8	16
417	4	17	4-5-10-15-17	64	4	256
417	4	17	4-3-1-7-9-14-15-17	64	7	448
417	4	17	4-5-6-7-9-14-15-17	64	7	448
417	4	17	4-3-1-2-5-10-15-17	64	7	448
417	4	17	4-5-2-1-7-9-14-15-17	64	8	512
418	4	18	4-5-10-15-17-19-20-18	45	7	315
418	4	18	4-3-1-7-8-11-12-16-18	45	8	360
418	4	18	4-5-6-7-8-11-12-16-18	45	8	360
418	4	18	4-5-10-15-14-13-12-16-18	45	8	360
418	4	18	4-5-2-1-7-8-11-12-16-18	45	9	405
419	4	19	4-5-10-15-17-19	79	5	395
419	4	19	4-3-1-7-9-14-15-17-19	79	8	632
419	4	19	4-3-1-2-5-10-15-17-19	79	8	632
419	4	19	4-5-6-7-9-14-15-17-19	79	8	632
419	4	19	4-5-2-1-7-9-14-15-17-19	79	9	711
420	4	20	4-5-10-15-17-19-20	31	6	186
420	4	20	4-3-1-7-8-11-12-16-18-20	31	9	279
420	4	20	4-5-6-7-9-14-15-17-19-20	31	9	279
420	4	20	4-3-1-2-5-10-15-17-19-20	31	9	279
420	4	20	4-3-1-7-9-14-15-17-19-20	31	9	279
50	5	0	5-2-0	20	2	40
50	5	0	5-2-1-0	20	3	60
50	5	0	5-4-3-1-0	20	4	80
50	5	0	5-6-7-1-0	20	4	80
50	5	0	5-4-3-1-2-0	20	5	100
51	5	1	5-2-1	10	2	20
51	5	1	5-2-0-1	10	3	30
51	5	1	5-6-7-1	10	3	30
51	5	1	5-4-3-1	10	3	30
51	5	1	5-10-15-14-9-7-1	10	6	60
52	5	2	5-2	49	1	49
52	5	2	5-4-3-1-2	49	4	196
52	5	2	5-6-7-1-2	49	4	196
52	5	2	5-4-3-1-0-2	49	5	245
52	5	2	5-6-7-1-0-2	49	5	245
53	5	3	5-4-3	12	2	24
53	5	3	5-2-1-3	12	3	36
53	5	3	5-2-0-1-3	12	4	48
53	5	3	5-6-7-1-3	12	4	48
53	5	3	5-10-15-14-9-7-1-3	12	7	84
54	5	4	5-4	31	1	31
54	5	4	5-2-1-3-4	31	4	124
54	5	4	5-2-0-1-3-4	31	5	155
54	5	4	5-6-7-1-3-4	31	5	155
54	5	4	5-10-15-14-9-7-1-3-4	31	8	248
56	5	6	5-6	59	1	59
56	5	6	5-2-1-7-6	59	4	236
56	5	6	5-2-0-1-7-6	59	5	295
56	5	6	5-4-3-1-7-6	59	5	295
56	5	6	5-10-15-14-9-7-6	59	6	354
57	5	7	5-6-7	90	2	180
57	5	7	5-2-1-7	90	3	270
57	5	7	5-2-0-1-7	90	4	360
57	5	7	5-4-3-1-7	90	4	360
57	5	7	5-10-15-14-9-7	90	5	450
58	5	8	5-6-7-8	87	3	261
58	5	8	5-2-1-7-8	87	4	348
58	5	8	5-2-0-1-7-8	87	5	435
58	5	8	5-4-3-1-7-8	87	5	435
58	5	8	5-10-15-14-9-7-8	87	6	522
59	5	9	5-6-7-9	92	3	276
59	5	9	5-10-15-14-9	92	4	368
59	5	9	5-2-1-7-9	92	4	368
59	5	9	5-2-0-1-7-9	92	5	460
59	5	9	5-4-3-1-7-9	92	5	460
510	5	10	5-10	38	1	38
510	5	10	5-6-7-9-14-15-10	38	6	228
510	5	10	5-2-1-7-9-14-15-10	38	7	266
510	5	10	5-2-0-1-7-9-14-15-10	38	8	304
510	5	10	5-4-3-1-7-9-14-15-10	38	8	304
511	5	11	5-6-7-8-11	7	4	28
511	5	11	5-2-1-7-8-11	7	5	35
511	5	11	5-10-15-14-13-12-11	7	6	42
511	5	11	5-4-3-1-7-8-11	7	6	42
511	5	11	5-2-0-1-7-8-11	7	6	42
512	5	12	5-6-7-8-11-12	17	5	85
512	5	12	5-10-15-14-13-12	17	5	85
512	5	12	5-2-1-7-8-11-12	17	6	102
512	5	12	5-6-7-9-14-13-12	17	6	102
512	5	12	5-2-0-1-7-8-11-12	17	7	119
513	5	13	5-10-15-14-13	61	4	244
513	5	13	5-6-7-9-14-13	61	5	305
513	5	13	5-6-7-8-11-12-13	61	6	366
513	5	13	5-2-1-7-9-14-13	61	6	366
513	5	13	5-2-1-7-8-11-12-13	61	7	427
514	5	14	5-10-15-14	81	3	243
514	5	14	5-6-7-9-14	81	4	324
514	5	14	5-2-1-7-9-14	81	5	405
514	5	14	5-2-0-1-7-9-14	81	6	486
514	5	14	5-4-3-1-7-9-14	81	6	486
515	5	15	5-10-15	61	2	122
515	5	15	5-6-7-9-14-15	61	5	305
515	5	15	5-2-1-7-9-14-15	61	6	366
515	5	15	5-2-0-1-7-9-14-15	61	7	427
515	5	15	5-4-3-1-7-9-14-15	61	7	427
516	5	16	5-6-7-8-11-12-16	84	6	504
516	5	16	5-10-15-14-13-12-16	84	6	504
516	5	16	5-2-1-7-8-11-12-16	84	7	588
516	5	16	5-10-15-17-19-20-18-16	84	7	588
516	5	16	5-6-7-9-14-13-12-16	84	7	588
517	5	17	5-10-15-17	44	3	132
517	5	17	5-6-7-9-14-15-17	44	6	264
517	5	17	5-2-1-7-9-14-15-17	44	7	308
517	5	17	5-2-0-1-7-9-14-15-17	44	8	352
517	5	17	5-4-3-1-7-9-14-15-17	44	8	352
518	5	18	5-10-15-17-19-20-18	23	6	138
518	5	18	5-6-7-8-11-12-16-18	23	7	161
518	5	18	5-10-15-14-13-12-16-18	23	7	161
518	5	18	5-2-1-7-8-11-12-16-18	23	8	184
518	5	18	5-6-7-9-14-13-12-16-18	23	8	184
519	5	19	5-10-15-17-19	20	4	80
519	5	19	5-6-7-9-14-15-17-19	20	7	140
519	5	19	5-2-1-7-9-14-15-17-19	20	8	160
519	5	19	5-2-0-1-7-9-14-15-17-19	20	9	180
519	5	19	5-10-15-14-13-12-16-18-20-19	20	9	180
520	5	20	5-10-15-17-19-20	76	5	380
520	5	20	5-6-7-8-11-12-16-18-20	76	8	608
520	5	20	5-6-7-9-14-15-17-19-20	76	8	608
520	5	20	5-10-15-14-13-12-16-18-20	76	8	608
520	5	20	5-2-1-7-8-11-12-16-18-20	76	9	684
60	6	0	6-7-1-0	68	3	204
60	6	0	6-5-2-0	68	3	204
60	6	0	6-5-2-1-0	68	4	272
60	6	0	6-7-1-2-0	68	4	272
60	6	0	6-5-4-3-1-0	68	5	340
61	6	1	6-7-1	92	2	184
61	6	1	6-5-2-1	92	3	276
61	6	1	6-5-2-0-1	92	4	368
61	6	1	6-5-4-3-1	92	4	368
61	6	1	6-5-10-15-14-9-7-1	92	7	644
62	6	2	6-5-2	45	2	90
62	6	2	6-7-1-2	45	3	135
62	6	2	6-7-1-0-2	45	4	180
62	6	2	6-5-4-3-1-2	45	5	225
62	6	2	6-5-4-3-1-0-2	45	6	270
63	6	3	6-7-1-3	82	3	246
63	6	3	6-5-4-3	82	3	246
63	6	3	6-5-2-1-3	82	4	328
63	6	3	6-5-2-0-1-3	82	5	410
63	6	3	6-7-1-2-5-4-3	82	6	492
64	6	4	6-5-4	1	2	2
64	6	4	6-7-1-3-4	1	4	4
64	6	4	6-5-2-1-3-4	1	5	5
64	6	4	6-7-1-2-5-4	1	5	5
64	6	4	6-5-2-0-1-3-4	1	6	6
65	6	5	6-5	89	1	89
65	6	5	6-7-1-2-5	89	4	356
65	6	5	6-7-1-0-2-5	89	5	445
65	6	5	6-7-1-3-4-5	89	5	445
65	6	5	6-7-9-14-15-10-5	89	6	534
67	6	7	6-7	37	1	37
67	6	7	6-5-2-1-7	37	4	148
67	6	7	6-5-2-0-1-7	37	5	185
67	6	7	6-5-4-3-1-7	37	5	185
67	6	7	6-5-10-15-14-9-7	37	6	222
68	6	8	6-7-8	74	2	148
68	6	8	6-5-2-1-7-8	74	5	370
68	6	8	6-5-2-0-1-7-8	74	6	444
68	6	8	6-5-4-3-1-7-8	74	6	444
68	6	8	6-7-9-14-13-12-11-8	74	7	518
69	6	9	6-7-9	88	2	176
69	6	9	6-5-10-15-14-9	88	5	440
69	6	9	6-5-2-1-7-9	88	5	440
69	6	9	6-5-2-0-1-7-9	88	6	528
69	6	9	6-5-4-3-1-7-9	88	6	528
610	6	10	6-5-10	45	2	90
610	6	10	6-7-9-14-15-10	45	5	225
610	6	10	6-7-1-2-5-10	45	5	225
610	6	10	6-7-1-0-2-5-10	45	6	270
610	6	10	6-7-1-3-4-5-10	45	6	270
611	6	11	6-7-8-11	32	3	96
611	6	11	6-7-9-14-13-12-11	32	6	192
611	6	11	6-5-2-1-7-8-11	32	6	192
611	6	11	6-5-10-15-14-13-12-11	32	7	224
611	6	11	6-5-4-3-1-7-8-11	32	7	224
612	6	12	6-7-8-11-12	97	4	388
612	6	12	6-7-9-14-13-12	97	5	485
612	6	12	6-5-10-15-14-13-12	97	6	582
612	6	12	6-5-2-1-7-8-11-12	97	7	679
612	6	12	6-5-2-0-1-7-8-11-12	97	8	776
613	6	13	6-7-9-14-13	54	4	216
613	6	13	6-7-8-11-12-13	54	5	270
613	6	13	6-5-10-15-14-13	54	5	270
613	6	13	6-5-2-1-7-9-14-13	54	7	378
613	6	13	6-5-2-1-7-8-11-12-13	54	8	432
614	6	14	6-7-9-14	6	3	18
614	6	14	6-5-10-15-14	6	4	24
614	6	14	6-7-8-11-12-13-14	6	6	36
614	6	14	6-5-2-1-7-9-14	6	6	36
614	6	14	6-7-1-2-5-10-15-14	6	7	42
615	6	15	6-5-10-15	40	3	120
615	6	15	6-7-9-14-15	40	4	160
615	6	15	6-7-1-2-5-10-15	40	6	240
615	6	15	6-7-8-11-12-13-14-15	40	7	280
615	6	15	6-7-1-3-4-5-10-15	40	7	280
616	6	16	6-7-8-11-12-16	10	5	50
616	6	16	6-7-9-14-13-12-16	10	6	60
616	6	16	6-5-10-15-14-13-12-16	10	7	70
616	6	16	6-5-2-1-7-8-11-12-16	10	8	80
616	6	16	6-5-10-15-17-19-20-18-16	10	8	80
617	6	17	6-5-10-15-17	66	4	264
617	6	17	6-7-9-14-15-17	66	5	330
617	6	17	6-7-1-2-5-10-15-17	66	7	462
617	6	17	6-7-8-11-12-13-14-15-17	66	8	528
617	6	17	6-7-1-3-4-5-10-15-17	66	8	528
618	6	18	6-7-8-11-12-16-18	55	6	330
618	6	18	6-7-9-14-13-12-16-18	55	7	385
618	6	18	6-5-10-15-17-19-20-18	55	7	385
618	6	18	6-5-10-15-14-13-12-16-18	55	8	440
618	6	18	6-7-9-14-15-17-19-20-18	55	8	440
619	6	19	6-5-10-15-17-19	22	5	110
619	6	19	6-7-9-14-15-17-19	22	6	132
619	6	19	6-7-1-2-5-10-15-17-19	22	8	176
619	6	19	6-7-8-11-12-16-18-20-19	22	8	176
619	6	19	6-7-8-11-12-13-14-15-17-19	22	9	198
620	6	20	6-5-10-15-17-19-20	43	6	258
620	6	20	6-7-8-11-12-16-18-20	43	7	301
620	6	20	6-7-9-14-15-17-19-20	43	7	301
620	6	20	6-7-9-14-13-12-16-18-20	43	8	344
620	6	20	6-5-10-15-14-13-12-16-18-20	43	9	387
70	7	0	7-1-0	42	2	84
70	7	0	7-1-2-0	42	3	126
70	7	0	7-6-5-2-0	42	4	168
70	7	0	7-6-5-2-1-0	42	5	210
70	7	0	7-6-5-4-3-1-0	42	6	252
71	7	1	7-1	17	1	17
71	7	1	7-6-5-2-1	17	4	68
71	7	1	7-6-5-2-0-1	17	5	85
71	7	1	7-6-5-4-3-1	17	5	85
71	7	1	7-9-14-15-10-5-2-1	17	7	119
72	7	2	7-1-2	34	2	68
72	7	2	7-1-0-2	34	3	102
72	7	2	7-6-5-2	34	3	102
72	7	2	7-1-3-4-5-2	34	5	170
72	7	2	7-6-5-4-3-1-2	34	6	204
73	7	3	7-1-3	60	2	120
73	7	3	7-6-5-4-3	60	4	240
73	7	3	7-6-5-2-1-3	60	5	300
73	7	3	7-1-2-5-4-3	60	5	300
73	7	3	7-6-5-2-0-1-3	60	6	360
74	7	4	7-1-3-4	7	3	21
74	7	4	7-6-5-4	7	3	21
74	7	4	7-1-2-5-4	7	4	28
74	7	4	7-1-0-2-5-4	7	5	35
74	7	4	7-6-5-2-1-3-4	7	6	42
75	7	5	7-6-5	89	2	178
75	7	5	7-1-2-5	89	3	267
75	7	5	7-1-0-2-5	89	4	356
75	7	5	7-1-3-4-5	89	4	356
75	7	5	7-9-14-15-10-5	89	5	445
76	7	6	7-6	46	1	46
76	7	6	7-1-2-5-6	46	4	184
76	7	6	7-1-0-2-5-6	46	5	230
76	7	6	7-1-3-4-5-6	46	5	230
76	7	6	7-9-14-15-10-5-6	46	6	276
78	7	8	7-8	41	1	41
78	7	8	7-9-14-13-12-11-8	41	6	246
78	7	8	7-6-5-10-15-14-13-12-11-8	41	9	369
78	7	8	7-1-2-5-10-15-14-13-12-11-8	41	10	410
78	7	8	7-1-0-2-5-10-15-14-13-12-11-8	41	11	451
79	7	9	7-9	37	1	37
79	7	9	7-8-11-12-13-14-9	37	6	222
79	7	9	7-6-5-10-15-14-9	37	6	222
79	7	9	7-1-2-5-10-15-14-9	37	7	259
79	7	9	7-1-0-2-5-10-15-14-9	37	8	296
710	7	10	7-6-5-10	13	3	39
710	7	10	7-9-14-15-10	13	4	52
710	7	10	7-1-2-5-10	13	4	52
710	7	10	7-1-0-2-5-10	13	5	65
710	7	10	7-1-3-4-5-10	13	5	65
711	7	11	7-8-11	13	2	26
711	7	11	7-9-14-13-12-11	13	5	65
711	7	11	7-6-5-10-15-14-13-12-11	13	8	104
711	7	11	7-1-2-5-10-15-14-13-12-11	13	9	117
711	7	11	7-1-0-2-5-10-15-14-13-12-11	13	10	130
712	7	12	7-8-11-12	57	3	171
712	7	12	7-9-14-13-12	57	4	228
712	7	12	7-6-5-10-15-14-13-12	57	7	399
712	7	12	7-1-2-5-10-15-14-13-12	57	8	456
712	7	12	7-1-0-2-5-10-15-14-13-12	57	9	513
713	7	13	7-9-14-13	76	3	228
713	7	13	7-8-11-12-13	76	4	304
713	7	13	7-6-5-10-15-14-13	76	6	456
713	7	13	7-1-2-5-10-15-14-13	76	7	532
713	7	13	7-1-0-2-5-10-15-14-13	76	8	608
714	7	14	7-9-14	12	2	24
714	7	14	7-8-11-12-13-14	12	5	60
714	7	14	7-6-5-10-15-14	12	5	60
714	7	14	7-1-2-5-10-15-14	12	6	72
714	7	14	7-1-0-2-5-10-15-14	12	7	84
715	7	15	7-9-14-15	74	3	222
715	7	15	7-6-5-10-15	74	4	296
715	7	15	7-1-2-5-10-15	74	5	370
715	7	15	7-8-11-12-13-14-15	74	6	444
715	7	15	7-1-3-4-5-10-15	74	6	444
716	7	16	7-8-11-12-16	87	4	348
716	7	16	7-9-14-13-12-16	87	5	435
716	7	16	7-6-5-10-15-14-13-12-16	87	8	696
716	7	16	7-9-14-15-17-19-20-18-16	87	8	696
716	7	16	7-1-2-5-10-15-14-13-12-16	87	9	783
717	7	17	7-9-14-15-17	13	4	52
717	7	17	7-6-5-10-15-17	13	5	65
717	7	17	7-1-2-5-10-15-17	13	6	78
717	7	17	7-8-11-12-13-14-15-17	13	7	91
717	7	17	7-1-3-4-5-10-15-17	13	7	91
718	7	18	7-8-11-12-16-18	37	5	185
718	7	18	7-9-14-13-12-16-18	37	6	222
718	7	18	7-9-14-15-17-19-20-18	37	7	259
718	7	18	7-6-5-10-15-17-19-20-18	37	8	296
718	7	18	7-6-5-10-15-14-13-12-16-18	37	9	333
719	7	19	7-9-14-15-17-19	67	5	335
719	7	19	7-6-5-10-15-17-19	67	6	402
719	7	19	7-1-2-5-10-15-17-19	67	7	469
719	7	19	7-8-11-12-16-18-20-19	67	7	469
719	7	19	7-8-11-12-13-14-15-17-19	67	8	536
720	7	20	7-8-11-12-16-18-20	22	6	132
720	7	20	7-9-14-15-17-19-20	22	6	132
720	7	20	7-9-14-13-12-16-18-20	22	7	154
720	7	20	7-6-5-10-15-17-19-20	22	7	154
720	7	20	7-1-2-5-10-15-17-19-20	22	8	176
80	8	0	8-7-1-0	37	3	111
80	8	0	8-7-1-2-0	37	4	148
80	8	0	8-7-6-5-2-0	37	5	185
80	8	0	8-7-6-5-2-1-0	37	6	222
80	8	0	8-7-6-5-4-3-1-0	37	7	259
81	8	1	8-7-1	89	2	178
81	8	1	8-7-6-5-2-1	89	5	445
81	8	1	8-7-6-5-2-0-1	89	6	534
81	8	1	8-7-6-5-4-3-1	89	6	534
81	8	1	8-11-12-13-14-9-7-1	89	7	623
82	8	2	8-7-1-2	10	3	30
82	8	2	8-7-1-0-2	10	4	40
82	8	2	8-7-6-5-2	10	4	40
82	8	2	8-7-1-3-4-5-2	10	6	60
82	8	2	8-7-6-5-4-3-1-2	10	7	70
83	8	3	8-7-1-3	87	3	261
83	8	3	8-7-6-5-4-3	87	5	435
83	8	3	8-7-6-5-2-1-3	87	6	522
83	8	3	8-7-1-2-5-4-3	87	6	522
83	8	3	8-7-6-5-2-0-1-3	87	7	609
84	8	4	8-7-1-3-4	13	4	52
84	8	4	8-7-6-5-4	13	4	52
84	8	4	8-7-1-2-5-4	13	5	65
84	8	4	8-7-1-0-2-5-4	13	6	78
84	8	4	8-7-6-5-2-1-3-4	13	7	91
85	8	5	8-7-6-5	21	3	63
85	8	5	8-7-1-2-5	21	4	84
85	8	5	8-7-1-0-2-5	21	5	105
85	8	5	8-7-1-3-4-5	21	5	105
85	8	5	8-7-9-14-15-10-5	21	6	126
86	8	6	8-7-6	29	2	58
86	8	6	8-7-1-2-5-6	29	5	145
86	8	6	8-7-1-0-2-5-6	29	6	174
86	8	6	8-7-1-3-4-5-6	29	6	174
86	8	6	8-7-9-14-15-10-5-6	29	7	203
87	8	7	8-7	67	1	67
87	8	7	8-11-12-13-14-9-7	67	6	402
87	8	7	8-11-12-13-14-15-10-5-6-7	67	9	603
87	8	7	8-11-12-13-14-15-10-5-2-1-7	67	10	670
87	8	7	8-11-12-13-14-15-10-5-2-0-1-7	67	11	737
89	8	9	8-7-9	54	2	108
89	8	9	8-11-12-13-14-9	54	5	270
89	8	9	8-7-6-5-10-15-14-9	54	7	378
89	8	9	8-7-1-2-5-10-15-14-9	54	8	432
89	8	9	8-7-1-3-4-5-10-15-14-9	54	9	486
810	8	10	8-7-6-5-10	83	4	332
810	8	10	8-7-9-14-15-10	83	5	415
810	8	10	8-7-1-2-5-10	83	5	415
810	8	10	8-11-12-13-14-15-10	83	6	498
810	8	10	8-7-1-3-4-5-10	83	6	498
811	8	11	8-11	59	1	59
811	8	11	8-7-9-14-13-12-11	59	6	354
811	8	11	8-7-6-5-10-15-14-13-12-11	59	9	531
811	8	11	8-7-1-2-5-10-15-14-13-12-11	59	10	590
811	8	11	8-7-1-0-2-5-10-15-14-13-12-11	59	11	649
812	8	12	8-11-12	43	2	86
812	8	12	8-7-9-14-13-12	43	5	215
812	8	12	8-7-6-5-10-15-14-13-12	43	8	344
812	8	12	8-7-1-2-5-10-15-14-13-12	43	9	387
812	8	12	8-7-1-0-2-5-10-15-14-13-12	43	10	430
813	8	13	8-11-12-13	97	3	291
813	8	13	8-7-9-14-13	97	4	388
813	8	13	8-7-6-5-10-15-14-13	97	7	679
813	8	13	8-7-1-2-5-10-15-14-13	97	8	776
813	8	13	8-7-1-0-2-5-10-15-14-13	97	9	873
814	8	14	8-7-9-14	82	3	246
814	8	14	8-11-12-13-14	82	4	328
814	8	14	8-7-6-5-10-15-14	82	6	492
814	8	14	8-7-1-2-5-10-15-14	82	7	574
814	8	14	8-7-1-0-2-5-10-15-14	82	8	656
815	8	15	8-7-9-14-15	57	4	228
815	8	15	8-11-12-13-14-15	57	5	285
815	8	15	8-7-6-5-10-15	57	5	285
815	8	15	8-7-1-2-5-10-15	57	6	342
815	8	15	8-7-1-0-2-5-10-15	57	7	399
816	8	16	8-11-12-16	10	3	30
816	8	16	8-7-9-14-13-12-16	10	6	60
816	8	16	8-7-6-5-10-15-14-13-12-16	10	9	90
816	8	16	8-7-9-14-15-17-19-20-18-16	10	9	90
816	8	16	8-7-1-2-5-10-15-14-13-12-16	10	10	100
817	8	17	8-7-9-14-15-17	57	5	285
817	8	17	8-11-12-13-14-15-17	57	6	342
817	8	17	8-7-6-5-10-15-17	57	6	342
817	8	17	8-7-1-2-5-10-15-17	57	7	399
817	8	17	8-11-12-16-18-20-19-17	57	7	399
818	8	18	8-11-12-16-18	20	4	80
818	8	18	8-7-9-14-13-12-16-18	20	7	140
818	8	18	8-7-9-14-15-17-19-20-18	20	8	160
818	8	18	8-11-12-13-14-15-17-19-20-18	20	9	180
818	8	18	8-7-6-5-10-15-17-19-20-18	20	9	180
819	8	19	8-7-9-14-15-17-19	27	6	162
819	8	19	8-11-12-16-18-20-19	27	6	162
819	8	19	8-11-12-13-14-15-17-19	27	7	189
819	8	19	8-7-6-5-10-15-17-19	27	7	189
819	8	19	8-7-1-2-5-10-15-17-19	27	8	216
820	8	20	8-11-12-16-18-20	74	5	370
820	8	20	8-7-9-14-15-17-19-20	74	7	518
820	8	20	8-7-9-14-13-12-16-18-20	74	8	592
820	8	20	8-7-6-5-10-15-17-19-20	74	8	592
820	8	20	8-11-12-13-14-15-17-19-20	74	8	592
90	9	0	9-7-1-0	59	3	177
90	9	0	9-7-1-2-0	59	4	236
90	9	0	9-7-6-5-2-0	59	5	295
90	9	0	9-7-6-5-2-1-0	59	6	354
90	9	0	9-14-15-10-5-2-0	59	6	354
91	9	1	9-7-1	32	2	64
91	9	1	9-7-6-5-2-1	32	5	160
91	9	1	9-7-6-5-2-0-1	32	6	192
91	9	1	9-7-6-5-4-3-1	32	6	192
91	9	1	9-14-15-10-5-2-1	32	6	192
92	9	2	9-7-1-2	28	3	84
92	9	2	9-7-1-0-2	28	4	112
92	9	2	9-7-6-5-2	28	4	112
92	9	2	9-14-15-10-5-2	28	5	140
92	9	2	9-7-1-3-4-5-2	28	6	168
93	9	3	9-7-1-3	7	3	21
93	9	3	9-7-6-5-4-3	7	5	35
93	9	3	9-7-6-5-2-1-3	7	6	42
93	9	3	9-14-15-10-5-4-3	7	6	42
93	9	3	9-7-1-2-5-4-3	7	6	42
94	9	4	9-7-1-3-4	21	4	84
94	9	4	9-7-6-5-4	21	4	84
94	9	4	9-7-1-2-5-4	21	5	105
94	9	4	9-14-15-10-5-4	21	5	105
94	9	4	9-7-1-0-2-5-4	21	6	126
95	9	5	9-7-6-5	18	3	54
95	9	5	9-7-1-2-5	18	4	72
95	9	5	9-14-15-10-5	18	4	72
95	9	5	9-7-1-0-2-5	18	5	90
95	9	5	9-7-1-3-4-5	18	5	90
96	9	6	9-7-6	84	2	168
96	9	6	9-7-1-2-5-6	84	5	420
96	9	6	9-14-15-10-5-6	84	5	420
96	9	6	9-7-1-0-2-5-6	84	6	504
96	9	6	9-7-1-3-4-5-6	84	6	504
97	9	7	9-7	31	1	31
97	9	7	9-14-15-10-5-6-7	31	6	186
97	9	7	9-14-13-12-11-8-7	31	6	186
97	9	7	9-14-15-10-5-2-1-7	31	7	217
97	9	7	9-14-15-10-5-2-0-1-7	31	8	248
98	9	8	9-7-8	7	2	14
98	9	8	9-14-13-12-11-8	7	5	35
98	9	8	9-14-15-10-5-6-7-8	7	7	49
98	9	8	9-14-15-10-5-2-1-7-8	7	8	56
98	9	8	9-14-15-10-5-2-0-1-7-8	7	9	63
910	9	10	9-14-15-10	58	3	174
910	9	10	9-7-6-5-10	58	4	232
910	9	10	9-7-1-2-5-10	58	5	290
910	9	10	9-7-1-0-2-5-10	58	6	348
910	9	10	9-7-1-3-4-5-10	58	6	348
911	9	11	9-7-8-11	94	3	282
911	9	11	9-14-13-12-11	94	4	376
911	9	11	9-14-15-10-5-6-7-8-11	94	8	752
911	9	11	9-7-6-5-10-15-14-13-12-11	94	9	846
911	9	11	9-14-15-10-5-2-1-7-8-11	94	9	846
912	9	12	9-14-13-12	26	3	78
912	9	12	9-7-8-11-12	26	4	104
912	9	12	9-7-6-5-10-15-14-13-12	26	8	208
912	9	12	9-14-15-17-19-20-18-16-12	26	8	208
912	9	12	9-14-15-10-5-6-7-8-11-12	26	9	234
913	9	13	9-14-13	8	2	16
913	9	13	9-7-8-11-12-13	8	5	40
913	9	13	9-7-6-5-10-15-14-13	8	7	56
913	9	13	9-7-1-2-5-10-15-14-13	8	8	64
913	9	13	9-14-15-17-19-20-18-16-12-13	8	9	72
914	9	14	9-14	40	1	40
914	9	14	9-7-8-11-12-13-14	40	6	240
914	9	14	9-7-6-5-10-15-14	40	6	240
914	9	14	9-7-1-2-5-10-15-14	40	7	280
914	9	14	9-7-1-0-2-5-10-15-14	40	8	320
915	9	15	9-14-15	66	2	132
915	9	15	9-7-6-5-10-15	66	5	330
915	9	15	9-7-1-2-5-10-15	66	6	396
915	9	15	9-7-8-11-12-13-14-15	66	7	462
915	9	15	9-7-1-3-4-5-10-15	66	7	462
916	9	16	9-14-13-12-16	64	4	256
916	9	16	9-7-8-11-12-16	64	5	320
916	9	16	9-14-15-17-19-20-18-16	64	7	448
916	9	16	9-7-6-5-10-15-14-13-12-16	64	9	576
916	9	16	9-14-15-10-5-6-7-8-11-12-16	64	10	640
917	9	17	9-14-15-17	60	3	180
917	9	17	9-7-6-5-10-15-17	60	6	360
917	9	17	9-7-1-2-5-10-15-17	60	7	420
917	9	17	9-7-8-11-12-13-14-15-17	60	8	480
917	9	17	9-14-13-12-16-18-20-19-17	60	8	480
918	9	18	9-14-13-12-16-18	68	5	340
918	9	18	9-7-8-11-12-16-18	68	6	408
918	9	18	9-14-15-17-19-20-18	68	6	408
918	9	18	9-7-6-5-10-15-17-19-20-18	68	9	612
918	9	18	9-7-6-5-10-15-14-13-12-16-18	68	10	680
919	9	19	9-14-15-17-19	50	4	200
919	9	19	9-7-6-5-10-15-17-19	50	7	350
919	9	19	9-14-13-12-16-18-20-19	50	7	350
919	9	19	9-7-1-2-5-10-15-17-19	50	8	400
919	9	19	9-7-8-11-12-16-18-20-19	50	8	400
920	9	20	9-14-15-17-19-20	49	5	245
920	9	20	9-14-13-12-16-18-20	49	6	294
920	9	20	9-7-8-11-12-16-18-20	49	7	343
920	9	20	9-7-6-5-10-15-17-19-20	49	8	392
920	9	20	9-7-1-2-5-10-15-17-19-20	49	9	441
100	10	0	10-5-2-0	9	3	27
100	10	0	10-5-2-1-0	9	4	36
100	10	0	10-5-4-3-1-0	9	5	45
100	10	0	10-5-6-7-1-0	9	5	45
100	10	0	10-15-14-9-7-1-0	9	6	54
101	10	1	10-5-2-1	93	3	279
101	10	1	10-5-2-0-1	93	4	372
101	10	1	10-5-6-7-1	93	4	372
101	10	1	10-5-4-3-1	93	4	372
101	10	1	10-15-14-9-7-1	93	5	465
102	10	2	10-5-2	16	2	32
102	10	2	10-5-4-3-1-2	16	5	80
102	10	2	10-5-6-7-1-2	16	5	80
102	10	2	10-5-4-3-1-0-2	16	6	96
102	10	2	10-15-14-9-7-1-2	16	6	96
103	10	3	10-5-4-3	98	3	294
103	10	3	10-5-2-1-3	98	4	392
103	10	3	10-5-2-0-1-3	98	5	490
103	10	3	10-5-6-7-1-3	98	5	490
103	10	3	10-15-14-9-7-1-3	98	6	588
104	10	4	10-5-4	69	2	138
104	10	4	10-5-2-1-3-4	69	5	345
104	10	4	10-5-2-0-1-3-4	69	6	414
104	10	4	10-5-6-7-1-3-4	69	6	414
104	10	4	10-15-14-9-7-1-3-4	69	7	483
105	10	5	10-5	97	1	97
105	10	5	10-15-14-9-7-6-5	97	6	582
105	10	5	10-15-14-9-7-1-2-5	97	7	679
105	10	5	10-15-14-9-7-1-0-2-5	97	8	776
105	10	5	10-15-14-9-7-1-3-4-5	97	8	776
106	10	6	10-5-6	76	2	152
106	10	6	10-5-2-1-7-6	76	5	380
106	10	6	10-15-14-9-7-6	76	5	380
106	10	6	10-5-2-0-1-7-6	76	6	456
106	10	6	10-5-4-3-1-7-6	76	6	456
107	10	7	10-5-6-7	69	3	207
107	10	7	10-5-2-1-7	69	4	276
107	10	7	10-15-14-9-7	69	4	276
107	10	7	10-5-2-0-1-7	69	5	345
107	10	7	10-5-4-3-1-7	69	5	345
108	10	8	10-5-6-7-8	34	4	136
108	10	8	10-5-2-1-7-8	34	5	170
108	10	8	10-15-14-9-7-8	34	5	170
108	10	8	10-15-14-13-12-11-8	34	6	204
108	10	8	10-5-4-3-1-7-8	34	6	204
109	10	9	10-15-14-9	37	3	111
109	10	9	10-5-6-7-9	37	4	148
109	10	9	10-5-2-1-7-9	37	5	185
109	10	9	10-5-2-0-1-7-9	37	6	222
109	10	9	10-5-4-3-1-7-9	37	6	222
1011	10	11	10-15-14-13-12-11	57	5	285
1011	10	11	10-5-6-7-8-11	57	5	285
1011	10	11	10-5-2-1-7-8-11	57	6	342
1011	10	11	10-15-14-9-7-8-11	57	6	342
1011	10	11	10-5-2-0-1-7-8-11	57	7	399
1012	10	12	10-15-14-13-12	68	4	272
1012	10	12	10-5-6-7-8-11-12	68	6	408
1012	10	12	10-5-2-1-7-8-11-12	68	7	476
1012	10	12	10-15-17-19-20-18-16-12	68	7	476
1012	10	12	10-5-6-7-9-14-13-12	68	7	476
1013	10	13	10-15-14-13	48	3	144
1013	10	13	10-5-6-7-9-14-13	48	6	288
1013	10	13	10-5-6-7-8-11-12-13	48	7	336
1013	10	13	10-5-2-1-7-9-14-13	48	7	336
1013	10	13	10-5-2-1-7-8-11-12-13	48	8	384
1014	10	14	10-15-14	2	2	4
1014	10	14	10-5-6-7-9-14	2	5	10
1014	10	14	10-5-2-1-7-9-14	2	6	12
1014	10	14	10-5-2-0-1-7-9-14	2	7	14
1014	10	14	10-5-4-3-1-7-9-14	2	7	14
1015	10	15	10-15	4	1	4
1015	10	15	10-5-6-7-9-14-15	4	6	24
1015	10	15	10-5-2-1-7-9-14-15	4	7	28
1015	10	15	10-5-2-0-1-7-9-14-15	4	8	32
1015	10	15	10-5-4-3-1-7-9-14-15	4	8	32
1016	10	16	10-15-14-13-12-16	8	5	40
1016	10	16	10-15-17-19-20-18-16	8	6	48
1016	10	16	10-5-6-7-8-11-12-16	8	7	56
1016	10	16	10-5-2-1-7-8-11-12-16	8	8	64
1016	10	16	10-15-14-9-7-8-11-12-16	8	8	64
1017	10	17	10-15-17	58	2	116
1017	10	17	10-5-6-7-9-14-15-17	58	7	406
1017	10	17	10-5-2-1-7-9-14-15-17	58	8	464
1017	10	17	10-5-2-0-1-7-9-14-15-17	58	9	522
1017	10	17	10-15-14-13-12-16-18-20-19-17	58	9	522
1018	10	18	10-15-17-19-20-18	26	5	130
1018	10	18	10-15-14-13-12-16-18	26	6	156
1018	10	18	10-5-6-7-8-11-12-16-18	26	8	208
1018	10	18	10-5-2-1-7-8-11-12-16-18	26	9	234
1018	10	18	10-5-6-7-9-14-13-12-16-18	26	9	234
1019	10	19	10-15-17-19	12	3	36
1019	10	19	10-5-6-7-9-14-15-17-19	12	8	96
1019	10	19	10-15-14-13-12-16-18-20-19	12	8	96
1019	10	19	10-5-2-1-7-9-14-15-17-19	12	9	108
1019	10	19	10-5-2-0-1-7-9-14-15-17-19	12	10	120
1020	10	20	10-15-17-19-20	98	4	392
1020	10	20	10-15-14-13-12-16-18-20	98	7	686
1020	10	20	10-5-6-7-8-11-12-16-18-20	98	9	882
1020	10	20	10-5-6-7-9-14-15-17-19-20	98	9	882
1020	10	20	10-5-2-1-7-8-11-12-16-18-20	98	10	980
110	11	0	11-8-7-1-0	25	4	100
110	11	0	11-8-7-1-2-0	25	5	125
110	11	0	11-8-7-6-5-2-0	25	6	150
110	11	0	11-8-7-6-5-2-1-0	25	7	175
110	11	0	11-12-13-14-9-7-1-0	25	7	175
111	11	1	11-8-7-1	59	3	177
111	11	1	11-8-7-6-5-2-1	59	6	354
111	11	1	11-12-13-14-9-7-1	59	6	354
111	11	1	11-8-7-6-5-2-0-1	59	7	413
111	11	1	11-8-7-6-5-4-3-1	59	7	413
112	11	2	11-8-7-1-2	58	4	232
112	11	2	11-8-7-1-0-2	58	5	290
112	11	2	11-8-7-6-5-2	58	5	290
112	11	2	11-12-13-14-9-7-1-2	58	7	406
112	11	2	11-12-13-14-15-10-5-2	58	7	406
113	11	3	11-8-7-1-3	98	4	392
113	11	3	11-8-7-6-5-4-3	98	6	588
113	11	3	11-8-7-6-5-2-1-3	98	7	686
113	11	3	11-8-7-1-2-5-4-3	98	7	686
113	11	3	11-12-13-14-9-7-1-3	98	7	686
114	11	4	11-8-7-1-3-4	7	5	35
114	11	4	11-8-7-6-5-4	7	5	35
114	11	4	11-8-7-1-2-5-4	7	6	42
114	11	4	11-8-7-1-0-2-5-4	7	7	49
114	11	4	11-12-13-14-15-10-5-4	7	7	49
115	11	5	11-8-7-6-5	35	4	140
115	11	5	11-8-7-1-2-5	35	5	175
115	11	5	11-8-7-1-0-2-5	35	6	210
115	11	5	11-12-13-14-15-10-5	35	6	210
115	11	5	11-8-7-1-3-4-5	35	6	210
116	11	6	11-8-7-6	19	3	57
116	11	6	11-8-7-1-2-5-6	19	6	114
116	11	6	11-12-13-14-9-7-6	19	6	114
116	11	6	11-8-7-1-0-2-5-6	19	7	133
116	11	6	11-8-7-1-3-4-5-6	19	7	133
117	11	7	11-8-7	22	2	44
117	11	7	11-12-13-14-9-7	22	5	110
117	11	7	11-12-13-14-15-10-5-6-7	22	8	176
117	11	7	11-12-13-14-15-10-5-2-1-7	22	9	198
117	11	7	11-12-13-14-15-10-5-2-0-1-7	22	10	220
118	11	8	11-8	70	1	70
118	11	8	11-12-13-14-9-7-8	70	6	420
118	11	8	11-12-13-14-15-10-5-6-7-8	70	9	630
118	11	8	11-12-13-14-15-10-5-2-1-7-8	70	10	700
118	11	8	11-12-13-14-15-10-5-2-0-1-7-8	70	11	770
119	11	9	11-8-7-9	8	3	24
119	11	9	11-12-13-14-9	8	4	32
119	11	9	11-8-7-6-5-10-15-14-9	8	8	64
119	11	9	11-12-16-18-20-19-17-15-14-9	8	9	72
119	11	9	11-12-13-14-15-10-5-6-7-9	8	9	72
1110	11	10	11-12-13-14-15-10	92	5	460
1110	11	10	11-8-7-6-5-10	92	5	460
1110	11	10	11-8-7-9-14-15-10	92	6	552
1110	11	10	11-8-7-1-2-5-10	92	6	552
1110	11	10	11-8-7-1-0-2-5-10	92	7	644
1112	11	12	11-12	6	1	6
1112	11	12	11-8-7-9-14-13-12	6	6	36
1112	11	12	11-8-7-6-5-10-15-14-13-12	6	9	54
1112	11	12	11-8-7-1-2-5-10-15-14-13-12	6	10	60
1112	11	12	11-8-7-1-0-2-5-10-15-14-13-12	6	11	66
1113	11	13	11-12-13	23	2	46
1113	11	13	11-8-7-9-14-13	23	5	115
1113	11	13	11-8-7-6-5-10-15-14-13	23	8	184
1113	11	13	11-12-16-18-20-19-17-15-14-13	23	9	207
1113	11	13	11-8-7-1-2-5-10-15-14-13	23	9	207
1114	11	14	11-12-13-14	37	3	111
1114	11	14	11-8-7-9-14	37	4	148
1114	11	14	11-8-7-6-5-10-15-14	37	7	259
1114	11	14	11-12-16-18-20-19-17-15-14	37	8	296
1114	11	14	11-8-7-1-2-5-10-15-14	37	8	296
1115	11	15	11-12-13-14-15	55	4	220
1115	11	15	11-8-7-9-14-15	55	5	275
1115	11	15	11-8-7-6-5-10-15	55	6	330
1115	11	15	11-12-16-18-20-19-17-15	55	7	385
1115	11	15	11-8-7-1-2-5-10-15	55	7	385
1116	11	16	11-12-16	21	2	42
1116	11	16	11-8-7-9-14-13-12-16	21	7	147
1116	11	16	11-12-13-14-15-17-19-20-18-16	21	9	189
1116	11	16	11-8-7-6-5-10-15-14-13-12-16	21	10	210
1116	11	16	11-8-7-9-14-15-17-19-20-18-16	21	10	210
1117	11	17	11-12-13-14-15-17	56	5	280
1117	11	17	11-8-7-9-14-15-17	56	6	336
1117	11	17	11-12-16-18-20-19-17	56	6	336
1117	11	17	11-8-7-6-5-10-15-17	56	7	392
1117	11	17	11-8-7-1-2-5-10-15-17	56	8	448
1118	11	18	11-12-16-18	70	3	210
1118	11	18	11-8-7-9-14-13-12-16-18	70	8	560
1118	11	18	11-12-13-14-15-17-19-20-18	70	8	560
1118	11	18	11-8-7-9-14-15-17-19-20-18	70	9	630
1118	11	18	11-8-7-6-5-10-15-17-19-20-18	70	10	700
1119	11	19	11-12-16-18-20-19	8	5	40
1119	11	19	11-12-13-14-15-17-19	8	6	48
1119	11	19	11-8-7-9-14-15-17-19	8	7	56
1119	11	19	11-8-7-6-5-10-15-17-19	8	8	64
1119	11	19	11-8-7-1-2-5-10-15-17-19	8	9	72
1120	11	20	11-12-16-18-20	39	4	156
1120	11	20	11-12-13-14-15-17-19-20	39	7	273
1120	11	20	11-8-7-9-14-15-17-19-20	39	8	312
1120	11	20	11-8-7-9-14-13-12-16-18-20	39	9	351
1120	11	20	11-8-7-6-5-10-15-17-19-20	39	9	351
120	12	0	12-11-8-7-1-0	95	5	475
120	12	0	12-13-14-9-7-1-0	95	6	570
120	12	0	12-11-8-7-1-2-0	95	6	570
120	12	0	12-13-14-9-7-1-2-0	95	7	665
120	12	0	12-11-8-7-6-5-2-0	95	7	665
121	12	1	12-11-8-7-1	71	4	284
121	12	1	12-13-14-9-7-1	71	5	355
121	12	1	12-11-8-7-6-5-2-1	71	7	497
121	12	1	12-13-14-15-10-5-2-1	71	7	497
121	12	1	12-11-8-7-6-5-2-0-1	71	8	568
122	12	2	12-11-8-7-1-2	16	5	80
122	12	2	12-11-8-7-1-0-2	16	6	96
122	12	2	12-13-14-15-10-5-2	16	6	96
122	12	2	12-11-8-7-6-5-2	16	6	96
122	12	2	12-13-14-9-7-1-2	16	6	96
123	12	3	12-11-8-7-1-3	9	5	45
123	12	3	12-13-14-9-7-1-3	9	6	54
123	12	3	12-11-8-7-6-5-4-3	9	7	63
123	12	3	12-13-14-15-10-5-4-3	9	7	63
123	12	3	12-13-14-15-10-5-2-1-3	9	8	72
124	12	4	12-11-8-7-1-3-4	81	6	486
124	12	4	12-13-14-15-10-5-4	81	6	486
124	12	4	12-11-8-7-6-5-4	81	6	486
124	12	4	12-13-14-9-7-1-3-4	81	7	567
124	12	4	12-13-14-9-7-6-5-4	81	7	567
125	12	5	12-11-8-7-6-5	52	5	260
125	12	5	12-13-14-15-10-5	52	5	260
125	12	5	12-11-8-7-1-2-5	52	6	312
125	12	5	12-13-14-9-7-6-5	52	6	312
125	12	5	12-11-8-7-1-0-2-5	52	7	364
126	12	6	12-11-8-7-6	81	4	324
126	12	6	12-13-14-9-7-6	81	5	405
126	12	6	12-13-14-15-10-5-6	81	6	486
126	12	6	12-11-8-7-1-2-5-6	81	7	567
126	12	6	12-11-8-7-1-0-2-5-6	81	8	648
127	12	7	12-11-8-7	52	3	156
127	12	7	12-13-14-9-7	52	4	208
127	12	7	12-13-14-15-10-5-6-7	52	7	364
127	12	7	12-13-14-15-10-5-2-1-7	52	8	416
127	12	7	12-13-14-15-10-5-2-0-1-7	52	9	468
128	12	8	12-11-8	65	2	130
128	12	8	12-13-14-9-7-8	65	5	325
128	12	8	12-13-14-15-10-5-6-7-8	65	8	520
128	12	8	12-13-14-15-10-5-2-1-7-8	65	9	585
128	12	8	12-13-14-15-10-5-2-0-1-7-8	65	10	650
129	12	9	12-13-14-9	75	3	225
129	12	9	12-11-8-7-9	75	4	300
129	12	9	12-16-18-20-19-17-15-14-9	75	8	600
129	12	9	12-13-14-15-10-5-6-7-9	75	8	600
129	12	9	12-11-8-7-6-5-10-15-14-9	75	9	675
1210	12	10	12-13-14-15-10	21	4	84
1210	12	10	12-11-8-7-6-5-10	21	6	126
1210	12	10	12-11-8-7-9-14-15-10	21	7	147
1210	12	10	12-13-14-9-7-6-5-10	21	7	147
1210	12	10	12-11-8-7-1-2-5-10	21	7	147
1211	12	11	12-11	35	1	35
1211	12	11	12-13-14-9-7-8-11	35	6	210
1211	12	11	12-13-14-15-10-5-6-7-8-11	35	9	315
1211	12	11	12-13-14-15-10-5-2-1-7-8-11	35	10	350
1211	12	11	12-13-14-15-10-5-2-0-1-7-8-11	35	11	385
1213	12	13	12-13	62	1	62
1213	12	13	12-11-8-7-9-14-13	62	6	372
1213	12	13	12-16-18-20-19-17-15-14-13	62	8	496
1213	12	13	12-11-8-7-6-5-10-15-14-13	62	9	558
1213	12	13	12-11-8-7-1-2-5-10-15-14-13	62	10	620
1214	12	14	12-13-14	80	2	160
1214	12	14	12-11-8-7-9-14	80	5	400
1214	12	14	12-16-18-20-19-17-15-14	80	7	560
1214	12	14	12-11-8-7-6-5-10-15-14	80	8	640
1214	12	14	12-11-8-7-1-2-5-10-15-14	80	9	720
1215	12	15	12-13-14-15	45	3	135
1215	12	15	12-11-8-7-9-14-15	45	6	270
1215	12	15	12-16-18-20-19-17-15	45	6	270
1215	12	15	12-11-8-7-6-5-10-15	45	7	315
1215	12	15	12-11-8-7-1-2-5-10-15	45	8	360
1216	12	16	12-16	33	1	33
1216	12	16	12-13-14-15-17-19-20-18-16	33	8	264
1216	12	16	12-11-8-7-9-14-15-17-19-20-18-16	33	11	363
1216	12	16	12-11-8-7-6-5-10-15-17-19-20-18-16	33	12	396
1216	12	16	12-11-8-7-1-2-5-10-15-17-19-20-18-16	33	13	429
1217	12	17	12-13-14-15-17	98	4	392
1217	12	17	12-16-18-20-19-17	98	5	490
1217	12	17	12-11-8-7-9-14-15-17	98	7	686
1217	12	17	12-11-8-7-6-5-10-15-17	98	8	784
1217	12	17	12-11-8-7-1-2-5-10-15-17	98	9	882
1218	12	18	12-16-18	27	2	54
1218	12	18	12-13-14-15-17-19-20-18	27	7	189
1218	12	18	12-11-8-7-9-14-15-17-19-20-18	27	10	270
1218	12	18	12-11-8-7-6-5-10-15-17-19-20-18	27	11	297
1218	12	18	12-11-8-7-1-2-5-10-15-17-19-20-18	27	12	324
1219	12	19	12-16-18-20-19	55	4	220
1219	12	19	12-13-14-15-17-19	55	5	275
1219	12	19	12-11-8-7-9-14-15-17-19	55	8	440
1219	12	19	12-11-8-7-6-5-10-15-17-19	55	9	495
1219	12	19	12-11-8-7-1-2-5-10-15-17-19	55	10	550
1220	12	20	12-16-18-20	53	3	159
1220	12	20	12-13-14-15-17-19-20	53	6	318
1220	12	20	12-11-8-7-9-14-15-17-19-20	53	9	477
1220	12	20	12-11-8-7-6-5-10-15-17-19-20	53	10	530
1220	12	20	12-11-8-7-1-2-5-10-15-17-19-20	53	11	583
130	13	0	13-14-9-7-1-0	90	5	450
130	13	0	13-12-11-8-7-1-0	90	6	540
130	13	0	13-14-15-10-5-2-0	90	6	540
130	13	0	13-14-9-7-1-2-0	90	6	540
130	13	0	13-14-15-10-5-2-1-0	90	7	630
131	13	1	13-14-9-7-1	32	4	128
131	13	1	13-12-11-8-7-1	32	5	160
131	13	1	13-14-15-10-5-2-1	32	6	192
131	13	1	13-14-15-10-5-2-0-1	32	7	224
131	13	1	13-14-15-10-5-6-7-1	32	7	224
132	13	2	13-14-9-7-1-2	33	5	165
132	13	2	13-14-15-10-5-2	33	5	165
132	13	2	13-14-9-7-1-0-2	33	6	198
132	13	2	13-14-9-7-6-5-2	33	6	198
132	13	2	13-12-11-8-7-1-2	33	6	198
133	13	3	13-14-9-7-1-3	48	5	240
133	13	3	13-12-11-8-7-1-3	48	6	288
133	13	3	13-14-15-10-5-4-3	48	6	288
133	13	3	13-14-15-10-5-2-1-3	48	7	336
133	13	3	13-14-9-7-6-5-4-3	48	7	336
134	13	4	13-14-15-10-5-4	20	5	100
134	13	4	13-14-9-7-1-3-4	20	6	120
134	13	4	13-14-9-7-6-5-4	20	6	120
134	13	4	13-12-11-8-7-1-3-4	20	7	140
134	13	4	13-12-11-8-7-6-5-4	20	7	140
135	13	5	13-14-15-10-5	38	4	152
135	13	5	13-14-9-7-6-5	38	5	190
135	13	5	13-14-9-7-1-2-5	38	6	228
135	13	5	13-12-11-8-7-6-5	38	6	228
135	13	5	13-14-9-7-1-0-2-5	38	7	266
136	13	6	13-14-9-7-6	57	4	228
136	13	6	13-14-15-10-5-6	57	5	285
136	13	6	13-12-11-8-7-6	57	5	285
136	13	6	13-14-9-7-1-2-5-6	57	7	399
136	13	6	13-14-9-7-1-0-2-5-6	57	8	456
137	13	7	13-14-9-7	34	3	102
137	13	7	13-12-11-8-7	34	4	136
137	13	7	13-14-15-10-5-6-7	34	6	204
137	13	7	13-14-15-10-5-2-1-7	34	7	238
137	13	7	13-14-15-10-5-2-0-1-7	34	8	272
138	13	8	13-12-11-8	72	3	216
138	13	8	13-14-9-7-8	72	4	288
138	13	8	13-14-15-10-5-6-7-8	72	7	504
138	13	8	13-14-15-10-5-2-1-7-8	72	8	576
138	13	8	13-14-15-10-5-2-0-1-7-8	72	9	648
139	13	9	13-14-9	39	2	78
139	13	9	13-12-11-8-7-9	39	5	195
139	13	9	13-14-15-10-5-6-7-9	39	7	273
139	13	9	13-14-15-10-5-2-1-7-9	39	8	312
139	13	9	13-12-16-18-20-19-17-15-14-9	39	9	351
1310	13	10	13-14-15-10	87	3	261
1310	13	10	13-14-9-7-6-5-10	87	6	522
1310	13	10	13-14-9-7-1-2-5-10	87	7	609
1310	13	10	13-12-11-8-7-6-5-10	87	7	609
1310	13	10	13-12-11-8-7-9-14-15-10	87	8	696
1311	13	11	13-12-11	46	2	92
1311	13	11	13-14-9-7-8-11	46	5	230
1311	13	11	13-14-15-10-5-6-7-8-11	46	8	368
1311	13	11	13-14-15-17-19-20-18-16-12-11	46	9	414
1311	13	11	13-14-15-10-5-2-1-7-8-11	46	9	414
1312	13	12	13-12	34	1	34
1312	13	12	13-14-9-7-8-11-12	34	6	204
1312	13	12	13-14-15-17-19-20-18-16-12	34	8	272
1312	13	12	13-14-15-10-5-6-7-8-11-12	34	9	306
1312	13	12	13-14-15-10-5-2-1-7-8-11-12	34	10	340
1314	13	14	13-14	91	1	91
1314	13	14	13-12-11-8-7-9-14	91	6	546
1314	13	14	13-12-16-18-20-19-17-15-14	91	8	728
1314	13	14	13-12-11-8-7-6-5-10-15-14	91	9	819
1314	13	14	13-12-11-8-7-1-2-5-10-15-14	91	10	910
1315	13	15	13-14-15	24	2	48
1315	13	15	13-12-11-8-7-9-14-15	24	7	168
1315	13	15	13-14-9-7-6-5-10-15	24	7	168
1315	13	15	13-12-16-18-20-19-17-15	24	7	168
1315	13	15	13-14-9-7-1-2-5-10-15	24	8	192
1316	13	16	13-12-16	16	2	32
1316	13	16	13-14-9-7-8-11-12-16	16	7	112
1316	13	16	13-14-15-17-19-20-18-16	16	7	112
1316	13	16	13-14-15-10-5-6-7-8-11-12-16	16	10	160
1316	13	16	13-14-15-10-5-2-1-7-8-11-12-16	16	11	176
1317	13	17	13-14-15-17	36	3	108
1317	13	17	13-12-16-18-20-19-17	36	6	216
1317	13	17	13-12-11-8-7-9-14-15-17	36	8	288
1317	13	17	13-14-9-7-6-5-10-15-17	36	8	288
1317	13	17	13-14-9-7-1-2-5-10-15-17	36	9	324
1318	13	18	13-12-16-18	61	3	183
1318	13	18	13-14-15-17-19-20-18	61	6	366
1318	13	18	13-14-9-7-8-11-12-16-18	61	8	488
1318	13	18	13-14-15-10-5-6-7-8-11-12-16-18	61	11	671
1318	13	18	13-14-9-7-6-5-10-15-17-19-20-18	61	11	671
1319	13	19	13-14-15-17-19	40	4	160
1319	13	19	13-12-16-18-20-19	40	5	200
1319	13	19	13-12-11-8-7-9-14-15-17-19	40	9	360
1319	13	19	13-14-9-7-6-5-10-15-17-19	40	9	360
1319	13	19	13-14-9-7-1-2-5-10-15-17-19	40	10	400
1320	13	20	13-12-16-18-20	72	4	288
1320	13	20	13-14-15-17-19-20	72	5	360
1320	13	20	13-14-9-7-8-11-12-16-18-20	72	9	648
1320	13	20	13-12-11-8-7-9-14-15-17-19-20	72	10	720
1320	13	20	13-14-9-7-6-5-10-15-17-19-20	72	10	720
140	14	0	14-9-7-1-0	83	4	332
140	14	0	14-9-7-1-2-0	83	5	415
140	14	0	14-15-10-5-2-0	83	5	415
140	14	0	14-15-10-5-2-1-0	83	6	498
140	14	0	14-9-7-6-5-2-0	83	6	498
141	14	1	14-9-7-1	68	3	204
141	14	1	14-15-10-5-2-1	68	5	340
141	14	1	14-15-10-5-2-0-1	68	6	408
141	14	1	14-13-12-11-8-7-1	68	6	408
141	14	1	14-15-10-5-6-7-1	68	6	408
142	14	2	14-9-7-1-2	66	4	264
142	14	2	14-15-10-5-2	66	4	264
142	14	2	14-9-7-1-0-2	66	5	330
142	14	2	14-9-7-6-5-2	66	5	330
142	14	2	14-15-10-5-4-3-1-2	66	7	462
143	14	3	14-9-7-1-3	66	4	264
143	14	3	14-15-10-5-4-3	66	5	330
143	14	3	14-15-10-5-2-1-3	66	6	396
143	14	3	14-9-7-6-5-4-3	66	6	396
143	14	3	14-15-10-5-2-0-1-3	66	7	462
144	14	4	14-15-10-5-4	50	4	200
144	14	4	14-9-7-1-3-4	50	5	250
144	14	4	14-9-7-6-5-4	50	5	250
144	14	4	14-9-7-1-2-5-4	50	6	300
144	14	4	14-15-10-5-2-1-3-4	50	7	350
145	14	5	14-15-10-5	35	3	105
145	14	5	14-9-7-6-5	35	4	140
145	14	5	14-9-7-1-2-5	35	5	175
145	14	5	14-9-7-1-0-2-5	35	6	210
145	14	5	14-9-7-1-3-4-5	35	6	210
146	14	6	14-9-7-6	47	3	141
146	14	6	14-15-10-5-6	47	4	188
146	14	6	14-9-7-1-2-5-6	47	6	282
146	14	6	14-13-12-11-8-7-6	47	6	282
146	14	6	14-9-7-1-0-2-5-6	47	7	329
147	14	7	14-9-7	61	2	122
147	14	7	14-15-10-5-6-7	61	5	305
147	14	7	14-13-12-11-8-7	61	5	305
147	14	7	14-15-10-5-2-1-7	61	6	366
147	14	7	14-15-10-5-2-0-1-7	61	7	427
148	14	8	14-9-7-8	83	3	249
148	14	8	14-13-12-11-8	83	4	332
148	14	8	14-15-10-5-6-7-8	83	6	498
148	14	8	14-15-10-5-2-1-7-8	83	7	581
148	14	8	14-15-10-5-2-0-1-7-8	83	8	664
149	14	9	14-9	13	1	13
149	14	9	14-15-10-5-6-7-9	13	6	78
149	14	9	14-13-12-11-8-7-9	13	6	78
149	14	9	14-15-10-5-2-1-7-9	13	7	91
149	14	9	14-15-10-5-2-0-1-7-9	13	8	104
1410	14	10	14-15-10	73	2	146
1410	14	10	14-9-7-6-5-10	73	5	365
1410	14	10	14-9-7-1-2-5-10	73	6	438
1410	14	10	14-9-7-1-0-2-5-10	73	7	511
1410	14	10	14-9-7-1-3-4-5-10	73	7	511
1411	14	11	14-13-12-11	33	3	99
1411	14	11	14-9-7-8-11	33	4	132
1411	14	11	14-15-10-5-6-7-8-11	33	7	231
1411	14	11	14-15-17-19-20-18-16-12-11	33	8	264
1411	14	11	14-15-10-5-2-1-7-8-11	33	8	264
1412	14	12	14-13-12	38	2	76
1412	14	12	14-9-7-8-11-12	38	5	190
1412	14	12	14-15-17-19-20-18-16-12	38	7	266
1412	14	12	14-15-10-5-6-7-8-11-12	38	8	304
1412	14	12	14-15-10-5-2-1-7-8-11-12	38	9	342
1413	14	13	14-13	0	1	0
1413	14	13	14-9-7-8-11-12-13	0	6	0
1413	14	13	14-15-17-19-20-18-16-12-13	0	8	0
1413	14	13	14-15-10-5-6-7-8-11-12-13	0	9	0
1413	14	13	14-15-10-5-2-1-7-8-11-12-13	0	10	0
1415	14	15	14-15	54	1	54
1415	14	15	14-9-7-6-5-10-15	54	6	324
1415	14	15	14-9-7-1-2-5-10-15	54	7	378
1415	14	15	14-13-12-16-18-20-19-17-15	54	8	432
1415	14	15	14-9-7-1-3-4-5-10-15	54	8	432
1416	14	16	14-13-12-16	83	3	249
1416	14	16	14-9-7-8-11-12-16	83	6	498
1416	14	16	14-15-17-19-20-18-16	83	6	498
1416	14	16	14-15-10-5-6-7-8-11-12-16	83	9	747
1416	14	16	14-15-10-5-2-1-7-8-11-12-16	83	10	830
1417	14	17	14-15-17	30	2	60
1417	14	17	14-9-7-6-5-10-15-17	30	7	210
1417	14	17	14-13-12-16-18-20-19-17	30	7	210
1417	14	17	14-9-7-1-2-5-10-15-17	30	8	240
1417	14	17	14-9-7-1-0-2-5-10-15-17	30	9	270
1418	14	18	14-13-12-16-18	11	4	44
1418	14	18	14-15-17-19-20-18	11	5	55
1418	14	18	14-9-7-8-11-12-16-18	11	7	77
1418	14	18	14-15-10-5-6-7-8-11-12-16-18	11	10	110
1418	14	18	14-9-7-6-5-10-15-17-19-20-18	11	10	110
1419	14	19	14-15-17-19	82	3	246
1419	14	19	14-13-12-16-18-20-19	82	6	492
1419	14	19	14-9-7-6-5-10-15-17-19	82	8	656
1419	14	19	14-9-7-1-2-5-10-15-17-19	82	9	738
1419	14	19	14-9-7-8-11-12-16-18-20-19	82	9	738
1420	14	20	14-15-17-19-20	77	4	308
1420	14	20	14-13-12-16-18-20	77	5	385
1420	14	20	14-9-7-8-11-12-16-18-20	77	8	616
1420	14	20	14-9-7-6-5-10-15-17-19-20	77	9	693
1420	14	20	14-9-7-1-2-5-10-15-17-19-20	77	10	770
150	15	0	15-10-5-2-0	10	4	40
150	15	0	15-10-5-2-1-0	10	5	50
150	15	0	15-14-9-7-1-0	10	5	50
150	15	0	15-10-5-4-3-1-0	10	6	60
150	15	0	15-14-9-7-1-2-0	10	6	60
151	15	1	15-10-5-2-1	22	4	88
151	15	1	15-14-9-7-1	22	4	88
151	15	1	15-10-5-2-0-1	22	5	110
151	15	1	15-10-5-6-7-1	22	5	110
151	15	1	15-10-5-4-3-1	22	5	110
152	15	2	15-10-5-2	17	3	51
152	15	2	15-14-9-7-1-2	17	5	85
152	15	2	15-14-9-7-1-0-2	17	6	102
152	15	2	15-14-9-7-6-5-2	17	6	102
152	15	2	15-10-5-6-7-1-2	17	6	102
153	15	3	15-10-5-4-3	37	4	148
153	15	3	15-10-5-2-1-3	37	5	185
153	15	3	15-14-9-7-1-3	37	5	185
153	15	3	15-10-5-2-0-1-3	37	6	222
153	15	3	15-10-5-6-7-1-3	37	6	222
154	15	4	15-10-5-4	68	3	204
154	15	4	15-10-5-2-1-3-4	68	6	408
154	15	4	15-14-9-7-6-5-4	68	6	408
154	15	4	15-14-9-7-1-3-4	68	6	408
154	15	4	15-10-5-2-0-1-3-4	68	7	476
155	15	5	15-10-5	35	2	70
155	15	5	15-14-9-7-6-5	35	5	175
155	15	5	15-14-9-7-1-2-5	35	6	210
155	15	5	15-14-9-7-1-0-2-5	35	7	245
155	15	5	15-14-9-7-1-3-4-5	35	7	245
156	15	6	15-10-5-6	44	3	132
156	15	6	15-14-9-7-6	44	4	176
156	15	6	15-10-5-2-1-7-6	44	6	264
156	15	6	15-14-9-7-1-2-5-6	44	7	308
156	15	6	15-10-5-4-3-1-7-6	44	7	308
157	15	7	15-14-9-7	91	3	273
157	15	7	15-10-5-6-7	91	4	364
157	15	7	15-10-5-2-1-7	91	5	455
157	15	7	15-10-5-2-0-1-7	91	6	546
157	15	7	15-14-13-12-11-8-7	91	6	546
158	15	8	15-14-9-7-8	13	4	52
158	15	8	15-14-13-12-11-8	13	5	65
158	15	8	15-10-5-6-7-8	13	5	65
158	15	8	15-10-5-2-1-7-8	13	6	78
158	15	8	15-10-5-2-0-1-7-8	13	7	91
159	15	9	15-14-9	81	2	162
159	15	9	15-10-5-6-7-9	81	5	405
159	15	9	15-10-5-2-1-7-9	81	6	486
159	15	9	15-10-5-2-0-1-7-9	81	7	567
159	15	9	15-10-5-4-3-1-7-9	81	7	567
1510	15	10	15-10	54	1	54
1510	15	10	15-14-9-7-6-5-10	54	6	324
1510	15	10	15-14-9-7-1-2-5-10	54	7	378
1510	15	10	15-14-9-7-1-0-2-5-10	54	8	432
1510	15	10	15-14-9-7-1-3-4-5-10	54	8	432
1511	15	11	15-14-13-12-11	51	4	204
1511	15	11	15-14-9-7-8-11	51	5	255
1511	15	11	15-10-5-6-7-8-11	51	6	306
1511	15	11	15-17-19-20-18-16-12-11	51	7	357
1511	15	11	15-10-5-2-1-7-8-11	51	7	357
1512	15	12	15-14-13-12	87	3	261
1512	15	12	15-14-9-7-8-11-12	87	6	522
1512	15	12	15-17-19-20-18-16-12	87	6	522
1512	15	12	15-10-5-6-7-8-11-12	87	7	609
1512	15	12	15-10-5-2-1-7-8-11-12	87	8	696
1513	15	13	15-14-13	79	2	158
1513	15	13	15-14-9-7-8-11-12-13	79	7	553
1513	15	13	15-10-5-6-7-9-14-13	79	7	553
1513	15	13	15-17-19-20-18-16-12-13	79	7	553
1513	15	13	15-10-5-6-7-8-11-12-13	79	8	632
1514	15	14	15-14	77	1	77
1514	15	14	15-10-5-6-7-9-14	77	6	462
1514	15	14	15-10-5-2-1-7-9-14	77	7	539
1514	15	14	15-17-19-20-18-16-12-13-14	77	8	616
1514	15	14	15-10-5-4-3-1-7-9-14	77	8	616
1516	15	16	15-14-13-12-16	31	4	124
1516	15	16	15-17-19-20-18-16	31	5	155
1516	15	16	15-14-9-7-8-11-12-16	31	7	217
1516	15	16	15-10-5-6-7-8-11-12-16	31	8	248
1516	15	16	15-10-5-2-1-7-8-11-12-16	31	9	279
1517	15	17	15-17	13	1	13
1517	15	17	15-14-13-12-16-18-20-19-17	13	8	104
1517	15	17	15-14-9-7-8-11-12-16-18-20-19-17	13	11	143
1517	15	17	15-10-5-6-7-8-11-12-16-18-20-19-17	13	12	156
1517	15	17	15-10-5-2-1-7-8-11-12-16-18-20-19-17	13	13	169
1518	15	18	15-17-19-20-18	77	4	308
1518	15	18	15-14-13-12-16-18	77	5	385
1518	15	18	15-14-9-7-8-11-12-16-18	77	8	616
1518	15	18	15-10-5-6-7-8-11-12-16-18	77	9	693
1518	15	18	15-10-5-2-1-7-8-11-12-16-18	77	10	770
1519	15	19	15-17-19	8	2	16
1519	15	19	15-14-13-12-16-18-20-19	8	7	56
1519	15	19	15-14-9-7-8-11-12-16-18-20-19	8	10	80
1519	15	19	15-10-5-6-7-8-11-12-16-18-20-19	8	11	88
1519	15	19	15-10-5-2-1-7-8-11-12-16-18-20-19	8	12	96
1520	15	20	15-17-19-20	90	3	270
1520	15	20	15-14-13-12-16-18-20	90	6	540
1520	15	20	15-14-9-7-8-11-12-16-18-20	90	9	810
1520	15	20	15-10-5-6-7-8-11-12-16-18-20	90	10	900
1520	15	20	15-10-5-2-1-7-8-11-12-16-18-20	90	11	990
160	16	0	16-12-11-8-7-1-0	17	6	102
160	16	0	16-12-13-14-9-7-1-0	17	7	119
160	16	0	16-12-11-8-7-1-2-0	17	7	119
160	16	0	16-12-13-14-9-7-1-2-0	17	8	136
160	16	0	16-12-11-8-7-6-5-2-0	17	8	136
161	16	1	16-12-11-8-7-1	9	5	45
161	16	1	16-12-13-14-9-7-1	9	6	54
161	16	1	16-12-11-8-7-6-5-2-1	9	8	72
161	16	1	16-12-13-14-15-10-5-2-1	9	8	72
161	16	1	16-12-11-8-7-6-5-2-0-1	9	9	81
162	16	2	16-12-11-8-7-1-2	67	6	402
162	16	2	16-12-11-8-7-1-0-2	67	7	469
162	16	2	16-12-13-14-15-10-5-2	67	7	469
162	16	2	16-12-11-8-7-6-5-2	67	7	469
162	16	2	16-12-13-14-9-7-1-2	67	7	469
163	16	3	16-12-11-8-7-1-3	95	6	570
163	16	3	16-12-13-14-9-7-1-3	95	7	665
163	16	3	16-12-11-8-7-6-5-4-3	95	8	760
163	16	3	16-12-13-14-15-10-5-4-3	95	8	760
163	16	3	16-12-13-14-15-10-5-2-1-3	95	9	855
164	16	4	16-12-11-8-7-1-3-4	69	7	483
164	16	4	16-12-13-14-15-10-5-4	69	7	483
164	16	4	16-12-11-8-7-6-5-4	69	7	483
164	16	4	16-12-13-14-9-7-1-3-4	69	8	552
164	16	4	16-12-13-14-9-7-6-5-4	69	8	552
165	16	5	16-12-11-8-7-6-5	70	6	420
165	16	5	16-12-13-14-15-10-5	70	6	420
165	16	5	16-12-11-8-7-1-2-5	70	7	490
165	16	5	16-18-20-19-17-15-10-5	70	7	490
165	16	5	16-12-13-14-9-7-6-5	70	7	490
166	16	6	16-12-11-8-7-6	12	5	60
166	16	6	16-12-13-14-9-7-6	12	6	72
166	16	6	16-12-13-14-15-10-5-6	12	7	84
166	16	6	16-12-11-8-7-1-2-5-6	12	8	96
166	16	6	16-18-20-19-17-15-10-5-6	12	8	96
167	16	7	16-12-11-8-7	5	4	20
167	16	7	16-12-13-14-9-7	5	5	25
167	16	7	16-12-13-14-15-10-5-6-7	5	8	40
167	16	7	16-18-20-19-17-15-14-9-7	5	8	40
167	16	7	16-12-13-14-15-10-5-2-1-7	5	9	45
168	16	8	16-12-11-8	71	3	213
168	16	8	16-12-13-14-9-7-8	71	6	426
168	16	8	16-12-13-14-15-10-5-6-7-8	71	9	639
168	16	8	16-18-20-19-17-15-14-9-7-8	71	9	639
168	16	8	16-18-20-19-17-15-14-13-12-11-8	71	10	710
169	16	9	16-12-13-14-9	7	4	28
169	16	9	16-12-11-8-7-9	7	5	35
169	16	9	16-18-20-19-17-15-14-9	7	7	49
169	16	9	16-12-13-14-15-10-5-6-7-9	7	9	63
169	16	9	16-12-11-8-7-6-5-10-15-14-9	7	10	70
1610	16	10	16-12-13-14-15-10	23	5	115
1610	16	10	16-18-20-19-17-15-10	23	6	138
1610	16	10	16-12-11-8-7-6-5-10	23	7	161
1610	16	10	16-12-11-8-7-9-14-15-10	23	8	184
1610	16	10	16-12-13-14-9-7-6-5-10	23	8	184
1611	16	11	16-12-11	55	2	110
1611	16	11	16-12-13-14-9-7-8-11	55	7	385
1611	16	11	16-18-20-19-17-15-14-13-12-11	55	9	495
1611	16	11	16-12-13-14-15-10-5-6-7-8-11	55	10	550
1611	16	11	16-18-20-19-17-15-14-9-7-8-11	55	10	550
1612	16	12	16-12	18	1	18
1612	16	12	16-18-20-19-17-15-14-13-12	18	8	144
1612	16	12	16-18-20-19-17-15-14-9-7-8-11-12	18	11	198
1612	16	12	16-18-20-19-17-15-10-5-6-7-8-11-12	18	12	216
1612	16	12	16-18-20-19-17-15-10-5-2-1-7-8-11-12	18	13	234
1613	16	13	16-12-13	8	2	16
1613	16	13	16-18-20-19-17-15-14-13	8	7	56
1613	16	13	16-12-11-8-7-9-14-13	8	7	56
1613	16	13	16-12-11-8-7-6-5-10-15-14-13	8	10	80
1613	16	13	16-12-11-8-7-1-2-5-10-15-14-13	8	11	88
1614	16	14	16-12-13-14	39	3	117
1614	16	14	16-18-20-19-17-15-14	39	6	234
1614	16	14	16-12-11-8-7-9-14	39	6	234
1614	16	14	16-12-11-8-7-6-5-10-15-14	39	9	351
1614	16	14	16-12-11-8-7-1-2-5-10-15-14	39	10	390
1615	16	15	16-12-13-14-15	73	4	292
1615	16	15	16-18-20-19-17-15	73	5	365
1615	16	15	16-12-11-8-7-9-14-15	73	7	511
1615	16	15	16-12-11-8-7-6-5-10-15	73	8	584
1615	16	15	16-12-11-8-7-1-2-5-10-15	73	9	657
1617	16	17	16-18-20-19-17	20	4	80
1617	16	17	16-12-13-14-15-17	20	5	100
1617	16	17	16-12-11-8-7-9-14-15-17	20	8	160
1617	16	17	16-12-11-8-7-6-5-10-15-17	20	9	180
1617	16	17	16-12-11-8-7-1-2-5-10-15-17	20	10	200
1618	16	18	16-18	14	1	14
1618	16	18	16-12-13-14-15-17-19-20-18	14	8	112
1618	16	18	16-12-11-8-7-9-14-15-17-19-20-18	14	11	154
1618	16	18	16-12-11-8-7-6-5-10-15-17-19-20-18	14	12	168
1618	16	18	16-12-11-8-7-1-2-5-10-15-17-19-20-18	14	13	182
1619	16	19	16-18-20-19	88	3	264
1619	16	19	16-12-13-14-15-17-19	88	6	528
1619	16	19	16-12-11-8-7-9-14-15-17-19	88	9	792
1619	16	19	16-12-11-8-7-6-5-10-15-17-19	88	10	880
1619	16	19	16-12-11-8-7-1-2-5-10-15-17-19	88	11	968
1620	16	20	16-18-20	39	2	78
1620	16	20	16-12-13-14-15-17-19-20	39	7	273
1620	16	20	16-12-11-8-7-9-14-15-17-19-20	39	10	390
1620	16	20	16-12-11-8-7-6-5-10-15-17-19-20	39	11	429
1620	16	20	16-12-11-8-7-1-2-5-10-15-17-19-20	39	12	468
170	17	0	17-15-10-5-2-0	1	5	5
170	17	0	17-15-10-5-2-1-0	1	6	6
170	17	0	17-15-14-9-7-1-0	1	6	6
170	17	0	17-15-10-5-4-3-1-0	1	7	7
170	17	0	17-15-14-9-7-1-2-0	1	7	7
171	17	1	17-15-10-5-2-1	38	5	190
171	17	1	17-15-14-9-7-1	38	5	190
171	17	1	17-15-10-5-2-0-1	38	6	228
171	17	1	17-15-10-5-6-7-1	38	6	228
171	17	1	17-15-10-5-4-3-1	38	6	228
172	17	2	17-15-10-5-2	54	4	216
172	17	2	17-15-14-9-7-1-2	54	6	324
172	17	2	17-15-14-9-7-1-0-2	54	7	378
172	17	2	17-15-14-9-7-6-5-2	54	7	378
172	17	2	17-15-10-5-6-7-1-2	54	7	378
173	17	3	17-15-10-5-4-3	78	5	390
173	17	3	17-15-10-5-2-1-3	78	6	468
173	17	3	17-15-14-9-7-1-3	78	6	468
173	17	3	17-15-10-5-2-0-1-3	78	7	546
173	17	3	17-15-10-5-6-7-1-3	78	7	546
174	17	4	17-15-10-5-4	63	4	252
174	17	4	17-15-10-5-2-1-3-4	63	7	441
174	17	4	17-15-14-9-7-6-5-4	63	7	441
174	17	4	17-15-14-9-7-1-3-4	63	7	441
174	17	4	17-15-10-5-2-0-1-3-4	63	8	504
175	17	5	17-15-10-5	66	3	198
175	17	5	17-15-14-9-7-6-5	66	6	396
175	17	5	17-15-14-9-7-1-2-5	66	7	462
175	17	5	17-15-14-9-7-1-0-2-5	66	8	528
175	17	5	17-15-14-9-7-1-3-4-5	66	8	528
176	17	6	17-15-10-5-6	59	4	236
176	17	6	17-15-14-9-7-6	59	5	295
176	17	6	17-15-10-5-2-1-7-6	59	7	413
176	17	6	17-15-14-9-7-1-2-5-6	59	8	472
176	17	6	17-15-10-5-4-3-1-7-6	59	8	472
177	17	7	17-15-14-9-7	62	4	248
177	17	7	17-15-10-5-6-7	62	5	310
177	17	7	17-15-10-5-2-1-7	62	6	372
177	17	7	17-15-10-5-2-0-1-7	62	7	434
177	17	7	17-15-14-13-12-11-8-7	62	7	434
178	17	8	17-15-14-9-7-8	8	5	40
178	17	8	17-15-14-13-12-11-8	8	6	48
178	17	8	17-15-10-5-6-7-8	8	6	48
178	17	8	17-19-20-18-16-12-11-8	8	7	56
178	17	8	17-15-10-5-2-1-7-8	8	7	56
179	17	9	17-15-14-9	54	3	162
179	17	9	17-15-10-5-6-7-9	54	6	324
179	17	9	17-15-10-5-2-1-7-9	54	7	378
179	17	9	17-19-20-18-16-12-13-14-9	54	8	432
179	17	9	17-15-10-5-4-3-1-7-9	54	8	432
1710	17	10	17-15-10	63	2	126
1710	17	10	17-15-14-9-7-6-5-10	63	7	441
1710	17	10	17-15-14-9-7-1-2-5-10	63	8	504
1710	17	10	17-19-20-18-16-12-13-14-15-10	63	9	567
1710	17	10	17-15-14-9-7-1-3-4-5-10	63	9	567
1711	17	11	17-15-14-13-12-11	0	5	0
1711	17	11	17-19-20-18-16-12-11	0	6	0
1711	17	11	17-15-14-9-7-8-11	0	6	0
1711	17	11	17-15-10-5-6-7-8-11	0	7	0
1711	17	11	17-15-10-5-2-1-7-8-11	0	8	0
1712	17	12	17-15-14-13-12	87	4	348
1712	17	12	17-19-20-18-16-12	87	5	435
1712	17	12	17-15-14-9-7-8-11-12	87	7	609
1712	17	12	17-15-10-5-6-7-8-11-12	87	8	696
1712	17	12	17-15-10-5-2-1-7-8-11-12	87	9	783
1713	17	13	17-15-14-13	8	3	24
1713	17	13	17-19-20-18-16-12-13	8	6	48
1713	17	13	17-15-14-9-7-8-11-12-13	8	8	64
1713	17	13	17-15-10-5-6-7-9-14-13	8	8	64
1713	17	13	17-15-10-5-6-7-8-11-12-13	8	9	72
1714	17	14	17-15-14	84	2	168
1714	17	14	17-19-20-18-16-12-13-14	84	7	588
1714	17	14	17-15-10-5-6-7-9-14	84	7	588
1714	17	14	17-15-10-5-2-1-7-9-14	84	8	672
1714	17	14	17-15-10-5-2-0-1-7-9-14	84	9	756
1715	17	15	17-15	2	1	2
1715	17	15	17-19-20-18-16-12-13-14-15	2	8	16
1715	17	15	17-19-20-18-16-12-11-8-7-9-14-15	2	11	22
1715	17	15	17-19-20-18-16-12-11-8-7-6-5-10-15	2	12	24
1715	17	15	17-19-20-18-16-12-11-8-7-1-2-5-10-15	2	13	26
1716	17	16	17-19-20-18-16	71	4	284
1716	17	16	17-15-14-13-12-16	71	5	355
1716	17	16	17-15-14-9-7-8-11-12-16	71	8	568
1716	17	16	17-15-10-5-6-7-8-11-12-16	71	9	639
1716	17	16	17-15-10-5-2-1-7-8-11-12-16	71	10	710
1718	17	18	17-19-20-18	82	3	246
1718	17	18	17-15-14-13-12-16-18	82	6	492
1718	17	18	17-15-14-9-7-8-11-12-16-18	82	9	738
1718	17	18	17-15-10-5-6-7-8-11-12-16-18	82	10	820
1718	17	18	17-15-10-5-2-1-7-8-11-12-16-18	82	11	902
1719	17	19	17-19	70	1	70
1719	17	19	17-15-14-13-12-16-18-20-19	70	8	560
1719	17	19	17-15-14-9-7-8-11-12-16-18-20-19	70	11	770
1719	17	19	17-15-10-5-6-7-8-11-12-16-18-20-19	70	12	840
1719	17	19	17-15-10-5-2-1-7-8-11-12-16-18-20-19	70	13	910
1720	17	20	17-19-20	50	2	100
1720	17	20	17-15-14-13-12-16-18-20	50	7	350
1720	17	20	17-15-14-9-7-8-11-12-16-18-20	50	10	500
1720	17	20	17-15-10-5-6-7-8-11-12-16-18-20	50	11	550
1720	17	20	17-15-10-5-2-1-7-8-11-12-16-18-20	50	12	600
180	18	0	18-16-12-11-8-7-1-0	62	7	434
180	18	0	18-16-12-13-14-9-7-1-0	62	8	496
180	18	0	18-20-19-17-15-10-5-2-0	62	8	496
180	18	0	18-16-12-11-8-7-1-2-0	62	8	496
180	18	0	18-20-19-17-15-10-5-2-1-0	62	9	558
181	18	1	18-16-12-11-8-7-1	1	6	6
181	18	1	18-16-12-13-14-9-7-1	1	7	7
181	18	1	18-20-19-17-15-10-5-2-1	1	8	8
181	18	1	18-20-19-17-15-14-9-7-1	1	8	8
181	18	1	18-20-19-17-15-10-5-2-0-1	1	9	9
182	18	2	18-16-12-11-8-7-1-2	77	7	539
182	18	2	18-20-19-17-15-10-5-2	77	7	539
182	18	2	18-16-12-11-8-7-1-0-2	77	8	616
182	18	2	18-16-12-13-14-15-10-5-2	77	8	616
182	18	2	18-16-12-11-8-7-6-5-2	77	8	616
183	18	3	18-16-12-11-8-7-1-3	89	7	623
183	18	3	18-16-12-13-14-9-7-1-3	89	8	712
183	18	3	18-20-19-17-15-10-5-4-3	89	8	712
183	18	3	18-20-19-17-15-10-5-2-1-3	89	9	801
183	18	3	18-16-12-13-14-15-10-5-4-3	89	9	801
184	18	4	18-20-19-17-15-10-5-4	26	7	182
184	18	4	18-16-12-11-8-7-1-3-4	26	8	208
184	18	4	18-16-12-13-14-15-10-5-4	26	8	208
184	18	4	18-16-12-11-8-7-6-5-4	26	8	208
184	18	4	18-16-12-13-14-9-7-1-3-4	26	9	234
185	18	5	18-20-19-17-15-10-5	0	6	0
185	18	5	18-16-12-11-8-7-6-5	0	7	0
185	18	5	18-16-12-13-14-15-10-5	0	7	0
185	18	5	18-16-12-11-8-7-1-2-5	0	8	0
185	18	5	18-16-12-13-14-9-7-6-5	0	8	0
186	18	6	18-16-12-11-8-7-6	49	6	294
186	18	6	18-20-19-17-15-10-5-6	49	7	343
186	18	6	18-16-12-13-14-9-7-6	49	7	343
186	18	6	18-16-12-13-14-15-10-5-6	49	8	392
186	18	6	18-20-19-17-15-14-9-7-6	49	8	392
187	18	7	18-16-12-11-8-7	82	5	410
187	18	7	18-16-12-13-14-9-7	82	6	492
187	18	7	18-20-19-17-15-14-9-7	82	7	574
187	18	7	18-20-19-17-15-10-5-6-7	82	8	656
187	18	7	18-20-19-17-15-10-5-2-1-7	82	9	738
188	18	8	18-16-12-11-8	93	4	372
188	18	8	18-16-12-13-14-9-7-8	93	7	651
188	18	8	18-20-19-17-15-14-9-7-8	93	8	744
188	18	8	18-20-19-17-15-14-13-12-11-8	93	9	837
188	18	8	18-20-19-17-15-10-5-6-7-8	93	9	837
189	18	9	18-16-12-13-14-9	81	5	405
189	18	9	18-20-19-17-15-14-9	81	6	486
189	18	9	18-16-12-11-8-7-9	81	6	486
189	18	9	18-20-19-17-15-10-5-6-7-9	81	9	729
189	18	9	18-20-19-17-15-10-5-2-1-7-9	81	10	810
1810	18	10	18-20-19-17-15-10	20	5	100
1810	18	10	18-16-12-13-14-15-10	20	6	120
1810	18	10	18-16-12-11-8-7-6-5-10	20	8	160
1810	18	10	18-16-12-11-8-7-9-14-15-10	20	9	180
1810	18	10	18-16-12-13-14-9-7-6-5-10	20	9	180
1811	18	11	18-16-12-11	8	3	24
1811	18	11	18-20-19-17-15-14-13-12-11	8	8	64
1811	18	11	18-16-12-13-14-9-7-8-11	8	8	64
1811	18	11	18-20-19-17-15-14-9-7-8-11	8	9	72
1811	18	11	18-20-19-17-15-10-5-6-7-8-11	8	10	80
1812	18	12	18-16-12	15	2	30
1812	18	12	18-20-19-17-15-14-13-12	15	7	105
1812	18	12	18-20-19-17-15-14-9-7-8-11-12	15	10	150
1812	18	12	18-20-19-17-15-10-5-6-7-8-11-12	15	11	165
1812	18	12	18-20-19-17-15-10-5-2-1-7-8-11-12	15	12	180
1813	18	13	18-16-12-13	94	3	282
1813	18	13	18-20-19-17-15-14-13	94	6	564
1813	18	13	18-16-12-11-8-7-9-14-13	94	8	752
1813	18	13	18-20-19-17-15-14-9-7-8-11-12-13	94	11	1034
1813	18	13	18-20-19-17-15-10-5-6-7-9-14-13	94	11	1034
1814	18	14	18-16-12-13-14	15	4	60
1814	18	14	18-20-19-17-15-14	15	5	75
1814	18	14	18-16-12-11-8-7-9-14	15	7	105
1814	18	14	18-16-12-11-8-7-6-5-10-15-14	15	10	150
1814	18	14	18-20-19-17-15-10-5-6-7-9-14	15	10	150
1815	18	15	18-20-19-17-15	59	4	236
1815	18	15	18-16-12-13-14-15	59	5	295
1815	18	15	18-16-12-11-8-7-9-14-15	59	8	472
1815	18	15	18-16-12-11-8-7-6-5-10-15	59	9	531
1815	18	15	18-16-12-11-8-7-1-2-5-10-15	59	10	590
1816	18	16	18-16	20	1	20
1816	18	16	18-20-19-17-15-14-13-12-16	20	8	160
1816	18	16	18-20-19-17-15-14-9-7-8-11-12-16	20	11	220
1816	18	16	18-20-19-17-15-10-5-6-7-8-11-12-16	20	12	240
1816	18	16	18-20-19-17-15-10-5-2-1-7-8-11-12-16	20	13	260
1817	18	17	18-20-19-17	66	3	198
1817	18	17	18-16-12-13-14-15-17	66	6	396
1817	18	17	18-16-12-11-8-7-9-14-15-17	66	9	594
1817	18	17	18-16-12-11-8-7-6-5-10-15-17	66	10	660
1817	18	17	18-16-12-11-8-7-1-2-5-10-15-17	66	11	726
1819	18	19	18-20-19	33	2	66
1819	18	19	18-16-12-13-14-15-17-19	33	7	231
1819	18	19	18-16-12-11-8-7-9-14-15-17-19	33	10	330
1819	18	19	18-16-12-11-8-7-6-5-10-15-17-19	33	11	363
1819	18	19	18-16-12-11-8-7-1-2-5-10-15-17-19	33	12	396
1820	18	20	18-20	37	1	37
1820	18	20	18-16-12-13-14-15-17-19-20	37	8	296
1820	18	20	18-16-12-11-8-7-9-14-15-17-19-20	37	11	407
1820	18	20	18-16-12-11-8-7-6-5-10-15-17-19-20	37	12	444
1820	18	20	18-16-12-11-8-7-1-2-5-10-15-17-19-20	37	13	481
190	19	0	19-17-15-10-5-2-0	51	6	306
190	19	0	19-17-15-10-5-2-1-0	51	7	357
190	19	0	19-17-15-14-9-7-1-0	51	7	357
190	19	0	19-17-15-10-5-4-3-1-0	51	8	408
190	19	0	19-17-15-14-9-7-1-2-0	51	8	408
191	19	1	19-17-15-10-5-2-1	56	6	336
191	19	1	19-17-15-14-9-7-1	56	6	336
191	19	1	19-17-15-10-5-2-0-1	56	7	392
191	19	1	19-17-15-10-5-6-7-1	56	7	392
191	19	1	19-17-15-10-5-4-3-1	56	7	392
192	19	2	19-17-15-10-5-2	50	5	250
192	19	2	19-17-15-14-9-7-1-2	50	7	350
192	19	2	19-17-15-14-9-7-1-0-2	50	8	400
192	19	2	19-17-15-14-9-7-6-5-2	50	8	400
192	19	2	19-17-15-10-5-6-7-1-2	50	8	400
193	19	3	19-17-15-10-5-4-3	51	6	306
193	19	3	19-17-15-10-5-2-1-3	51	7	357
193	19	3	19-17-15-14-9-7-1-3	51	7	357
193	19	3	19-17-15-10-5-2-0-1-3	51	8	408
193	19	3	19-17-15-10-5-6-7-1-3	51	8	408
194	19	4	19-17-15-10-5-4	10	5	50
194	19	4	19-17-15-10-5-2-1-3-4	10	8	80
194	19	4	19-17-15-14-9-7-6-5-4	10	8	80
194	19	4	19-17-15-14-9-7-1-3-4	10	8	80
194	19	4	19-17-15-10-5-2-0-1-3-4	10	9	90
195	19	5	19-17-15-10-5	56	4	224
195	19	5	19-17-15-14-9-7-6-5	56	7	392
195	19	5	19-17-15-14-9-7-1-2-5	56	8	448
195	19	5	19-17-15-14-9-7-1-0-2-5	56	9	504
195	19	5	19-20-18-16-12-13-14-15-10-5	56	9	504
196	19	6	19-17-15-10-5-6	96	5	480
196	19	6	19-17-15-14-9-7-6	96	6	576
196	19	6	19-17-15-10-5-2-1-7-6	96	8	768
196	19	6	19-20-18-16-12-11-8-7-6	96	8	768
196	19	6	19-17-15-14-9-7-1-2-5-6	96	9	864
197	19	7	19-17-15-14-9-7	87	5	435
197	19	7	19-17-15-10-5-6-7	87	6	522
197	19	7	19-17-15-10-5-2-1-7	87	7	609
197	19	7	19-20-18-16-12-11-8-7	87	7	609
197	19	7	19-17-15-10-5-2-0-1-7	87	8	696
198	19	8	19-20-18-16-12-11-8	56	6	336
198	19	8	19-17-15-14-9-7-8	56	6	336
198	19	8	19-17-15-14-13-12-11-8	56	7	392
198	19	8	19-17-15-10-5-6-7-8	56	7	392
198	19	8	19-17-15-10-5-2-1-7-8	56	8	448
199	19	9	19-17-15-14-9	52	4	208
199	19	9	19-20-18-16-12-13-14-9	52	7	364
199	19	9	19-17-15-10-5-6-7-9	52	7	364
199	19	9	19-17-15-10-5-2-1-7-9	52	8	416
199	19	9	19-20-18-16-12-11-8-7-9	52	8	416
1910	19	10	19-17-15-10	94	3	282
1910	19	10	19-20-18-16-12-13-14-15-10	94	8	752
1910	19	10	19-17-15-14-9-7-6-5-10	94	8	752
1910	19	10	19-17-15-14-9-7-1-2-5-10	94	9	846
1910	19	10	19-17-15-14-9-7-1-0-2-5-10	94	10	940
1911	19	11	19-20-18-16-12-11	89	5	445
1911	19	11	19-17-15-14-13-12-11	89	6	534
1911	19	11	19-17-15-14-9-7-8-11	89	7	623
1911	19	11	19-17-15-10-5-6-7-8-11	89	8	712
1911	19	11	19-17-15-10-5-2-1-7-8-11	89	9	801
1912	19	12	19-20-18-16-12	25	4	100
1912	19	12	19-17-15-14-13-12	25	5	125
1912	19	12	19-17-15-14-9-7-8-11-12	25	8	200
1912	19	12	19-17-15-10-5-6-7-8-11-12	25	9	225
1912	19	12	19-17-15-10-5-2-1-7-8-11-12	25	10	250
1913	19	13	19-17-15-14-13	23	4	92
1913	19	13	19-20-18-16-12-13	23	5	115
1913	19	13	19-17-15-14-9-7-8-11-12-13	23	9	207
1913	19	13	19-17-15-10-5-6-7-9-14-13	23	9	207
1913	19	13	19-17-15-10-5-6-7-8-11-12-13	23	10	230
1914	19	14	19-17-15-14	59	3	177
1914	19	14	19-20-18-16-12-13-14	59	6	354
1914	19	14	19-17-15-10-5-6-7-9-14	59	8	472
1914	19	14	19-17-15-10-5-2-1-7-9-14	59	9	531
1914	19	14	19-20-18-16-12-11-8-7-9-14	59	9	531
1915	19	15	19-17-15	95	2	190
1915	19	15	19-20-18-16-12-13-14-15	95	7	665
1915	19	15	19-20-18-16-12-11-8-7-9-14-15	95	10	950
1915	19	15	19-20-18-16-12-11-8-7-6-5-10-15	95	11	1045
1915	19	15	19-20-18-16-12-11-8-7-1-2-5-10-15	95	12	1140
1916	19	16	19-20-18-16	80	3	240
1916	19	16	19-17-15-14-13-12-16	80	6	480
1916	19	16	19-17-15-14-9-7-8-11-12-16	80	9	720
1916	19	16	19-17-15-10-5-6-7-8-11-12-16	80	10	800
1916	19	16	19-17-15-10-5-2-1-7-8-11-12-16	80	11	880
1917	19	17	19-17	9	1	9
1917	19	17	19-20-18-16-12-13-14-15-17	9	8	72
1917	19	17	19-20-18-16-12-11-8-7-9-14-15-17	9	11	99
1917	19	17	19-20-18-16-12-11-8-7-6-5-10-15-17	9	12	108
1917	19	17	19-20-18-16-12-11-8-7-1-2-5-10-15-17	9	13	117
1918	19	18	19-20-18	43	2	86
1918	19	18	19-17-15-14-13-12-16-18	43	7	301
1918	19	18	19-17-15-14-9-7-8-11-12-16-18	43	10	430
1918	19	18	19-17-15-10-5-6-7-8-11-12-16-18	43	11	473
1918	19	18	19-17-15-10-5-2-1-7-8-11-12-16-18	43	12	516
1920	19	20	19-20	23	1	23
1920	19	20	19-17-15-14-13-12-16-18-20	23	8	184
1920	19	20	19-17-15-14-9-7-8-11-12-16-18-20	23	11	253
1920	19	20	19-17-15-10-5-6-7-8-11-12-16-18-20	23	12	276
1920	19	20	19-17-15-10-5-2-1-7-8-11-12-16-18-20	23	13	299
200	20	0	20-19-17-15-10-5-2-0	34	7	238
200	20	0	20-19-17-15-10-5-2-1-0	34	8	272
200	20	0	20-18-16-12-11-8-7-1-0	34	8	272
200	20	0	20-19-17-15-14-9-7-1-0	34	8	272
200	20	0	20-19-17-15-10-5-4-3-1-0	34	9	306
201	20	1	20-19-17-15-10-5-2-1	52	7	364
201	20	1	20-19-17-15-14-9-7-1	52	7	364
201	20	1	20-18-16-12-11-8-7-1	52	7	364
201	20	1	20-19-17-15-10-5-2-0-1	52	8	416
201	20	1	20-18-16-12-13-14-9-7-1	52	8	416
202	20	2	20-19-17-15-10-5-2	54	6	324
202	20	2	20-18-16-12-11-8-7-1-2	54	8	432
202	20	2	20-19-17-15-14-9-7-1-2	54	8	432
202	20	2	20-18-16-12-11-8-7-1-0-2	54	9	486
202	20	2	20-19-17-15-14-9-7-6-5-2	54	9	486
203	20	3	20-19-17-15-10-5-4-3	0	7	0
203	20	3	20-19-17-15-10-5-2-1-3	0	8	0
203	20	3	20-18-16-12-11-8-7-1-3	0	8	0
203	20	3	20-19-17-15-14-9-7-1-3	0	8	0
203	20	3	20-19-17-15-10-5-2-0-1-3	0	9	0
204	20	4	20-19-17-15-10-5-4	62	6	372
204	20	4	20-19-17-15-10-5-2-1-3-4	62	9	558
204	20	4	20-19-17-15-14-9-7-6-5-4	62	9	558
204	20	4	20-18-16-12-13-14-15-10-5-4	62	9	558
204	20	4	20-18-16-12-11-8-7-6-5-4	62	9	558
205	20	5	20-19-17-15-10-5	6	5	30
205	20	5	20-18-16-12-11-8-7-6-5	6	8	48
205	20	5	20-18-16-12-13-14-15-10-5	6	8	48
205	20	5	20-19-17-15-14-9-7-6-5	6	8	48
205	20	5	20-18-16-12-11-8-7-1-2-5	6	9	54
206	20	6	20-19-17-15-10-5-6	10	6	60
206	20	6	20-18-16-12-11-8-7-6	10	7	70
206	20	6	20-19-17-15-14-9-7-6	10	7	70
206	20	6	20-18-16-12-13-14-9-7-6	10	8	80
206	20	6	20-18-16-12-13-14-15-10-5-6	10	9	90
207	20	7	20-18-16-12-11-8-7	1	6	6
207	20	7	20-19-17-15-14-9-7	1	6	6
207	20	7	20-19-17-15-10-5-6-7	1	7	7
207	20	7	20-18-16-12-13-14-9-7	1	7	7
207	20	7	20-19-17-15-10-5-2-1-7	1	8	8
208	20	8	20-18-16-12-11-8	88	5	440
208	20	8	20-19-17-15-14-9-7-8	88	7	616
208	20	8	20-19-17-15-14-13-12-11-8	88	8	704
208	20	8	20-18-16-12-13-14-9-7-8	88	8	704
208	20	8	20-19-17-15-10-5-6-7-8	88	8	704
209	20	9	20-19-17-15-14-9	79	5	395
209	20	9	20-18-16-12-13-14-9	79	6	474
209	20	9	20-18-16-12-11-8-7-9	79	7	553
209	20	9	20-19-17-15-10-5-6-7-9	79	8	632
209	20	9	20-19-17-15-10-5-2-1-7-9	79	9	711
2010	20	10	20-19-17-15-10	74	4	296
2010	20	10	20-18-16-12-13-14-15-10	74	7	518
2010	20	10	20-18-16-12-11-8-7-6-5-10	74	9	666
2010	20	10	20-19-17-15-14-9-7-6-5-10	74	9	666
2010	20	10	20-18-16-12-11-8-7-9-14-15-10	74	10	740
2011	20	11	20-18-16-12-11	2	4	8
2011	20	11	20-19-17-15-14-13-12-11	2	7	14
2011	20	11	20-19-17-15-14-9-7-8-11	2	8	16
2011	20	11	20-19-17-15-10-5-6-7-8-11	2	9	18
2011	20	11	20-18-16-12-13-14-9-7-8-11	2	9	18
2012	20	12	20-18-16-12	1	3	3
2012	20	12	20-19-17-15-14-13-12	1	6	6
2012	20	12	20-19-17-15-14-9-7-8-11-12	1	9	9
2012	20	12	20-19-17-15-10-5-6-7-8-11-12	1	10	10
2012	20	12	20-19-17-15-10-5-2-1-7-8-11-12	1	11	11
2013	20	13	20-18-16-12-13	90	4	360
2013	20	13	20-19-17-15-14-13	90	5	450
2013	20	13	20-18-16-12-11-8-7-9-14-13	90	9	810
2013	20	13	20-19-17-15-14-9-7-8-11-12-13	90	10	900
2013	20	13	20-19-17-15-10-5-6-7-9-14-13	90	10	900
2014	20	14	20-19-17-15-14	14	4	56
2014	20	14	20-18-16-12-13-14	14	5	70
2014	20	14	20-18-16-12-11-8-7-9-14	14	8	112
2014	20	14	20-19-17-15-10-5-6-7-9-14	14	9	126
2014	20	14	20-19-17-15-10-5-2-1-7-9-14	14	10	140
2015	20	15	20-19-17-15	57	3	171
2015	20	15	20-18-16-12-13-14-15	57	6	342
2015	20	15	20-18-16-12-11-8-7-9-14-15	57	9	513
2015	20	15	20-18-16-12-11-8-7-6-5-10-15	57	10	570
2015	20	15	20-18-16-12-11-8-7-1-2-5-10-15	57	11	627
2016	20	16	20-18-16	81	2	162
2016	20	16	20-19-17-15-14-13-12-16	81	7	567
2016	20	16	20-19-17-15-14-9-7-8-11-12-16	81	10	810
2016	20	16	20-19-17-15-10-5-6-7-8-11-12-16	81	11	891
2016	20	16	20-19-17-15-10-5-2-1-7-8-11-12-16	81	12	972
2017	20	17	20-19-17	75	2	150
2017	20	17	20-18-16-12-13-14-15-17	75	7	525
2017	20	17	20-18-16-12-11-8-7-9-14-15-17	75	10	750
2017	20	17	20-18-16-12-11-8-7-6-5-10-15-17	75	11	825
2017	20	17	20-18-16-12-11-8-7-1-2-5-10-15-17	75	12	900
2018	20	18	20-18	52	1	52
2018	20	18	20-19-17-15-14-13-12-16-18	52	8	416
2018	20	18	20-19-17-15-14-9-7-8-11-12-16-18	52	11	572
2018	20	18	20-19-17-15-10-5-6-7-8-11-12-16-18	52	12	624
2018	20	18	20-19-17-15-10-5-2-1-7-8-11-12-16-18	52	13	676
2019	20	19	20-19	43	1	43
2019	20	19	20-18-16-12-13-14-15-17-19	43	8	344
2019	20	19	20-18-16-12-11-8-7-9-14-15-17-19	43	11	473
2019	20	19	20-18-16-12-11-8-7-6-5-10-15-17-19	43	12	516
2019	20	19	20-18-16-12-11-8-7-1-2-5-10-15-17-19	43	13	559
