01	0	1	0-1	98	1	98
01	0	1	0-2-1	98	2	196
01	0	1	0-2-5-4-3-1	98	5	490
02	0	2	0-2	70	1	70
02	0	2	0-1-2	70	2	140
02	0	2	0-1-3-4-5-2	70	5	350
03	0	3	0-1-3	40	2	80
03	0	3	0-2-1-3	40	3	120
03	0	3	0-2-5-4-3	40	4	160
04	0	4	0-1-3-4	52	3	156
04	0	4	0-2-5-4	52	3	156
04	0	4	0-2-1-3-4	52	4	208
05	0	5	0-2-5	86	2	172
05	0	5	0-1-2-5	86	3	258
05	0	5	0-1-3-4-5	86	4	344
06	0	6	0-2-5-6	91	3	273
06	0	6	0-1-7-6	91	3	273
06	0	6	0-1-2-5-6	91	4	364
07	0	7	0-1-7	30	2	60
07	0	7	0-2-1-7	30	3	90
07	0	7	0-2-5-6-7	30	4	120
08	0	8	0-1-7-8	13	3	39
08	0	8	0-2-1-7-8	13	4	52
08	0	8	0-2-5-6-7-8	13	5	65
09	0	9	0-1-7-9	81	3	243
09	0	9	0-2-1-7-9	81	4	324
09	0	9	0-2-5-6-7-9	81	5	405
010	0	10	0-2-5-10	0	3	0
010	0	10	0-1-2-5-10	0	4	0
010	0	10	0-1-3-4-5-10	0	5	0
011	0	11	0-1-7-8-11	59	4	236
011	0	11	0-2-1-7-8-11	59	5	295
011	0	11	0-2-5-6-7-8-11	59	6	354
012	0	12	0-1-7-8-11-12	93	5	465
012	0	12	0-2-1-7-8-11-12	93	6	558
012	0	12	0-1-7-9-14-13-12	93	6	558
013	0	13	0-1-7-9-14-13	55	5	275
013	0	13	0-1-7-8-11-12-13	55	6	330
013	0	13	0-2-1-7-9-14-13	55	6	330
014	0	14	0-1-7-9-14	9	4	36
014	0	14	0-2-5-10-15-14	9	5	45
014	0	14	0-2-1-7-9-14	9	5	45
015	0	15	0-2-5-10-15	72	4	288
015	0	15	0-1-7-9-14-15	72	5	360
015	0	15	0-1-2-5-10-15	72	5	360
016	0	16	0-1-7-8-11-12-16	13	6	78
016	0	16	0-2-1-7-8-11-12-16	13	7	91
016	0	16	0-1-7-9-14-13-12-16	13	7	91
017	0	17	0-2-5-10-15-17	11	5	55
017	0	17	0-1-7-9-14-15-17	11	6	66
017	0	17	0-1-2-5-10-15-17	11	6	66
018	0	18	0-1-7-8-11-12-16-18	49	7	343
018	0	18	0-2-1-7-8-11-12-16-18	49	8	392
018	0	18	0-2-5-10-15-17-19-20-18	49	8	392
019	0	19	0-2-5-10-15-17-19	64	6	384
019	0	19	0-1-7-9-14-15-17-19	64	7	448
019	0	19	0-1-2-5-10-15-17-19	64	7	448
020	0	20	0-2-5-10-15-17-19-20	88	7	616
020	0	20	0-1-7-8-11-12-16-18-20	88	8	704
020	0	20	0-1-2-5-10-15-17-19-20	88	8	704
10	1	0	1-0	79	1	79
10	1	0	1-2-0	79	2	158
10	1	0	1-3-4-5-2-0	79	5	395
12	1	2	1-2	85	1	85
12	1	2	1-0-2	85	2	170
12	1	2	1-3-4-5-2	85	4	340
13	1	3	1-3	65	1	65
13	1	3	1-2-5-4-3	65	4	260
13	1	3	1-0-2-5-4-3	65	5	325
14	1	4	1-3-4	6	2	12
14	1	4	1-2-5-4	6	3	18
14	1	4	1-0-2-5-4	6	4	24
15	1	5	1-2-5	6	2	12
15	1	5	1-0-2-5	6	3	18
15	1	5	1-7-6-5	6	3	18
16	1	6	1-7-6	47	2	94
16	1	6	1-2-5-6	47	3	141
16	1	6	1-0-2-5-6	47	4	188
17	1	7	1-7	20	1	20
17	1	7	1-2-5-6-7	20	4	80
17	1	7	1-0-2-5-6-7	20	5	100
18	1	8	1-7-8	83	2	166
18	1	8	1-2-5-6-7-8	83	5	415
18	1	8	1-0-2-5-6-7-8	83	6	498
19	1	9	1-7-9	96	2	192
19	1	9	1-2-5-6-7-9	96	5	480
19	1	9	1-2-5-10-15-14-9	96	6	576
110	1	10	1-2-5-10	33	3	99
110	1	10	1-0-2-5-10	33	4	132
110	1	10	1-7-6-5-10	33	4	132
111	1	11	1-7-8-11	6	3	18
111	1	11	1-7-9-14-13-12-11	6	6	36
111	1	11	1-2-5-6-7-8-11	6	6	36
112	1	12	1-7-8-11-12	25	4	100
112	1	12	1-7-9-14-13-12	25	5	125
112	1	12	1-2-5-6-7-8-11-12	25	7	175
113	1	13	1-7-9-14-13	26	4	104
113	1	13	1-7-8-11-12-13	26	5	130
113	1	13	1-2-5-10-15-14-13	26	6	156
114	1	14	1-7-9-14	61	3	183
114	1	14	1-2-5-10-15-14	61	5	305
114	1	14	1-7-8-11-12-13-14	61	6	366
115	1	15	1-7-9-14-15	21	4	84
115	1	15	1-2-5-10-15	21	4	84
115	1	15	1-0-2-5-10-15	21	5	105
116	1	16	1-7-8-11-12-16	42	5	210
116	1	16	1-7-9-14-13-12-16	42	6	252
116	1	16	1-2-5-6-7-8-11-12-16	42	8	336
117	1	17	1-7-9-14-15-17	91	5	455
117	1	17	1-2-5-10-15-17	91	5	455
117	1	17	1-0-2-5-10-15-17	91	6	546
118	1	18	1-7-8-11-12-16-18	53	6	318
118	1	18	1-7-9-14-13-12-16-18	53	7	371
118	1	18	1-7-9-14-15-17-19-20-18	53	8	424
119	1	19	1-7-9-14-15-17-19	93	6	558
119	1	19	1-2-5-10-15-17-19	93	6	558
119	1	19	1-0-2-5-10-15-17-19	93	7	651
120	1	20	1-7-8-11-12-16-18-20	72	7	504
120	1	20	1-2-5-10-15-17-19-20	72	7	504
120	1	20	1-7-9-14-15-17-19-20	72	7	504
20	2	0	2-0	37	1	37
20	2	0	2-1-0	37	2	74
20	2	0	2-5-4-3-1-0	37	5	185
21	2	1	2-1	93	1	93
21	2	1	2-0-1	93	2	186
21	2	1	2-5-4-3-1	93	4	372
23	2	3	2-1-3	23	2	46
23	2	3	2-0-1-3	23	3	69
23	2	3	2-5-4-3	23	3	69
24	2	4	2-5-4	59	2	118
24	2	4	2-1-3-4	59	3	177
24	2	4	2-0-1-3-4	59	4	236
25	2	5	2-5	20	1	20
25	2	5	2-1-3-4-5	20	4	80
25	2	5	2-1-7-6-5	20	4	80
26	2	6	2-5-6	0	2	0
26	2	6	2-1-7-6	0	3	0
26	2	6	2-0-1-7-6	0	4	0
27	2	7	2-1-7	23	2	46
27	2	7	2-0-1-7	23	3	69
27	2	7	2-5-6-7	23	3	69
28	2	8	2-1-7-8	8	3	24
28	2	8	2-0-1-7-8	8	4	32
28	2	8	2-5-6-7-8	8	4	32
29	2	9	2-1-7-9	7	3	21
29	2	9	2-0-1-7-9	7	4	28
29	2	9	2-5-6-7-9	7	4	28
210	2	10	2-5-10	65	2	130
210	2	10	2-1-3-4-5-10	65	5	325
210	2	10	2-1-7-6-5-10	65	5	325
211	2	11	2-1-7-8-11	55	4	220
211	2	11	2-0-1-7-8-11	55	5	275
211	2	11	2-5-6-7-8-11	55	5	275
212	2	12	2-1-7-8-11-12	96	5	480
212	2	12	2-0-1-7-8-11-12	96	6	576
212	2	12	2-1-7-9-14-13-12	96	6	576
213	2	13	2-5-10-15-14-13	70	5	350
213	2	13	2-1-7-9-14-13	70	5	350
213	2	13	2-1-7-8-11-12-13	70	6	420
214	2	14	2-5-10-15-14	36	4	144
214	2	14	2-1-7-9-14	36	4	144
214	2	14	2-0-1-7-9-14	36	5	180
215	2	15	2-5-10-15	22	3	66
215	2	15	2-1-7-9-14-15	22	5	110
215	2	15	2-0-1-7-9-14-15	22	6	132
216	2	16	2-1-7-8-11-12-16	27	6	162
216	2	16	2-0-1-7-8-11-12-16	27	7	189
216	2	16	2-1-7-9-14-13-12-16	27	7	189
217	2	17	2-5-10-15-17	12	4	48
217	2	17	2-1-7-9-14-15-17	12	6	72
217	2	17	2-0-1-7-9-14-15-17	12	7	84
218	2	18	2-1-7-8-11-12-16-18	29	7	203
218	2	18	2-5-10-15-17-19-20-18	29	7	203
218	2	18	2-0-1-7-8-11-12-16-18	29	8	232
219	2	19	2-5-10-15-17-19	4	5	20
219	2	19	2-1-7-9-14-15-17-19	4	7	28
219	2	19	2-0-1-7-9-14-15-17-19	4	8	32
220	2	20	2-5-10-15-17-19-20	69	6	414
220	2	20	2-1-7-8-11-12-16-18-20	69	8	552
220	2	20	2-1-7-9-14-15-17-19-20	69	8	552
30	3	0	3-1-0	10	2	20
30	3	0	3-1-2-0	10	3	30
30	3	0	3-4-5-2-0	10	4	40
31	3	1	3-1	74	1	74
31	3	1	3-4-5-2-1	74	4	296
31	3	1	3-4-5-2-0-1	74	5	370
32	3	2	3-1-2	64	2	128
32	3	2	3-1-0-2	64	3	192
32	3	2	3-4-5-2	64	3	192
34	3	4	3-4	56	1	56
34	3	4	3-1-2-5-4	56	4	224
34	3	4	3-1-0-2-5-4	56	5	280
35	3	5	3-4-5	85	2	170
35	3	5	3-1-2-5	85	3	255
35	3	5	3-1-0-2-5	85	4	340
36	3	6	3-4-5-6	97	3	291
36	3	6	3-1-7-6	97	3	291
36	3	6	3-1-2-5-6	97	4	388
37	3	7	3-1-7	15	2	30
37	3	7	3-4-5-6-7	15	4	60
37	3	7	3-4-5-2-1-7	15	5	75
38	3	8	3-1-7-8	47	3	141
38	3	8	3-4-5-6-7-8	47	5	235
38	3	8	3-4-5-2-1-7-8	47	6	282
39	3	9	3-1-7-9	85	3	255
39	3	9	3-4-5-6-7-9	85	5	425
39	3	9	3-4-5-10-15-14-9	85	6	510
310	3	10	3-4-5-10	94	3	282
310	3	10	3-1-2-5-10	94	4	376
310	3	10	3-1-0-2-5-10	94	5	470
311	3	11	3-1-7-8-11	55	4	220
311	3	11	3-4-5-6-7-8-11	55	6	330
311	3	11	3-1-7-9-14-13-12-11	55	7	385
312	3	12	3-1-7-8-11-12	65	5	325
312	3	12	3-1-7-9-14-13-12	65	6	390
312	3	12	3-4-5-6-7-8-11-12	65	7	455
313	3	13	3-1-7-9-14-13	70	5	350
313	3	13	3-1-7-8-11-12-13	70	6	420
313	3	13	3-4-5-10-15-14-13	70	6	420
314	3	14	3-1-7-9-14	12	4	48
314	3	14	3-4-5-10-15-14	12	5	60
314	3	14	3-1-2-5-10-15-14	12	6	72
315	3	15	3-4-5-10-15	63	4	252
315	3	15	3-1-7-9-14-15	63	5	315
315	3	15	3-1-2-5-10-15	63	5	315
316	3	16	3-1-7-8-11-12-16	97	6	582
316	3	16	3-1-7-9-14-13-12-16	97	7	679
316	3	16	3-4-5-6-7-8-11-12-16	97	8	776
317	3	17	3-4-5-10-15-17	21	5	105
317	3	17	3-1-7-9-14-15-17	21	6	126
317	3	17	3-1-2-5-10-15-17	21	6	126
318	3	18	3-1-7-8-11-12-16-18	83	7	581
318	3	18	3-1-7-9-14-13-12-16-18	83	8	664
318	3	18	3-4-5-10-15-17-19-20-18	83	8	664
319	3	19	3-4-5-10-15-17-19	19	6	114
319	3	19	3-1-7-9-14-15-17-19	19	7	133
319	3	19	3-1-2-5-10-15-17-19	19	7	133
320	3	20	3-4-5-10-15-17-19-20	43	7	301
320	3	20	3-1-7-8-11-12-16-18-20	43	8	344
320	3	20	3-1-2-5-10-15-17-19-20	43	8	344
40	4	0	4-3-1-0	21	3	63
40	4	0	4-5-2-0	21	3	63
40	4	0	4-5-2-1-0	21	4	84
41	4	1	4-3-1	77	2	154
41	4	1	4-5-2-1	77	3	231
41	4	1	4-5-2-0-1	77	4	308
42	4	2	4-5-2	42	2	84
42	4	2	4-3-1-2	42	3	126
42	4	2	4-3-1-0-2	42	4	168
43	4	3	4-3	52	1	52
43	4	3	4-5-2-1-3	52	4	208
43	4	3	4-5-2-0-1-3	52	5	260
45	4	5	4-5	69	1	69
45	4	5	4-3-1-2-5	69	4	276
45	4	5	4-3-1-0-2-5	69	5	345
46	4	6	4-5-6	76	2	152
46	4	6	4-3-1-7-6	76	4	304
46	4	6	4-3-1-2-5-6	76	5	380
47	4	7	4-3-1-7	67	3	201
47	4	7	4-5-6-7	67	3	201
47	4	7	4-5-2-1-7	67	4	268
48	4	8	4-3-1-7-8	93	4	372
48	4	8	4-5-6-7-8	93	4	372
48	4	8	4-5-2-1-7-8	93	5	465
49	4	9	4-3-1-7-9	18	4	72
49	4	9	4-5-6-7-9	18	4	72
49	4	9	4-5-10-15-14-9	18	5	90
410	4	10	4-5-10	31	2	62
410	4	10	4-3-1-2-5-10	31	5	155
410	4	10	4-3-1-0-2-5-10	31	6	186
411	4	11	4-3-1-7-8-11	47	5	235
411	4	11	4-5-6-7-8-11	47	5	235
411	4	11	4-5-2-1-7-8-11	47	6	282
412	4	12	4-3-1-7-8-11-12	95	6	570
412	4	12	4-5-10-15-14-13-12	95	6	570
412	4	12	4-5-6-7-8-11-12	95	6	570
413	4	13	4-5-10-15-14-13	86	5	430
413	4	13	4-3-1-7-9-14-13	86	6	516
413	4	13	4-5-6-7-9-14-13	86	6	516
414	4	14	4-5-10-15-14	74	4	296
414	4	14	4-3-1-7-9-14	74	5	370
414	4	14	4-5-6-7-9-14	74	5	370
415	4	15	4-5-10-15	34	3	102
415	4	15	4-3-1-7-9-14-15	34	6	204
415	4	15	4-3-1-2-5-10-15	34	6	204
416	4	16	4-3-1-7-8-11-12-16	2	7	14
416	4	16	4-5-10-15-14-13-12-16	2	7	14
416	4	16	4-5-6-7-8-11-12-16	2	7	14
417	4	17	4-5-10-15-17	64	4	256
417	4	17	4-3-1-7-9-14-15-17	64	7	448
417	4	17	4-3-1-2-5-10-15-17	64	7	448
418	4	18	4-5-10-15-17-19-20-18	45	7	315
418	4	18	4-3-1-7-8-11-12-16-18	45	8	360
418	4	18	4-5-6-7-8-11-12-16-18	45	8	360
419	4	19	4-5-10-15-17-19	79	5	395
419	4	19	4-3-1-7-9-14-15-17-19	79	8	632
419	4	19	4-3-1-2-5-10-15-17-19	79	8	632
420	4	20	4-5-10-15-17-19-20	31	6	186
420	4	20	4-3-1-7-8-11-12-16-18-20	31	9	279
420	4	20	4-3-1-2-5-10-15-17-19-20	31	9	279
50	5	0	5-2-0	20	2	40
50	5	0	5-2-1-0	20	3	60
50	5	0	5-4-3-1-0	20	4	80
51	5	1	5-2-1	10	2	20
51	5	1	5-2-0-1	10	3	30
51	5	1	5-6-7-1	10	3	30
52	5	2	5-2	49	1	49
52	5	2	5-4-3-1-2	49	4	196
52	5	2	5-6-7-1-2	49	4	196
53	5	3	5-4-3	12	2	24
53	5	3	5-2-1-3	12	3	36
53	5	3	5-2-0-1-3	12	4	48
54	5	4	5-4	31	1	31
54	5	4	5-2-1-3-4	31	4	124
54	5	4	5-2-0-1-3-4	31	5	155
56	5	6	5-6	59	1	59
56	5	6	5-2-1-7-6	59	4	236
56	5	6	5-2-0-1-7-6	59	5	295
57	5	7	5-6-7	90	2	180
57	5	7	5-2-1-7	90	3	270
57	5	7	5-2-0-1-7	90	4	360
58	5	8	5-6-7-8	87	3	261
58	5	8	5-2-1-7-8	87	4	348
58	5	8	5-2-0-1-7-8	87	5	435
59	5	9	5-6-7-9	92	3	276
59	5	9	5-10-15-14-9	92	4	368
59	5	9	5-2-1-7-9	92	4	368
510	5	10	5-10	38	1	38
510	5	10	5-6-7-9-14-15-10	38	6	228
510	5	10	5-2-1-7-9-14-15-10	38	7	266
511	5	11	5-6-7-8-11	7	4	28
511	5	11	5-2-1-7-8-11	7	5	35
511	5	11	5-10-15-14-13-12-11	7	6	42
512	5	12	5-6-7-8-11-12	17	5	85
512	5	12	5-10-15-14-13-12	17	5	85
512	5	12	5-2-1-7-8-11-12	17	6	102
513	5	13	5-10-15-14-13	61	4	244
513	5	13	5-6-7-9-14-13	61	5	305
513	5	13	5-6-7-8-11-12-13	61	6	366
514	5	14	5-10-15-14	81	3	243
514	5	14	5-6-7-9-14	81	4	324
514	5	14	5-2-1-7-9-14	81	5	405
515	5	15	5-10-15	61	2	122
515	5	15	5-6-7-9-14-15	61	5	305
515	5	15	5-2-1-7-9-14-15	61	6	366
516	5	16	5-6-7-8-11-12-16	84	6	504
516	5	16	5-10-15-14-13-12-16	84	6	504
516	5	16	5-2-1-7-8-11-12-16	84	7	588
517	5	17	5-10-15-17	44	3	132
517	5	17	5-6-7-9-14-15-17	44	6	264
517	5	17	5-2-1-7-9-14-15-17	44	7	308
518	5	18	5-10-15-17-19-20-18	23	6	138
518	5	18	5-6-7-8-11-12-16-18	23	7	161
518	5	18	5-10-15-14-13-12-16-18	23	7	161
519	5	19	5-10-15-17-19	20	4	80
519	5	19	5-6-7-9-14-15-17-19	20	7	140
519	5	19	5-2-1-7-9-14-15-17-19	20	8	160
520	5	20	5-10-15-17-19-20	76	5	380
520	5	20	5-6-7-8-11-12-16-18-20	76	8	608
520	5	20	5-6-7-9-14-15-17-19-20	76	8	608
60	6	0	6-7-1-0	68	3	204
60	6	0	6-5-2-0	68	3	204
60	6	0	6-5-2-1-0	68	4	272
61	6	1	6-7-1	92	2	184
61	6	1	6-5-2-1	92	3	276
61	6	1	6-5-2-0-1	92	4	368
62	6	2	6-5-2	45	2	90
62	6	2	6-7-1-2	45	3	135
62	6	2	6-7-1-0-2	45	4	180
63	6	3	6-7-1-3	82	3	246
63	6	3	6-5-4-3	82	3	246
63	6	3	6-5-2-1-3	82	4	328
64	6	4	6-5-4	1	2	2
64	6	4	6-7-1-3-4	1	4	4
64	6	4	6-5-2-1-3-4	1	5	5
65	6	5	6-5	89	1	89
65	6	5	6-7-1-2-5	89	4	356
65	6	5	6-7-1-0-2-5	89	5	445
67	6	7	6-7	37	1	37
67	6	7	6-5-2-1-7	37	4	148
67	6	7	6-5-2-0-1-7	37	5	185
68	6	8	6-7-8	74	2	148
68	6	8	6-5-2-1-7-8	74	5	370
68	6	8	6-5-2-0-1-7-8	74	6	444
69	6	9	6-7-9	88	2	176
69	6	9	6-5-10-15-14-9	88	5	440
69	6	9	6-5-2-1-7-9	88	5	440
610	6	10	6-5-10	45	2	90
610	6	10	6-7-9-14-15-10	45	5	225
610	6	10	6-7-1-2-5-10	45	5	225
611	6	11	6-7-8-11	32	3	96
611	6	11	6-7-9-14-13-12-11	32	6	192
611	6	11	6-5-2-1-7-8-11	32	6	192
612	6	12	6-7-8-11-12	97	4	388
612	6	12	6-7-9-14-13-12	97	5	485
612	6	12	6-5-10-15-14-13-12	97	6	582
613	6	13	6-7-9-14-13	54	4	216
613	6	13	6-7-8-11-12-13	54	5	270
613	6	13	6-5-10-15-14-13	54	5	270
614	6	14	6-7-9-14	6	3	18
614	6	14	6-5-10-15-14	6	4	24
614	6	14	6-7-8-11-12-13-14	6	6	36
615	6	15	6-5-10-15	40	3	120
615	6	15	6-7-9-14-15	40	4	160
615	6	15	6-7-1-2-5-10-15	40	6	240
616	6	16	6-7-8-11-12-16	10	5	50
616	6	16	6-7-9-14-13-12-16	10	6	60
616	6	16	6-5-10-15-14-13-12-16	10	7	70
617	6	17	6-5-10-15-17	66	4	264
617	6	17	6-7-9-14-15-17	66	5	330
617	6	17	6-7-1-2-5-10-15-17	66	7	462
618	6	18	6-7-8-11-12-16-18	55	6	330
618	6	18	6-7-9-14-13-12-16-18	55	7	385
618	6	18	6-5-10-15-17-19-20-18	55	7	385
619	6	19	6-5-10-15-17-19	22	5	110
619	6	19	6-7-9-14-15-17-19	22	6	132
619	6	19	6-7-1-2-5-10-15-17-19	22	8	176
620	6	20	6-5-10-15-17-19-20	43	6	258
620	6	20	6-7-8-11-12-16-18-20	43	7	301
620	6	20	6-7-9-14-15-17-19-20	43	7	301
70	7	0	7-1-0	42	2	84
70	7	0	7-1-2-0	42	3	126
70	7	0	7-6-5-2-0	42	4	168
71	7	1	7-1	17	1	17
71	7	1	7-6-5-2-1	17	4	68
71	7	1	7-6-5-2-0-1	17	5	85
72	7	2	7-1-2	34	2	68
72	7	2	7-1-0-2	34	3	102
72	7	2	7-6-5-2	34	3	102
73	7	3	7-1-3	60	2	120
73	7	3	7-6-5-4-3	60	4	240
73	7	3	7-6-5-2-1-3	60	5	300
74	7	4	7-1-3-4	7	3	21
74	7	4	7-6-5-4	7	3	21
74	7	4	7-1-2-5-4	7	4	28
75	7	5	7-6-5	89	2	178
75	7	5	7-1-2-5	89	3	267
75	7	5	7-1-0-2-5	89	4	356
76	7	6	7-6	46	1	46
76	7	6	7-1-2-5-6	46	4	184
76	7	6	7-1-0-2-5-6	46	5	230
78	7	8	7-8	41	1	41
78	7	8	7-9-14-13-12-11-8	41	6	246
78	7	8	7-6-5-10-15-14-13-12-11-8	41	9	369
79	7	9	7-9	37	1	37
79	7	9	7-8-11-12-13-14-9	37	6	222
79	7	9	7-6-5-10-15-14-9	37	6	222
710	7	10	7-6-5-10	13	3	39
710	7	10	7-9-14-15-10	13	4	52
710	7	10	7-1-2-5-10	13	4	52
711	7	11	7-8-11	13	2	26
711	7	11	7-9-14-13-12-11	13	5	65
711	7	11	7-6-5-10-15-14-13-12-11	13	8	104
712	7	12	7-8-11-12	57	3	171
712	7	12	7-9-14-13-12	57	4	228
712	7	12	7-6-5-10-15-14-13-12	57	7	399
713	7	13	7-9-14-13	76	3	228
713	7	13	7-8-11-12-13	76	4	304
713	7	13	7-6-5-10-15-14-13	76	6	456
714	7	14	7-9-14	12	2	24
714	7	14	7-8-11-12-13-14	12	5	60
714	7	14	7-6-5-10-15-14	12	5	60
715	7	15	7-9-14-15	74	3	222
715	7	15	7-6-5-10-15	74	4	296
715	7	15	7-1-2-5-10-15	74	5	370
716	7	16	7-8-11-12-16	87	4	348
716	7	16	7-9-14-13-12-16	87	5	435
716	7	16	7-6-5-10-15-14-13-12-16	87	8	696
717	7	17	7-9-14-15-17	13	4	52
717	7	17	7-6-5-10-15-17	13	5	65
717	7	17	7-1-2-5-10-15-17	13	6	78
718	7	18	7-8-11-12-16-18	37	5	185
718	7	18	7-9-14-13-12-16-18	37	6	222
718	7	18	7-9-14-15-17-19-20-18	37	7	259
719	7	19	7-9-14-15-17-19	67	5	335
719	7	19	7-6-5-10-15-17-19	67	6	402
719	7	19	7-1-2-5-10-15-17-19	67	7	469
720	7	20	7-8-11-12-16-18-20	22	6	132
720	7	20	7-9-14-15-17-19-20	22	6	132
720	7	20	7-9-14-13-12-16-18-20	22	7	154
80	8	0	8-7-1-0	37	3	111
80	8	0	8-7-1-2-0	37	4	148
80	8	0	8-7-6-5-2-0	37	5	185
81	8	1	8-7-1	89	2	178
81	8	1	8-7-6-5-2-1	89	5	445
81	8	1	8-7-6-5-2-0-1	89	6	534
82	8	2	8-7-1-2	10	3	30
82	8	2	8-7-1-0-2	10	4	40
82	8	2	8-7-6-5-2	10	4	40
83	8	3	8-7-1-3	87	3	261
83	8	3	8-7-6-5-4-3	87	5	435
83	8	3	8-7-6-5-2-1-3	87	6	522
84	8	4	8-7-1-3-4	13	4	52
84	8	4	8-7-6-5-4	13	4	52
84	8	4	8-7-1-2-5-4	13	5	65
85	8	5	8-7-6-5	21	3	63
85	8	5	8-7-1-2-5	21	4	84
85	8	5	8-7-1-0-2-5	21	5	105
86	8	6	8-7-6	29	2	58
86	8	6	8-7-1-2-5-6	29	5	145
86	8	6	8-7-1-0-2-5-6	29	6	174
87	8	7	8-7	67	1	67
87	8	7	8-11-12-13-14-9-7	67	6	402
87	8	7	8-11-12-13-14-15-10-5-6-7	67	9	603
89	8	9	8-7-9	54	2	108
89	8	9	8-11-12-13-14-9	54	5	270
89	8	9	8-7-6-5-10-15-14-9	54	7	378
810	8	10	8-7-6-5-10	83	4	332
810	8	10	8-7-9-14-15-10	83	5	415
810	8	10	8-7-1-2-5-10	83	5	415
811	8	11	8-11	59	1	59
811	8	11	8-7-9-14-13-12-11	59	6	354
811	8	11	8-7-6-5-10-15-14-13-12-11	59	9	531
812	8	12	8-11-12	43	2	86
812	8	12	8-7-9-14-13-12	43	5	215
812	8	12	8-7-6-5-10-15-14-13-12	43	8	344
813	8	13	8-11-12-13	97	3	291
813	8	13	8-7-9-14-13	97	4	388
813	8	13	8-7-6-5-10-15-14-13	97	7	679
814	8	14	8-7-9-14	82	3	246
814	8	14	8-11-12-13-14	82	4	328
814	8	14	8-7-6-5-10-15-14	82	6	492
815	8	15	8-7-9-14-15	57	4	228
815	8	15	8-11-12-13-14-15	57	5	285
815	8	15	8-7-6-5-10-15	57	5	285
816	8	16	8-11-12-16	10	3	30
816	8	16	8-7-9-14-13-12-16	10	6	60
816	8	16	8-7-6-5-10-15-14-13-12-16	10	9	90
817	8	17	8-7-9-14-15-17	57	5	285
817	8	17	8-11-12-13-14-15-17	57	6	342
817	8	17	8-7-6-5-10-15-17	57	6	342
818	8	18	8-11-12-16-18	20	4	80
818	8	18	8-7-9-14-13-12-16-18	20	7	140
818	8	18	8-7-9-14-15-17-19-20-18	20	8	160
819	8	19	8-7-9-14-15-17-19	27	6	162
819	8	19	8-11-12-16-18-20-19	27	6	162
819	8	19	8-11-12-13-14-15-17-19	27	7	189
820	8	20	8-11-12-16-18-20	74	5	370
820	8	20	8-7-9-14-15-17-19-20	74	7	518
820	8	20	8-7-9-14-13-12-16-18-20	74	8	592
90	9	0	9-7-1-0	59	3	177
90	9	0	9-7-1-2-0	59	4	236
90	9	0	9-7-6-5-2-0	59	5	295
91	9	1	9-7-1	32	2	64
91	9	1	9-7-6-5-2-1	32	5	160
91	9	1	9-7-6-5-2-0-1	32	6	192
92	9	2	9-7-1-2	28	3	84
92	9	2	9-7-1-0-2	28	4	112
92	9	2	9-7-6-5-2	28	4	112
93	9	3	9-7-1-3	7	3	21
93	9	3	9-7-6-5-4-3	7	5	35
93	9	3	9-7-6-5-2-1-3	7	6	42
94	9	4	9-7-1-3-4	21	4	84
94	9	4	9-7-6-5-4	21	4	84
94	9	4	9-7-1-2-5-4	21	5	105
95	9	5	9-7-6-5	18	3	54
95	9	5	9-7-1-2-5	18	4	72
95	9	5	9-14-15-10-5	18	4	72
96	9	6	9-7-6	84	2	168
96	9	6	9-7-1-2-5-6	84	5	420
96	9	6	9-14-15-10-5-6	84	5	420
97	9	7	9-7	31	1	31
97	9	7	9-14-15-10-5-6-7	31	6	186
97	9	7	9-14-13-12-11-8-7	31	6	186
98	9	8	9-7-8	7	2	14
98	9	8	9-14-13-12-11-8	7	5	35
98	9	8	9-14-15-10-5-6-7-8	7	7	49
910	9	10	9-14-15-10	58	3	174
910	9	10	9-7-6-5-10	58	4	232
910	9	10	9-7-1-2-5-10	58	5	290
911	9	11	9-7-8-11	94	3	282
911	9	11	9-14-13-12-11	94	4	376
911	9	11	9-14-15-10-5-6-7-8-11	94	8	752
912	9	12	9-14-13-12	26	3	78
912	9	12	9-7-8-11-12	26	4	104
912	9	12	9-7-6-5-10-15-14-13-12	26	8	208
913	9	13	9-14-13	8	2	16
913	9	13	9-7-8-11-12-13	8	5	40
913	9	13	9-7-6-5-10-15-14-13	8	7	56
914	9	14	9-14	40	1	40
914	9	14	9-7-8-11-12-13-14	40	6	240
914	9	14	9-7-6-5-10-15-14	40	6	240
915	9	15	9-14-15	66	2	132
915	9	15	9-7-6-5-10-15	66	5	330
915	9	15	9-7-1-2-5-10-15	66	6	396
916	9	16	9-14-13-12-16	64	4	256
916	9	16	9-7-8-11-12-16	64	5	320
916	9	16	9-14-15-17-19-20-18-16	64	7	448
917	9	17	9-14-15-17	60	3	180
917	9	17	9-7-6-5-10-15-17	60	6	360
917	9	17	9-7-1-2-5-10-15-17	60	7	420
918	9	18	9-14-13-12-16-18	68	5	340
918	9	18	9-7-8-11-12-16-18	68	6	408
918	9	18	9-14-15-17-19-20-18	68	6	408
919	9	19	9-14-15-17-19	50	4	200
919	9	19	9-7-6-5-10-15-17-19	50	7	350
919	9	19	9-14-13-12-16-18-20-19	50	7	350
920	9	20	9-14-15-17-19-20	49	5	245
920	9	20	9-14-13-12-16-18-20	49	6	294
920	9	20	9-7-8-11-12-16-18-20	49	7	343
100	10	0	10-5-2-0	9	3	27
100	10	0	10-5-2-1-0	9	4	36
100	10	0	10-5-4-3-1-0	9	5	45
101	10	1	10-5-2-1	93	3	279
101	10	1	10-5-2-0-1	93	4	372
101	10	1	10-5-6-7-1	93	4	372
102	10	2	10-5-2	16	2	32
102	10	2	10-5-4-3-1-2	16	5	80
102	10	2	10-5-6-7-1-2	16	5	80
103	10	3	10-5-4-3	98	3	294
103	10	3	10-5-2-1-3	98	4	392
103	10	3	10-5-2-0-1-3	98	5	490
104	10	4	10-5-4	69	2	138
104	10	4	10-5-2-1-3-4	69	5	345
104	10	4	10-5-2-0-1-3-4	69	6	414
105	10	5	10-5	97	1	97
105	10	5	10-15-14-9-7-6-5	97	6	582
105	10	5	10-15-14-9-7-1-2-5	97	7	679
106	10	6	10-5-6	76	2	152
106	10	6	10-5-2-1-7-6	76	5	380
106	10	6	10-15-14-9-7-6	76	5	380
107	10	7	10-5-6-7	69	3	207
107	10	7	10-5-2-1-7	69	4	276
107	10	7	10-15-14-9-7	69	4	276
108	10	8	10-5-6-7-8	34	4	136
108	10	8	10-5-2-1-7-8	34	5	170
108	10	8	10-15-14-9-7-8	34	5	170
109	10	9	10-15-14-9	37	3	111
109	10	9	10-5-6-7-9	37	4	148
109	10	9	10-5-2-1-7-9	37	5	185
1011	10	11	10-15-14-13-12-11	57	5	285
1011	10	11	10-5-6-7-8-11	57	5	285
1011	10	11	10-5-2-1-7-8-11	57	6	342
1012	10	12	10-15-14-13-12	68	4	272
1012	10	12	10-5-6-7-8-11-12	68	6	408
1012	10	12	10-5-2-1-7-8-11-12	68	7	476
1013	10	13	10-15-14-13	48	3	144
1013	10	13	10-5-6-7-9-14-13	48	6	288
1013	10	13	10-5-6-7-8-11-12-13	48	7	336
1014	10	14	10-15-14	2	2	4
1014	10	14	10-5-6-7-9-14	2	5	10
1014	10	14	10-5-2-1-7-9-14	2	6	12
1015	10	15	10-15	4	1	4
1015	10	15	10-5-6-7-9-14-15	4	6	24
1015	10	15	10-5-2-1-7-9-14-15	4	7	28
1016	10	16	10-15-14-13-12-16	8	5	40
1016	10	16	10-15-17-19-20-18-16	8	6	48
1016	10	16	10-5-6-7-8-11-12-16	8	7	56
1017	10	17	10-15-17	58	2	116
1017	10	17	10-5-6-7-9-14-15-17	58	7	406
1017	10	17	10-5-2-1-7-9-14-15-17	58	8	464
1018	10	18	10-15-17-19-20-18	26	5	130
1018	10	18	10-15-14-13-12-16-18	26	6	156
1018	10	18	10-5-6-7-8-11-12-16-18	26	8	208
1019	10	19	10-15-17-19	12	3	36
1019	10	19	10-5-6-7-9-14-15-17-19	12	8	96
1019	10	19	10-15-14-13-12-16-18-20-19	12	8	96
1020	10	20	10-15-17-19-20	98	4	392
1020	10	20	10-15-14-13-12-16-18-20	98	7	686
1020	10	20	10-5-6-7-8-11-12-16-18-20	98	9	882
110	11	0	11-8-7-1-0	25	4	100
110	11	0	11-8-7-1-2-0	25	5	125
110	11	0	11-8-7-6-5-2-0	25	6	150
111	11	1	11-8-7-1	59	3	177
111	11	1	11-8-7-6-5-2-1	59	6	354
111	11	1	11-12-13-14-9-7-1	59	6	354
112	11	2	11-8-7-1-2	58	4	232
112	11	2	11-8-7-1-0-2	58	5	290
112	11	2	11-8-7-6-5-2	58	5	290
113	11	3	11-8-7-1-3	98	4	392
113	11	3	11-8-7-6-5-4-3	98	6	588
113	11	3	11-8-7-6-5-2-1-3	98	7	686
114	11	4	11-8-7-1-3-4	7	5	35
114	11	4	11-8-7-6-5-4	7	5	35
114	11	4	11-8-7-1-2-5-4	7	6	42
115	11	5	11-8-7-6-5	35	4	140
115	11	5	11-8-7-1-2-5	35	5	175
115	11	5	11-8-7-1-0-2-5	35	6	210
116	11	6	11-8-7-6	19	3	57
116	11	6	11-8-7-1-2-5-6	19	6	114
116	11	6	11-12-13-14-9-7-6	19	6	114
117	11	7	11-8-7	22	2	44
117	11	7	11-12-13-14-9-7	22	5	110
117	11	7	11-12-13-14-15-10-5-6-7	22	8	176
118	11	8	11-8	70	1	70
118	11	8	11-12-13-14-9-7-8	70	6	420
118	11	8	11-12-13-14-15-10-5-6-7-8	70	9	630
119	11	9	11-8-7-9	8	3	24
119	11	9	11-12-13-14-9	8	4	32
119	11	9	11-8-7-6-5-10-15-14-9	8	8	64
1110	11	10	11-12-13-14-15-10	92	5	460
1110	11	10	11-8-7-6-5-10	92	5	460
1110	11	10	11-8-7-9-14-15-10	92	6	552
1112	11	12	11-12	6	1	6
1112	11	12	11-8-7-9-14-13-12	6	6	36
1112	11	12	11-8-7-6-5-10-15-14-13-12	6	9	54
1113	11	13	11-12-13	23	2	46
1113	11	13	11-8-7-9-14-13	23	5	115
1113	11	13	11-8-7-6-5-10-15-14-13	23	8	184
1114	11	14	11-12-13-14	37	3	111
1114	11	14	11-8-7-9-14	37	4	148
1114	11	14	11-8-7-6-5-10-15-14	37	7	259
1115	11	15	11-12-13-14-15	55	4	220
1115	11	15	11-8-7-9-14-15	55	5	275
1115	11	15	11-8-7-6-5-10-15	55	6	330
1116	11	16	11-12-16	21	2	42
1116	11	16	11-8-7-9-14-13-12-16	21	7	147
1116	11	16	11-12-13-14-15-17-19-20-18-16	21	9	189
1117	11	17	11-12-13-14-15-17	56	5	280
1117	11	17	11-8-7-9-14-15-17	56	6	336
1117	11	17	11-12-16-18-20-19-17	56	6	336
1118	11	18	11-12-16-18	70	3	210
1118	11	18	11-8-7-9-14-13-12-16-18	70	8	560
1118	11	18	11-12-13-14-15-17-19-20-18	70	8	560
1119	11	19	11-12-16-18-20-19	8	5	40
1119	11	19	11-12-13-14-15-17-19	8	6	48
1119	11	19	11-8-7-9-14-15-17-19	8	7	56
1120	11	20	11-12-16-18-20	39	4	156
1120	11	20	11-12-13-14-15-17-19-20	39	7	273
1120	11	20	11-8-7-9-14-15-17-19-20	39	8	312
120	12	0	12-11-8-7-1-0	95	5	475
120	12	0	12-13-14-9-7-1-0	95	6	570
120	12	0	12-11-8-7-1-2-0	95	6	570
121	12	1	12-11-8-7-1	71	4	284
121	12	1	12-13-14-9-7-1	71	5	355
121	12	1	12-11-8-7-6-5-2-1	71	7	497
122	12	2	12-11-8-7-1-2	16	5	80
122	12	2	12-11-8-7-1-0-2	16	6	96
122	12	2	12-13-14-15-10-5-2	16	6	96
123	12	3	12-11-8-7-1-3	9	5	45
123	12	3	12-13-14-9-7-1-3	9	6	54
123	12	3	12-11-8-7-6-5-4-3	9	7	63
124	12	4	12-11-8-7-1-3-4	81	6	486
124	12	4	12-13-14-15-10-5-4	81	6	486
124	12	4	12-11-8-7-6-5-4	81	6	486
125	12	5	12-11-8-7-6-5	52	5	260
125	12	5	12-13-14-15-10-5	52	5	260
125	12	5	12-11-8-7-1-2-5	52	6	312
126	12	6	12-11-8-7-6	81	4	324
126	12	6	12-13-14-9-7-6	81	5	405
126	12	6	12-13-14-15-10-5-6	81	6	486
127	12	7	12-11-8-7	52	3	156
127	12	7	12-13-14-9-7	52	4	208
127	12	7	12-13-14-15-10-5-6-7	52	7	364
128	12	8	12-11-8	65	2	130
128	12	8	12-13-14-9-7-8	65	5	325
128	12	8	12-13-14-15-10-5-6-7-8	65	8	520
129	12	9	12-13-14-9	75	3	225
129	12	9	12-11-8-7-9	75	4	300
129	12	9	12-16-18-20-19-17-15-14-9	75	8	600
1210	12	10	12-13-14-15-10	21	4	84
1210	12	10	12-11-8-7-6-5-10	21	6	126
1210	12	10	12-11-8-7-9-14-15-10	21	7	147
1211	12	11	12-11	35	1	35
1211	12	11	12-13-14-9-7-8-11	35	6	210
1211	12	11	12-13-14-15-10-5-6-7-8-11	35	9	315
1213	12	13	12-13	62	1	62
1213	12	13	12-11-8-7-9-14-13	62	6	372
1213	12	13	12-16-18-20-19-17-15-14-13	62	8	496
1214	12	14	12-13-14	80	2	160
1214	12	14	12-11-8-7-9-14	80	5	400
1214	12	14	12-16-18-20-19-17-15-14	80	7	560
1215	12	15	12-13-14-15	45	3	135
1215	12	15	12-11-8-7-9-14-15	45	6	270
1215	12	15	12-16-18-20-19-17-15	45	6	270
1216	12	16	12-16	33	1	33
1216	12	16	12-13-14-15-17-19-20-18-16	33	8	264
1216	12	16	12-11-8-7-9-14-15-17-19-20-18-16	33	11	363
1217	12	17	12-13-14-15-17	98	4	392
1217	12	17	12-16-18-20-19-17	98	5	490
1217	12	17	12-11-8-7-9-14-15-17	98	7	686
1218	12	18	12-16-18	27	2	54
1218	12	18	12-13-14-15-17-19-20-18	27	7	189
1218	12	18	12-11-8-7-9-14-15-17-19-20-18	27	10	270
1219	12	19	12-16-18-20-19	55	4	220
1219	12	19	12-13-14-15-17-19	55	5	275
1219	12	19	12-11-8-7-9-14-15-17-19	55	8	440
1220	12	20	12-16-18-20	53	3	159
1220	12	20	12-13-14-15-17-19-20	53	6	318
1220	12	20	12-11-8-7-9-14-15-17-19-20	53	9	477
130	13	0	13-14-9-7-1-0	90	5	450
130	13	0	13-12-11-8-7-1-0	90	6	540
130	13	0	13-14-15-10-5-2-0	90	6	540
131	13	1	13-14-9-7-1	32	4	128
131	13	1	13-12-11-8-7-1	32	5	160
131	13	1	13-14-15-10-5-2-1	32	6	192
132	13	2	13-14-9-7-1-2	33	5	165
132	13	2	13-14-15-10-5-2	33	5	165
132	13	2	13-14-9-7-1-0-2	33	6	198
133	13	3	13-14-9-7-1-3	48	5	240
133	13	3	13-12-11-8-7-1-3	48	6	288
133	13	3	13-14-15-10-5-4-3	48	6	288
134	13	4	13-14-15-10-5-4	20	5	100
134	13	4	13-14-9-7-1-3-4	20	6	120
134	13	4	13-14-9-7-6-5-4	20	6	120
135	13	5	13-14-15-10-5	38	4	152
135	13	5	13-14-9-7-6-5	38	5	190
135	13	5	13-14-9-7-1-2-5	38	6	228
136	13	6	13-14-9-7-6	57	4	228
136	13	6	13-14-15-10-5-6	57	5	285
136	13	6	13-12-11-8-7-6	57	5	285
137	13	7	13-14-9-7	34	3	102
137	13	7	13-12-11-8-7	34	4	136
137	13	7	13-14-15-10-5-6-7	34	6	204
138	13	8	13-12-11-8	72	3	216
138	13	8	13-14-9-7-8	72	4	288
138	13	8	13-14-15-10-5-6-7-8	72	7	504
139	13	9	13-14-9	39	2	78
139	13	9	13-12-11-8-7-9	39	5	195
139	13	9	13-14-15-10-5-6-7-9	39	7	273
1310	13	10	13-14-15-10	87	3	261
1310	13	10	13-14-9-7-6-5-10	87	6	522
1310	13	10	13-14-9-7-1-2-5-10	87	7	609
1311	13	11	13-12-11	46	2	92
1311	13	11	13-14-9-7-8-11	46	5	230
1311	13	11	13-14-15-10-5-6-7-8-11	46	8	368
1312	13	12	13-12	34	1	34
1312	13	12	13-14-9-7-8-11-12	34	6	204
1312	13	12	13-14-15-17-19-20-18-16-12	34	8	272
1314	13	14	13-14	91	1	91
1314	13	14	13-12-11-8-7-9-14	91	6	546
1314	13	14	13-12-16-18-20-19-17-15-14	91	8	728
1315	13	15	13-14-15	24	2	48
1315	13	15	13-12-11-8-7-9-14-15	24	7	168
1315	13	15	13-14-9-7-6-5-10-15	24	7	168
1316	13	16	13-12-16	16	2	32
1316	13	16	13-14-9-7-8-11-12-16	16	7	112
1316	13	16	13-14-15-17-19-20-18-16	16	7	112
1317	13	17	13-14-15-17	36	3	108
1317	13	17	13-12-16-18-20-19-17	36	6	216
1317	13	17	13-12-11-8-7-9-14-15-17	36	8	288
1318	13	18	13-12-16-18	61	3	183
1318	13	18	13-14-15-17-19-20-18	61	6	366
1318	13	18	13-14-9-7-8-11-12-16-18	61	8	488
1319	13	19	13-14-15-17-19	40	4	160
1319	13	19	13-12-16-18-20-19	40	5	200
1319	13	19	13-12-11-8-7-9-14-15-17-19	40	9	360
1320	13	20	13-12-16-18-20	72	4	288
1320	13	20	13-14-15-17-19-20	72	5	360
1320	13	20	13-14-9-7-8-11-12-16-18-20	72	9	648
140	14	0	14-9-7-1-0	83	4	332
140	14	0	14-9-7-1-2-0	83	5	415
140	14	0	14-15-10-5-2-0	83	5	415
141	14	1	14-9-7-1	68	3	204
141	14	1	14-15-10-5-2-1	68	5	340
141	14	1	14-15-10-5-2-0-1	68	6	408
142	14	2	14-9-7-1-2	66	4	264
142	14	2	14-15-10-5-2	66	4	264
142	14	2	14-9-7-1-0-2	66	5	330
143	14	3	14-9-7-1-3	66	4	264
143	14	3	14-15-10-5-4-3	66	5	330
143	14	3	14-15-10-5-2-1-3	66	6	396
144	14	4	14-15-10-5-4	50	4	200
144	14	4	14-9-7-1-3-4	50	5	250
144	14	4	14-9-7-6-5-4	50	5	250
145	14	5	14-15-10-5	35	3	105
145	14	5	14-9-7-6-5	35	4	140
145	14	5	14-9-7-1-2-5	35	5	175
146	14	6	14-9-7-6	47	3	141
146	14	6	14-15-10-5-6	47	4	188
146	14	6	14-9-7-1-2-5-6	47	6	282
147	14	7	14-9-7	61	2	122
147	14	7	14-15-10-5-6-7	61	5	305
147	14	7	14-13-12-11-8-7	61	5	305
148	14	8	14-9-7-8	83	3	249
148	14	8	14-13-12-11-8	83	4	332
148	14	8	14-15-10-5-6-7-8	83	6	498
149	14	9	14-9	13	1	13
149	14	9	14-15-10-5-6-7-9	13	6	78
149	14	9	14-13-12-11-8-7-9	13	6	78
1410	14	10	14-15-10	73	2	146
1410	14	10	14-9-7-6-5-10	73	5	365
1410	14	10	14-9-7-1-2-5-10	73	6	438
1411	14	11	14-13-12-11	33	3	99
1411	14	11	14-9-7-8-11	33	4	132
1411	14	11	14-15-10-5-6-7-8-11	33	7	231
1412	14	12	14-13-12	38	2	76
1412	14	12	14-9-7-8-11-12	38	5	190
1412	14	12	14-15-17-19-20-18-16-12	38	7	266
1413	14	13	14-13	0	1	0
1413	14	13	14-9-7-8-11-12-13	0	6	0
1413	14	13	14-15-17-19-20-18-16-12-13	0	8	0
1415	14	15	14-15	54	1	54
1415	14	15	14-9-7-6-5-10-15	54	6	324
1415	14	15	14-9-7-1-2-5-10-15	54	7	378
1416	14	16	14-13-12-16	83	3	249
1416	14	16	14-9-7-8-11-12-16	83	6	498
1416	14	16	14-15-17-19-20-18-16	83	6	498
1417	14	17	14-15-17	30	2	60
1417	14	17	14-9-7-6-5-10-15-17	30	7	210
1417	14	17	14-13-12-16-18-20-19-17	30	7	210
1418	14	18	14-13-12-16-18	11	4	44
1418	14	18	14-15-17-19-20-18	11	5	55
1418	14	18	14-9-7-8-11-12-16-18	11	7	77
1419	14	19	14-15-17-19	82	3	246
1419	14	19	14-13-12-16-18-20-19	82	6	492
1419	14	19	14-9-7-6-5-10-15-17-19	82	8	656
1420	14	20	14-15-17-19-20	77	4	308
1420	14	20	14-13-12-16-18-20	77	5	385
1420	14	20	14-9-7-8-11-12-16-18-20	77	8	616
150	15	0	15-10-5-2-0	10	4	40
150	15	0	15-10-5-2-1-0	10	5	50
150	15	0	15-14-9-7-1-0	10	5	50
151	15	1	15-10-5-2-1	22	4	88
151	15	1	15-14-9-7-1	22	4	88
151	15	1	15-10-5-2-0-1	22	5	110
152	15	2	15-10-5-2	17	3	51
152	15	2	15-14-9-7-1-2	17	5	85
152	15	2	15-14-9-7-1-0-2	17	6	102
153	15	3	15-10-5-4-3	37	4	148
153	15	3	15-10-5-2-1-3	37	5	185
153	15	3	15-14-9-7-1-3	37	5	185
154	15	4	15-10-5-4	68	3	204
154	15	4	15-10-5-2-1-3-4	68	6	408
154	15	4	15-14-9-7-6-5-4	68	6	408
155	15	5	15-10-5	35	2	70
155	15	5	15-14-9-7-6-5	35	5	175
155	15	5	15-14-9-7-1-2-5	35	6	210
156	15	6	15-10-5-6	44	3	132
156	15	6	15-14-9-7-6	44	4	176
156	15	6	15-10-5-2-1-7-6	44	6	264
157	15	7	15-14-9-7	91	3	273
157	15	7	15-10-5-6-7	91	4	364
157	15	7	15-10-5-2-1-7	91	5	455
158	15	8	15-14-9-7-8	13	4	52
158	15	8	15-14-13-12-11-8	13	5	65
158	15	8	15-10-5-6-7-8	13	5	65
159	15	9	15-14-9	81	2	162
159	15	9	15-10-5-6-7-9	81	5	405
159	15	9	15-10-5-2-1-7-9	81	6	486
1510	15	10	15-10	54	1	54
1510	15	10	15-14-9-7-6-5-10	54	6	324
1510	15	10	15-14-9-7-1-2-5-10	54	7	378
1511	15	11	15-14-13-12-11	51	4	204
1511	15	11	15-14-9-7-8-11	51	5	255
1511	15	11	15-10-5-6-7-8-11	51	6	306
1512	15	12	15-14-13-12	87	3	261
1512	15	12	15-14-9-7-8-11-12	87	6	522
1512	15	12	15-17-19-20-18-16-12	87	6	522
1513	15	13	15-14-13	79	2	158
1513	15	13	15-14-9-7-8-11-12-13	79	7	553
1513	15	13	15-10-5-6-7-9-14-13	79	7	553
1514	15	14	15-14	77	1	77
1514	15	14	15-10-5-6-7-9-14	77	6	462
1514	15	14	15-10-5-2-1-7-9-14	77	7	539
1516	15	16	15-14-13-12-16	31	4	124
1516	15	16	15-17-19-20-18-16	31	5	155
1516	15	16	15-14-9-7-8-11-12-16	31	7	217
1517	15	17	15-17	13	1	13
1517	15	17	15-14-13-12-16-18-20-19-17	13	8	104
1517	15	17	15-14-9-7-8-11-12-16-18-20-19-17	13	11	143
1518	15	18	15-17-19-20-18	77	4	308
1518	15	18	15-14-13-12-16-18	77	5	385
1518	15	18	15-14-9-7-8-11-12-16-18	77	8	616
1519	15	19	15-17-19	8	2	16
1519	15	19	15-14-13-12-16-18-20-19	8	7	56
1519	15	19	15-14-9-7-8-11-12-16-18-20-19	8	10	80
1520	15	20	15-17-19-20	90	3	270
1520	15	20	15-14-13-12-16-18-20	90	6	540
1520	15	20	15-14-9-7-8-11-12-16-18-20	90	9	810
160	16	0	16-12-11-8-7-1-0	17	6	102
160	16	0	16-12-13-14-9-7-1-0	17	7	119
160	16	0	16-12-11-8-7-1-2-0	17	7	119
161	16	1	16-12-11-8-7-1	9	5	45
161	16	1	16-12-13-14-9-7-1	9	6	54
161	16	1	16-12-11-8-7-6-5-2-1	9	8	72
162	16	2	16-12-11-8-7-1-2	67	6	402
162	16	2	16-12-11-8-7-1-0-2	67	7	469
162	16	2	16-12-13-14-15-10-5-2	67	7	469
163	16	3	16-12-11-8-7-1-3	95	6	570
163	16	3	16-12-13-14-9-7-1-3	95	7	665
163	16	3	16-12-11-8-7-6-5-4-3	95	8	760
164	16	4	16-12-11-8-7-1-3-4	69	7	483
164	16	4	16-12-13-14-15-10-5-4	69	7	483
164	16	4	16-12-11-8-7-6-5-4	69	7	483
165	16	5	16-12-11-8-7-6-5	70	6	420
165	16	5	16-12-13-14-15-10-5	70	6	420
165	16	5	16-12-11-8-7-1-2-5	70	7	490
166	16	6	16-12-11-8-7-6	12	5	60
166	16	6	16-12-13-14-9-7-6	12	6	72
166	16	6	16-12-13-14-15-10-5-6	12	7	84
167	16	7	16-12-11-8-7	5	4	20
167	16	7	16-12-13-14-9-7	5	5	25
167	16	7	16-12-13-14-15-10-5-6-7	5	8	40
168	16	8	16-12-11-8	71	3	213
168	16	8	16-12-13-14-9-7-8	71	6	426
168	16	8	16-12-13-14-15-10-5-6-7-8	71	9	639
169	16	9	16-12-13-14-9	7	4	28
169	16	9	16-12-11-8-7-9	7	5	35
169	16	9	16-18-20-19-17-15-14-9	7	7	49
1610	16	10	16-12-13-14-15-10	23	5	115
1610	16	10	16-18-20-19-17-15-10	23	6	138
1610	16	10	16-12-11-8-7-6-5-10	23	7	161
1611	16	11	16-12-11	55	2	110
1611	16	11	16-12-13-14-9-7-8-11	55	7	385
1611	16	11	16-18-20-19-17-15-14-13-12-11	55	9	495
1612	16	12	16-12	18	1	18
1612	16	12	16-18-20-19-17-15-14-13-12	18	8	144
1612	16	12	16-18-20-19-17-15-14-9-7-8-11-12	18	11	198
1613	16	13	16-12-13	8	2	16
1613	16	13	16-18-20-19-17-15-14-13	8	7	56
1613	16	13	16-12-11-8-7-9-14-13	8	7	56
1614	16	14	16-12-13-14	39	3	117
1614	16	14	16-18-20-19-17-15-14	39	6	234
1614	16	14	16-12-11-8-7-9-14	39	6	234
1615	16	15	16-12-13-14-15	73	4	292
1615	16	15	16-18-20-19-17-15	73	5	365
1615	16	15	16-12-11-8-7-9-14-15	73	7	511
1617	16	17	16-18-20-19-17	20	4	80
1617	16	17	16-12-13-14-15-17	20	5	100
1617	16	17	16-12-11-8-7-9-14-15-17	20	8	160
1618	16	18	16-18	14	1	14
1618	16	18	16-12-13-14-15-17-19-20-18	14	8	112
1618	16	18	16-12-11-8-7-9-14-15-17-19-20-18	14	11	154
1619	16	19	16-18-20-19	88	3	264
1619	16	19	16-12-13-14-15-17-19	88	6	528
1619	16	19	16-12-11-8-7-9-14-15-17-19	88	9	792
1620	16	20	16-18-20	39	2	78
1620	16	20	16-12-13-14-15-17-19-20	39	7	273
1620	16	20	16-12-11-8-7-9-14-15-17-19-20	39	10	390
170	17	0	17-15-10-5-2-0	1	5	5
170	17	0	17-15-10-5-2-1-0	1	6	6
170	17	0	17-15-14-9-7-1-0	1	6	6
171	17	1	17-15-10-5-2-1	38	5	190
171	17	1	17-15-14-9-7-1	38	5	190
171	17	1	17-15-10-5-2-0-1	38	6	228
172	17	2	17-15-10-5-2	54	4	216
172	17	2	17-15-14-9-7-1-2	54	6	324
172	17	2	17-15-14-9-7-1-0-2	54	7	378
173	17	3	17-15-10-5-4-3	78	5	390
173	17	3	17-15-10-5-2-1-3	78	6	468
173	17	3	17-15-14-9-7-1-3	78	6	468
174	17	4	17-15-10-5-4	63	4	252
174	17	4	17-15-10-5-2-1-3-4	63	7	441
174	17	4	17-15-14-9-7-6-5-4	63	7	441
175	17	5	17-15-10-5	66	3	198
175	17	5	17-15-14-9-7-6-5	66	6	396
175	17	5	17-15-14-9-7-1-2-5	66	7	462
176	17	6	17-15-10-5-6	59	4	236
176	17	6	17-15-14-9-7-6	59	5	295
176	17	6	17-15-10-5-2-1-7-6	59	7	413
177	17	7	17-15-14-9-7	62	4	248
177	17	7	17-15-10-5-6-7	62	5	310
177	17	7	17-15-10-5-2-1-7	62	6	372
178	17	8	17-15-14-9-7-8	8	5	40
178	17	8	17-15-14-13-12-11-8	8	6	48
178	17	8	17-15-10-5-6-7-8	8	6	48
179	17	9	17-15-14-9	54	3	162
179	17	9	17-15-10-5-6-7-9	54	6	324
179	17	9	17-15-10-5-2-1-7-9	54	7	378
1710	17	10	17-15-10	63	2	126
1710	17	10	17-15-14-9-7-6-5-10	63	7	441
1710	17	10	17-15-14-9-7-1-2-5-10	63	8	504
1711	17	11	17-15-14-13-12-11	0	5	0
1711	17	11	17-19-20-18-16-12-11	0	6	0
1711	17	11	17-15-14-9-7-8-11	0	6	0
1712	17	12	17-15-14-13-12	87	4	348
1712	17	12	17-19-20-18-16-12	87	5	435
1712	17	12	17-15-14-9-7-8-11-12	87	7	609
1713	17	13	17-15-14-13	8	3	24
1713	17	13	17-19-20-18-16-12-13	8	6	48
1713	17	13	17-15-14-9-7-8-11-12-13	8	8	64
1714	17	14	17-15-14	84	2	168
1714	17	14	17-19-20-18-16-12-13-14	84	7	588
1714	17	14	17-15-10-5-6-7-9-14	84	7	588
1715	17	15	17-15	2	1	2
1715	17	15	17-19-20-18-16-12-13-14-15	2	8	16
1715	17	15	17-19-20-18-16-12-11-8-7-9-14-15	2	11	22
1716	17	16	17-19-20-18-16	71	4	284
1716	17	16	17-15-14-13-12-16	71	5	355
1716	17	16	17-15-14-9-7-8-11-12-16	71	8	568
1718	17	18	17-19-20-18	82	3	246
1718	17	18	17-15-14-13-12-16-18	82	6	492
1718	17	18	17-15-14-9-7-8-11-12-16-18	82	9	738
1719	17	19	17-19	70	1	70
1719	17	19	17-15-14-13-12-16-18-20-19	70	8	560
1719	17	19	17-15-14-9-7-8-11-12-16-18-20-19	70	11	770
1720	17	20	17-19-20	50	2	100
1720	17	20	17-15-14-13-12-16-18-20	50	7	350
1720	17	20	17-15-14-9-7-8-11-12-16-18-20	50	10	500
180	18	0	18-16-12-11-8-7-1-0	62	7	434
180	18	0	18-16-12-13-14-9-7-1-0	62	8	496
180	18	0	18-20-19-17-15-10-5-2-0	62	8	496
181	18	1	18-16-12-11-8-7-1	1	6	6
181	18	1	18-16-12-13-14-9-7-1	1	7	7
181	18	1	18-20-19-17-15-10-5-2-1	1	8	8
182	18	2	18-16-12-11-8-7-1-2	77	7	539
182	18	2	18-20-19-17-15-10-5-2	77	7	539
182	18	2	18-16-12-11-8-7-1-0-2	77	8	616
183	18	3	18-16-12-11-8-7-1-3	89	7	623
183	18	3	18-16-12-13-14-9-7-1-3	89	8	712
183	18	3	18-20-19-17-15-10-5-4-3	89	8	712
184	18	4	18-20-19-17-15-10-5-4	26	7	182
184	18	4	18-16-12-11-8-7-1-3-4	26	8	208
184	18	4	18-16-12-13-14-15-10-5-4	26	8	208
185	18	5	18-20-19-17-15-10-5	0	6	0
185	18	5	18-16-12-11-8-7-6-5	0	7	0
185	18	5	18-16-12-13-14-15-10-5	0	7	0
186	18	6	18-16-12-11-8-7-6	49	6	294
186	18	6	18-20-19-17-15-10-5-6	49	7	343
186	18	6	18-16-12-13-14-9-7-6	49	7	343
187	18	7	18-16-12-11-8-7	82	5	410
187	18	7	18-16-12-13-14-9-7	82	6	492
187	18	7	18-20-19-17-15-14-9-7	82	7	574
188	18	8	18-16-12-11-8	93	4	372
188	18	8	18-16-12-13-14-9-7-8	93	7	651
188	18	8	18-20-19-17-15-14-9-7-8	93	8	744
189	18	9	18-16-12-13-14-9	81	5	405
189	18	9	18-20-19-17-15-14-9	81	6	486
189	18	9	18-16-12-11-8-7-9	81	6	486
1810	18	10	18-20-19-17-15-10	20	5	100
1810	18	10	18-16-12-13-14-15-10	20	6	120
1810	18	10	18-16-12-11-8-7-6-5-10	20	8	160
1811	18	11	18-16-12-11	8	3	24
1811	18	11	18-20-19-17-15-14-13-12-11	8	8	64
1811	18	11	18-16-12-13-14-9-7-8-11	8	8	64
1812	18	12	18-16-12	15	2	30
1812	18	12	18-20-19-17-15-14-13-12	15	7	105
1812	18	12	18-20-19-17-15-14-9-7-8-11-12	15	10	150
1813	18	13	18-16-12-13	94	3	282
1813	18	13	18-20-19-17-15-14-13	94	6	564
1813	18	13	18-16-12-11-8-7-9-14-13	94	8	752
1814	18	14	18-16-12-13-14	15	4	60
1814	18	14	18-20-19-17-15-14	15	5	75
1814	18	14	18-16-12-11-8-7-9-14	15	7	105
1815	18	15	18-20-19-17-15	59	4	236
1815	18	15	18-16-12-13-14-15	59	5	295
1815	18	15	18-16-12-11-8-7-9-14-15	59	8	472
1816	18	16	18-16	20	1	20
1816	18	16	18-20-19-17-15-14-13-12-16	20	8	160
1816	18	16	18-20-19-17-15-14-9-7-8-11-12-16	20	11	220
1817	18	17	18-20-19-17	66	3	198
1817	18	17	18-16-12-13-14-15-17	66	6	396
1817	18	17	18-16-12-11-8-7-9-14-15-17	66	9	594
1819	18	19	18-20-19	33	2	66
1819	18	19	18-16-12-13-14-15-17-19	33	7	231
1819	18	19	18-16-12-11-8-7-9-14-15-17-19	33	10	330
1820	18	20	18-20	37	1	37
1820	18	20	18-16-12-13-14-15-17-19-20	37	8	296
1820	18	20	18-16-12-11-8-7-9-14-15-17-19-20	37	11	407
190	19	0	19-17-15-10-5-2-0	51	6	306
190	19	0	19-17-15-10-5-2-1-0	51	7	357
190	19	0	19-17-15-14-9-7-1-0	51	7	357
191	19	1	19-17-15-10-5-2-1	56	6	336
191	19	1	19-17-15-14-9-7-1	56	6	336
191	19	1	19-17-15-10-5-2-0-1	56	7	392
192	19	2	19-17-15-10-5-2	50	5	250
192	19	2	19-17-15-14-9-7-1-2	50	7	350
192	19	2	19-17-15-14-9-7-1-0-2	50	8	400
193	19	3	19-17-15-10-5-4-3	51	6	306
193	19	3	19-17-15-10-5-2-1-3	51	7	357
193	19	3	19-17-15-14-9-7-1-3	51	7	357
194	19	4	19-17-15-10-5-4	10	5	50
194	19	4	19-17-15-10-5-2-1-3-4	10	8	80
194	19	4	19-17-15-14-9-7-6-5-4	10	8	80
195	19	5	19-17-15-10-5	56	4	224
195	19	5	19-17-15-14-9-7-6-5	56	7	392
195	19	5	19-17-15-14-9-7-1-2-5	56	8	448
196	19	6	19-17-15-10-5-6	96	5	480
196	19	6	19-17-15-14-9-7-6	96	6	576
196	19	6	19-17-15-10-5-2-1-7-6	96	8	768
197	19	7	19-17-15-14-9-7	87	5	435
197	19	7	19-17-15-10-5-6-7	87	6	522
197	19	7	19-17-15-10-5-2-1-7	87	7	609
198	19	8	19-20-18-16-12-11-8	56	6	336
198	19	8	19-17-15-14-9-7-8	56	6	336
198	19	8	19-17-15-14-13-12-11-8	56	7	392
199	19	9	19-17-15-14-9	52	4	208
199	19	9	19-20-18-16-12-13-14-9	52	7	364
199	19	9	19-17-15-10-5-6-7-9	52	7	364
1910	19	10	19-17-15-10	94	3	282
1910	19	10	19-20-18-16-12-13-14-15-10	94	8	752
1910	19	10	19-17-15-14-9-7-6-5-10	94	8	752
1911	19	11	19-20-18-16-12-11	89	5	445
1911	19	11	19-17-15-14-13-12-11	89	6	534
1911	19	11	19-17-15-14-9-7-8-11	89	7	623
1912	19	12	19-20-18-16-12	25	4	100
1912	19	12	19-17-15-14-13-12	25	5	125
1912	19	12	19-17-15-14-9-7-8-11-12	25	8	200
1913	19	13	19-17-15-14-13	23	4	92
1913	19	13	19-20-18-16-12-13	23	5	115
1913	19	13	19-17-15-14-9-7-8-11-12-13	23	9	207
1914	19	14	19-17-15-14	59	3	177
1914	19	14	19-20-18-16-12-13-14	59	6	354
1914	19	14	19-17-15-10-5-6-7-9-14	59	8	472
1915	19	15	19-17-15	95	2	190
1915	19	15	19-20-18-16-12-13-14-15	95	7	665
1915	19	15	19-20-18-16-12-11-8-7-9-14-15	95	10	950
1916	19	16	19-20-18-16	80	3	240
1916	19	16	19-17-15-14-13-12-16	80	6	480
1916	19	16	19-17-15-14-9-7-8-11-12-16	80	9	720
1917	19	17	19-17	9	1	9
1917	19	17	19-20-18-16-12-13-14-15-17	9	8	72
1917	19	17	19-20-18-16-12-11-8-7-9-14-15-17	9	11	99
1918	19	18	19-20-18	43	2	86
1918	19	18	19-17-15-14-13-12-16-18	43	7	301
1918	19	18	19-17-15-14-9-7-8-11-12-16-18	43	10	430
1920	19	20	19-20	23	1	23
1920	19	20	19-17-15-14-13-12-16-18-20	23	8	184
1920	19	20	19-17-15-14-9-7-8-11-12-16-18-20	23	11	253
200	20	0	20-19-17-15-10-5-2-0	34	7	238
200	20	0	20-19-17-15-10-5-2-1-0	34	8	272
200	20	0	20-18-16-12-11-8-7-1-0	34	8	272
201	20	1	20-19-17-15-10-5-2-1	52	7	364
201	20	1	20-19-17-15-14-9-7-1	52	7	364
201	20	1	20-18-16-12-11-8-7-1	52	7	364
202	20	2	20-19-17-15-10-5-2	54	6	324
202	20	2	20-18-16-12-11-8-7-1-2	54	8	432
202	20	2	20-19-17-15-14-9-7-1-2	54	8	432
203	20	3	20-19-17-15-10-5-4-3	0	7	0
203	20	3	20-19-17-15-10-5-2-1-3	0	8	0
203	20	3	20-18-16-12-11-8-7-1-3	0	8	0
204	20	4	20-19-17-15-10-5-4	62	6	372
204	20	4	20-19-17-15-10-5-2-1-3-4	62	9	558
204	20	4	20-18-16-12-13-14-15-10-5-4	62	9	558
205	20	5	20-19-17-15-10-5	6	5	30
205	20	5	20-18-16-12-11-8-7-6-5	6	8	48
205	20	5	20-18-16-12-13-14-15-10-5	6	8	48
206	20	6	20-19-17-15-10-5-6	10	6	60
206	20	6	20-18-16-12-11-8-7-6	10	7	70
206	20	6	20-19-17-15-14-9-7-6	10	7	70
207	20	7	20-18-16-12-11-8-7	1	6	6
207	20	7	20-19-17-15-14-9-7	1	6	6
207	20	7	20-19-17-15-10-5-6-7	1	7	7
208	20	8	20-18-16-12-11-8	88	5	440
208	20	8	20-19-17-15-14-9-7-8	88	7	616
208	20	8	20-19-17-15-14-13-12-11-8	88	8	704
209	20	9	20-19-17-15-14-9	79	5	395
209	20	9	20-18-16-12-13-14-9	79	6	474
209	20	9	20-18-16-12-11-8-7-9	79	7	553
2010	20	10	20-19-17-15-10	74	4	296
2010	20	10	20-18-16-12-13-14-15-10	74	7	518
2010	20	10	20-18-16-12-11-8-7-6-5-10	74	9	666
2011	20	11	20-18-16-12-11	2	4	8
2011	20	11	20-19-17-15-14-13-12-11	2	7	14
2011	20	11	20-19-17-15-14-9-7-8-11	2	8	16
2012	20	12	20-18-16-12	1	3	3
2012	20	12	20-19-17-15-14-13-12	1	6	6
2012	20	12	20-19-17-15-14-9-7-8-11-12	1	9	9
2013	20	13	20-18-16-12-13	90	4	360
2013	20	13	20-19-17-15-14-13	90	5	450
2013	20	13	20-18-16-12-11-8-7-9-14-13	90	9	810
2014	20	14	20-19-17-15-14	14	4	56
2014	20	14	20-18-16-12-13-14	14	5	70
2014	20	14	20-18-16-12-11-8-7-9-14	14	8	112
2015	20	15	20-19-17-15	57	3	171
2015	20	15	20-18-16-12-13-14-15	57	6	342
2015	20	15	20-18-16-12-11-8-7-9-14-15	57	9	513
2016	20	16	20-18-16	81	2	162
2016	20	16	20-19-17-15-14-13-12-16	81	7	567
2016	20	16	20-19-17-15-14-9-7-8-11-12-16	81	10	810
2017	20	17	20-19-17	75	2	150
2017	20	17	20-18-16-12-13-14-15-17	75	7	525
2017	20	17	20-18-16-12-11-8-7-9-14-15-17	75	10	750
2018	20	18	20-18	52	1	52
2018	20	18	20-19-17-15-14-13-12-16-18	52	8	416
2018	20	18	20-19-17-15-14-9-7-8-11-12-16-18	52	11	572
2019	20	19	20-19	43	1	43
2019	20	19	20-18-16-12-13-14-15-17-19	43	8	344
2019	20	19	20-18-16-12-11-8-7-9-14-15-17-19	43	11	473
