01	0	1	0-1	17	1	17
01	0	1	0-2-1	17	2	34
02	0	2	0-2	21	1	21
02	0	2	0-1-2	21	2	42
03	0	3	0-1-3	22	2	44
03	0	3	0-2-1-3	22	3	66
04	0	4	0-1-3-4	23	3	69
04	0	4	0-2-5-4	23	3	69
05	0	5	0-2-5	14	2	28
05	0	5	0-1-2-5	14	3	42
06	0	6	0-2-5-6	34	3	102
06	0	6	0-1-7-6	34	3	102
07	0	7	0-1-7	18	2	36
07	0	7	0-2-1-7	18	3	54
08	0	8	0-1-7-8	37	3	111
08	0	8	0-2-1-7-8	37	4	148
09	0	9	0-1-7-9	37	3	111
09	0	9	0-2-1-7-9	37	4	148
010	0	10	0-2-5-10	27	3	81
010	0	10	0-1-2-5-10	27	4	108
011	0	11	0-1-7-8-11	22	4	88
011	0	11	0-2-1-7-8-11	22	5	110
012	0	12	0-1-7-8-11-12	40	5	200
012	0	12	0-2-1-7-8-11-12	40	6	240
013	0	13	0-1-7-9-14-13	27	5	135
013	0	13	0-1-7-8-11-12-13	27	6	162
014	0	14	0-1-7-9-14	42	4	168
014	0	14	0-2-5-10-15-14	42	5	210
015	0	15	0-2-5-10-15	1	4	4
015	0	15	0-1-7-9-14-15	1	5	5
016	0	16	0-1-7-8-11-12-16	4	6	24
016	0	16	0-2-1-7-8-11-12-16	4	7	28
017	0	17	0-2-5-10-15-17	9	5	45
017	0	17	0-1-7-9-14-15-17	9	6	54
018	0	18	0-1-7-8-11-12-16-18	32	7	224
018	0	18	0-2-1-7-8-11-12-16-18	32	8	256
019	0	19	0-2-5-10-15-17-19	36	6	216
019	0	19	0-1-7-9-14-15-17-19	36	7	252
020	0	20	0-2-5-10-15-17-19-20	37	7	259
020	0	20	0-1-7-8-11-12-16-18-20	37	8	296
10	1	0	1-0	10	1	10
10	1	0	1-2-0	10	2	20
12	1	2	1-2	13	1	13
12	1	2	1-0-2	13	2	26
13	1	3	1-3	4	1	4
13	1	3	1-2-5-4-3	4	4	16
14	1	4	1-3-4	3	2	6
14	1	4	1-2-5-4	3	3	9
15	1	5	1-2-5	21	2	42
15	1	5	1-0-2-5	21	3	63
16	1	6	1-7-6	6	2	12
16	1	6	1-2-5-6	6	3	18
17	1	7	1-7	2	1	2
17	1	7	1-2-5-6-7	2	4	8
18	1	8	1-7-8	14	2	28
18	1	8	1-2-5-6-7-8	14	5	70
19	1	9	1-7-9	20	2	40
19	1	9	1-2-5-6-7-9	20	5	100
110	1	10	1-2-5-10	42	3	126
110	1	10	1-0-2-5-10	42	4	168
111	1	11	1-7-8-11	49	3	147
111	1	11	1-7-9-14-13-12-11	49	6	294
112	1	12	1-7-8-11-12	41	4	164
112	1	12	1-7-9-14-13-12	41	5	205
113	1	13	1-7-9-14-13	28	4	112
113	1	13	1-7-8-11-12-13	28	5	140
114	1	14	1-7-9-14	20	3	60
114	1	14	1-2-5-10-15-14	20	5	100
115	1	15	1-7-9-14-15	14	4	56
115	1	15	1-2-5-10-15	14	4	56
116	1	16	1-7-8-11-12-16	15	5	75
116	1	16	1-7-9-14-13-12-16	15	6	90
117	1	17	1-7-9-14-15-17	17	5	85
117	1	17	1-2-5-10-15-17	17	5	85
118	1	18	1-7-8-11-12-16-18	42	6	252
118	1	18	1-7-9-14-13-12-16-18	42	7	294
119	1	19	1-7-9-14-15-17-19	2	6	12
119	1	19	1-2-5-10-15-17-19	2	6	12
120	1	20	1-7-8-11-12-16-18-20	21	7	147
120	1	20	1-2-5-10-15-17-19-20	21	7	147
20	2	0	2-0	8	1	8
20	2	0	2-1-0	8	2	16
21	2	1	2-1	45	1	45
21	2	1	2-0-1	45	2	90
23	2	3	2-1-3	38	2	76
23	2	3	2-0-1-3	38	3	114
24	2	4	2-5-4	33	2	66
24	2	4	2-1-3-4	33	3	99
25	2	5	2-5	32	1	32
25	2	5	2-1-3-4-5	32	4	128
26	2	6	2-5-6	49	2	98
26	2	6	2-1-7-6	49	3	147
27	2	7	2-1-7	47	2	94
27	2	7	2-0-1-7	47	3	141
28	2	8	2-1-7-8	37	3	111
28	2	8	2-0-1-7-8	37	4	148
29	2	9	2-1-7-9	28	3	84
29	2	9	2-0-1-7-9	28	4	112
210	2	10	2-5-10	11	2	22
210	2	10	2-1-3-4-5-10	11	5	55
211	2	11	2-1-7-8-11	25	4	100
211	2	11	2-0-1-7-8-11	25	5	125
212	2	12	2-1-7-8-11-12	42	5	210
212	2	12	2-0-1-7-8-11-12	42	6	252
213	2	13	2-5-10-15-14-13	9	5	45
213	2	13	2-1-7-9-14-13	9	5	45
214	2	14	2-5-10-15-14	27	4	108
214	2	14	2-1-7-9-14	27	4	108
215	2	15	2-5-10-15	34	3	102
215	2	15	2-1-7-9-14-15	34	5	170
216	2	16	2-1-7-8-11-12-16	37	6	222
216	2	16	2-0-1-7-8-11-12-16	37	7	259
217	2	17	2-5-10-15-17	13	4	52
217	2	17	2-1-7-9-14-15-17	13	6	78
218	2	18	2-1-7-8-11-12-16-18	13	7	91
218	2	18	2-5-10-15-17-19-20-18	13	7	91
219	2	19	2-5-10-15-17-19	11	5	55
219	2	19	2-1-7-9-14-15-17-19	11	7	77
220	2	20	2-5-10-15-17-19-20	26	6	156
220	2	20	2-1-7-8-11-12-16-18-20	26	8	208
30	3	0	3-1-0	9	2	18
30	3	0	3-1-2-0	9	3	27
31	3	1	3-1	32	1	32
31	3	1	3-4-5-2-1	32	4	128
32	3	2	3-1-2	31	2	62
32	3	2	3-1-0-2	31	3	93
34	3	4	3-4	45	1	45
34	3	4	3-1-2-5-4	45	4	180
35	3	5	3-4-5	40	2	80
35	3	5	3-1-2-5	40	3	120
36	3	6	3-4-5-6	42	3	126
36	3	6	3-1-7-6	42	3	126
37	3	7	3-1-7	36	2	72
37	3	7	3-4-5-6-7	36	4	144
38	3	8	3-1-7-8	24	3	72
38	3	8	3-4-5-6-7-8	24	5	120
39	3	9	3-1-7-9	39	3	117
39	3	9	3-4-5-6-7-9	39	5	195
310	3	10	3-4-5-10	38	3	114
310	3	10	3-1-2-5-10	38	4	152
311	3	11	3-1-7-8-11	45	4	180
311	3	11	3-4-5-6-7-8-11	45	6	270
312	3	12	3-1-7-8-11-12	31	5	155
312	3	12	3-1-7-9-14-13-12	31	6	186
313	3	13	3-1-7-9-14-13	3	5	15
313	3	13	3-1-7-8-11-12-13	3	6	18
314	3	14	3-1-7-9-14	3	4	12
314	3	14	3-4-5-10-15-14	3	5	15
315	3	15	3-4-5-10-15	25	4	100
315	3	15	3-1-7-9-14-15	25	5	125
316	3	16	3-1-7-8-11-12-16	7	6	42
316	3	16	3-1-7-9-14-13-12-16	7	7	49
317	3	17	3-4-5-10-15-17	17	5	85
317	3	17	3-1-7-9-14-15-17	17	6	102
318	3	18	3-1-7-8-11-12-16-18	31	7	217
318	3	18	3-1-7-9-14-13-12-16-18	31	8	248
319	3	19	3-4-5-10-15-17-19	3	6	18
319	3	19	3-1-7-9-14-15-17-19	3	7	21
320	3	20	3-4-5-10-15-17-19-20	24	7	168
320	3	20	3-1-7-8-11-12-16-18-20	24	8	192
40	4	0	4-3-1-0	49	3	147
40	4	0	4-5-2-0	49	3	147
41	4	1	4-3-1	4	2	8
41	4	1	4-5-2-1	4	3	12
42	4	2	4-5-2	19	2	38
42	4	2	4-3-1-2	19	3	57
43	4	3	4-3	11	1	11
43	4	3	4-5-2-1-3	11	4	44
45	4	5	4-5	24	1	24
45	4	5	4-3-1-2-5	24	4	96
46	4	6	4-5-6	5	2	10
46	4	6	4-3-1-7-6	5	4	20
47	4	7	4-3-1-7	20	3	60
47	4	7	4-5-6-7	20	3	60
48	4	8	4-3-1-7-8	6	4	24
48	4	8	4-5-6-7-8	6	4	24
49	4	9	4-3-1-7-9	19	4	76
49	4	9	4-5-6-7-9	19	4	76
410	4	10	4-5-10	45	2	90
410	4	10	4-3-1-2-5-10	45	5	225
411	4	11	4-3-1-7-8-11	47	5	235
411	4	11	4-5-6-7-8-11	47	5	235
412	4	12	4-3-1-7-8-11-12	34	6	204
412	4	12	4-5-10-15-14-13-12	34	6	204
413	4	13	4-5-10-15-14-13	7	5	35
413	4	13	4-3-1-7-9-14-13	7	6	42
414	4	14	4-5-10-15-14	9	4	36
414	4	14	4-3-1-7-9-14	9	5	45
415	4	15	4-5-10-15	39	3	117
415	4	15	4-3-1-7-9-14-15	39	6	234
416	4	16	4-3-1-7-8-11-12-16	38	7	266
416	4	16	4-5-10-15-14-13-12-16	38	7	266
417	4	17	4-5-10-15-17	42	4	168
417	4	17	4-3-1-7-9-14-15-17	42	7	294
418	4	18	4-5-10-15-17-19-20-18	22	7	154
418	4	18	4-3-1-7-8-11-12-16-18	22	8	176
419	4	19	4-5-10-15-17-19	10	5	50
419	4	19	4-3-1-7-9-14-15-17-19	10	8	80
420	4	20	4-5-10-15-17-19-20	36	6	216
420	4	20	4-3-1-7-8-11-12-16-18-20	36	9	324
50	5	0	5-2-0	48	2	96
50	5	0	5-2-1-0	48	3	144
51	5	1	5-2-1	6	2	12
51	5	1	5-2-0-1	6	3	18
52	5	2	5-2	27	1	27
52	5	2	5-4-3-1-2	27	4	108
53	5	3	5-4-3	37	2	74
53	5	3	5-2-1-3	37	3	111
54	5	4	5-4	21	1	21
54	5	4	5-2-1-3-4	21	4	84
56	5	6	5-6	18	1	18
56	5	6	5-2-1-7-6	18	4	72
57	5	7	5-6-7	46	2	92
57	5	7	5-2-1-7	46	3	138
58	5	8	5-6-7-8	2	3	6
58	5	8	5-2-1-7-8	2	4	8
59	5	9	5-6-7-9	14	3	42
59	5	9	5-10-15-14-9	14	4	56
510	5	10	5-10	35	1	35
510	5	10	5-6-7-9-14-15-10	35	6	210
511	5	11	5-6-7-8-11	15	4	60
511	5	11	5-2-1-7-8-11	15	5	75
512	5	12	5-6-7-8-11-12	19	5	95
512	5	12	5-10-15-14-13-12	19	5	95
513	5	13	5-10-15-14-13	13	4	52
513	5	13	5-6-7-9-14-13	13	5	65
514	5	14	5-10-15-14	11	3	33
514	5	14	5-6-7-9-14	11	4	44
515	5	15	5-10-15	29	2	58
515	5	15	5-6-7-9-14-15	29	5	145
516	5	16	5-6-7-8-11-12-16	12	6	72
516	5	16	5-10-15-14-13-12-16	12	6	72
517	5	17	5-10-15-17	40	3	120
517	5	17	5-6-7-9-14-15-17	40	6	240
518	5	18	5-10-15-17-19-20-18	39	6	234
518	5	18	5-6-7-8-11-12-16-18	39	7	273
519	5	19	5-10-15-17-19	22	4	88
519	5	19	5-6-7-9-14-15-17-19	22	7	154
520	5	20	5-10-15-17-19-20	22	5	110
520	5	20	5-6-7-8-11-12-16-18-20	22	8	176
60	6	0	6-7-1-0	35	3	105
60	6	0	6-5-2-0	35	3	105
61	6	1	6-7-1	24	2	48
61	6	1	6-5-2-1	24	3	72
62	6	2	6-5-2	15	2	30
62	6	2	6-7-1-2	15	3	45
63	6	3	6-7-1-3	45	3	135
63	6	3	6-5-4-3	45	3	135
64	6	4	6-5-4	48	2	96
64	6	4	6-7-1-3-4	48	4	192
65	6	5	6-5	5	1	5
65	6	5	6-7-1-2-5	5	4	20
67	6	7	6-7	31	1	31
67	6	7	6-5-2-1-7	31	4	124
68	6	8	6-7-8	14	2	28
68	6	8	6-5-2-1-7-8	14	5	70
69	6	9	6-7-9	34	2	68
69	6	9	6-5-10-15-14-9	34	5	170
610	6	10	6-5-10	1	2	2
610	6	10	6-7-9-14-15-10	1	5	5
611	6	11	6-7-8-11	28	3	84
611	6	11	6-7-9-14-13-12-11	28	6	168
612	6	12	6-7-8-11-12	14	4	56
612	6	12	6-7-9-14-13-12	14	5	70
613	6	13	6-7-9-14-13	34	4	136
613	6	13	6-7-8-11-12-13	34	5	170
614	6	14	6-7-9-14	48	3	144
614	6	14	6-5-10-15-14	48	4	192
615	6	15	6-5-10-15	23	3	69
615	6	15	6-7-9-14-15	23	4	92
616	6	16	6-7-8-11-12-16	28	5	140
616	6	16	6-7-9-14-13-12-16	28	6	168
617	6	17	6-5-10-15-17	8	4	32
617	6	17	6-7-9-14-15-17	8	5	40
618	6	18	6-7-8-11-12-16-18	8	6	48
618	6	18	6-7-9-14-13-12-16-18	8	7	56
619	6	19	6-5-10-15-17-19	4	5	20
619	6	19	6-7-9-14-15-17-19	4	6	24
620	6	20	6-5-10-15-17-19-20	40	6	240
620	6	20	6-7-8-11-12-16-18-20	40	7	280
70	7	0	7-1-0	35	2	70
70	7	0	7-1-2-0	35	3	105
71	7	1	7-1	33	1	33
71	7	1	7-6-5-2-1	33	4	132
72	7	2	7-1-2	33	2	66
72	7	2	7-1-0-2	33	3	99
73	7	3	7-1-3	22	2	44
73	7	3	7-6-5-4-3	22	4	88
74	7	4	7-1-3-4	22	3	66
74	7	4	7-6-5-4	22	3	66
75	7	5	7-6-5	14	2	28
75	7	5	7-1-2-5	14	3	42
76	7	6	7-6	20	1	20
76	7	6	7-1-2-5-6	20	4	80
78	7	8	7-8	23	1	23
78	7	8	7-9-14-13-12-11-8	23	6	138
79	7	9	7-9	35	1	35
79	7	9	7-8-11-12-13-14-9	35	6	210
710	7	10	7-6-5-10	8	3	24
710	7	10	7-9-14-15-10	8	4	32
711	7	11	7-8-11	25	2	50
711	7	11	7-9-14-13-12-11	25	5	125
712	7	12	7-8-11-12	38	3	114
712	7	12	7-9-14-13-12	38	4	152
713	7	13	7-9-14-13	26	3	78
713	7	13	7-8-11-12-13	26	4	104
714	7	14	7-9-14	18	2	36
714	7	14	7-8-11-12-13-14	18	5	90
715	7	15	7-9-14-15	41	3	123
715	7	15	7-6-5-10-15	41	4	164
716	7	16	7-8-11-12-16	41	4	164
716	7	16	7-9-14-13-12-16	41	5	205
717	7	17	7-9-14-15-17	24	4	96
717	7	17	7-6-5-10-15-17	24	5	120
718	7	18	7-8-11-12-16-18	1	5	5
718	7	18	7-9-14-13-12-16-18	1	6	6
719	7	19	7-9-14-15-17-19	1	5	5
719	7	19	7-6-5-10-15-17-19	1	6	6
720	7	20	7-8-11-12-16-18-20	30	6	180
720	7	20	7-9-14-15-17-19-20	30	6	180
80	8	0	8-7-1-0	6	3	18
80	8	0	8-7-1-2-0	6	4	24
81	8	1	8-7-1	8	2	16
81	8	1	8-7-6-5-2-1	8	5	40
82	8	2	8-7-1-2	26	3	78
82	8	2	8-7-1-0-2	26	4	104
83	8	3	8-7-1-3	31	3	93
83	8	3	8-7-6-5-4-3	31	5	155
84	8	4	8-7-1-3-4	15	4	60
84	8	4	8-7-6-5-4	15	4	60
85	8	5	8-7-6-5	29	3	87
85	8	5	8-7-1-2-5	29	4	116
86	8	6	8-7-6	30	2	60
86	8	6	8-7-1-2-5-6	30	5	150
87	8	7	8-7	23	1	23
87	8	7	8-11-12-13-14-9-7	23	6	138
89	8	9	8-7-9	35	2	70
89	8	9	8-11-12-13-14-9	35	5	175
810	8	10	8-7-6-5-10	46	4	184
810	8	10	8-7-9-14-15-10	46	5	230
811	8	11	8-11	12	1	12
811	8	11	8-7-9-14-13-12-11	12	6	72
812	8	12	8-11-12	23	2	46
812	8	12	8-7-9-14-13-12	23	5	115
813	8	13	8-11-12-13	28	3	84
813	8	13	8-7-9-14-13	28	4	112
814	8	14	8-7-9-14	21	3	63
814	8	14	8-11-12-13-14	21	4	84
815	8	15	8-7-9-14-15	38	4	152
815	8	15	8-11-12-13-14-15	38	5	190
816	8	16	8-11-12-16	33	3	99
816	8	16	8-7-9-14-13-12-16	33	6	198
817	8	17	8-7-9-14-15-17	13	5	65
817	8	17	8-11-12-13-14-15-17	13	6	78
818	8	18	8-11-12-16-18	25	4	100
818	8	18	8-7-9-14-13-12-16-18	25	7	175
819	8	19	8-7-9-14-15-17-19	16	6	96
819	8	19	8-11-12-16-18-20-19	16	6	96
820	8	20	8-11-12-16-18-20	10	5	50
820	8	20	8-7-9-14-15-17-19-20	10	7	70
90	9	0	9-7-1-0	37	3	111
90	9	0	9-7-1-2-0	37	4	148
91	9	1	9-7-1	3	2	6
91	9	1	9-7-6-5-2-1	3	5	15
92	9	2	9-7-1-2	19	3	57
92	9	2	9-7-1-0-2	19	4	76
93	9	3	9-7-1-3	16	3	48
93	9	3	9-7-6-5-4-3	16	5	80
94	9	4	9-7-1-3-4	6	4	24
94	9	4	9-7-6-5-4	6	4	24
95	9	5	9-7-6-5	21	3	63
95	9	5	9-7-1-2-5	21	4	84
96	9	6	9-7-6	12	2	24
96	9	6	9-7-1-2-5-6	12	5	60
97	9	7	9-7	15	1	15
97	9	7	9-14-15-10-5-6-7	15	6	90
98	9	8	9-7-8	6	2	12
98	9	8	9-14-13-12-11-8	6	5	30
910	9	10	9-14-15-10	15	3	45
910	9	10	9-7-6-5-10	15	4	60
911	9	11	9-7-8-11	32	3	96
911	9	11	9-14-13-12-11	32	4	128
912	9	12	9-14-13-12	11	3	33
912	9	12	9-7-8-11-12	11	4	44
913	9	13	9-14-13	8	2	16
913	9	13	9-7-8-11-12-13	8	5	40
914	9	14	9-14	38	1	38
914	9	14	9-7-8-11-12-13-14	38	6	228
915	9	15	9-14-15	12	2	24
915	9	15	9-7-6-5-10-15	12	5	60
916	9	16	9-14-13-12-16	24	4	96
916	9	16	9-7-8-11-12-16	24	5	120
917	9	17	9-14-15-17	29	3	87
917	9	17	9-7-6-5-10-15-17	29	6	174
918	9	18	9-14-13-12-16-18	14	5	70
918	9	18	9-7-8-11-12-16-18	14	6	84
919	9	19	9-14-15-17-19	29	4	116
919	9	19	9-7-6-5-10-15-17-19	29	7	203
920	9	20	9-14-15-17-19-20	28	5	140
920	9	20	9-14-13-12-16-18-20	28	6	168
100	10	0	10-5-2-0	44	3	132
100	10	0	10-5-2-1-0	44	4	176
101	10	1	10-5-2-1	34	3	102
101	10	1	10-5-2-0-1	34	4	136
102	10	2	10-5-2	44	2	88
102	10	2	10-5-4-3-1-2	44	5	220
103	10	3	10-5-4-3	46	3	138
103	10	3	10-5-2-1-3	46	4	184
104	10	4	10-5-4	5	2	10
104	10	4	10-5-2-1-3-4	5	5	25
105	10	5	10-5	43	1	43
105	10	5	10-15-14-9-7-6-5	43	6	258
106	10	6	10-5-6	39	2	78
106	10	6	10-5-2-1-7-6	39	5	195
107	10	7	10-5-6-7	19	3	57
107	10	7	10-5-2-1-7	19	4	76
108	10	8	10-5-6-7-8	8	4	32
108	10	8	10-5-2-1-7-8	8	5	40
109	10	9	10-15-14-9	38	3	114
109	10	9	10-5-6-7-9	38	4	152
1011	10	11	10-15-14-13-12-11	26	5	130
1011	10	11	10-5-6-7-8-11	26	5	130
1012	10	12	10-15-14-13-12	19	4	76
1012	10	12	10-5-6-7-8-11-12	19	6	114
1013	10	13	10-15-14-13	7	3	21
1013	10	13	10-5-6-7-9-14-13	7	6	42
1014	10	14	10-15-14	15	2	30
1014	10	14	10-5-6-7-9-14	15	5	75
1015	10	15	10-15	28	1	28
1015	10	15	10-5-6-7-9-14-15	28	6	168
1016	10	16	10-15-14-13-12-16	17	5	85
1016	10	16	10-15-17-19-20-18-16	17	6	102
1017	10	17	10-15-17	43	2	86
1017	10	17	10-5-6-7-9-14-15-17	43	7	301
1018	10	18	10-15-17-19-20-18	23	5	115
1018	10	18	10-15-14-13-12-16-18	23	6	138
1019	10	19	10-15-17-19	36	3	108
1019	10	19	10-5-6-7-9-14-15-17-19	36	8	288
1020	10	20	10-15-17-19-20	1	4	4
1020	10	20	10-15-14-13-12-16-18-20	1	7	7
110	11	0	11-8-7-1-0	44	4	176
110	11	0	11-8-7-1-2-0	44	5	220
111	11	1	11-8-7-1	8	3	24
111	11	1	11-8-7-6-5-2-1	8	6	48
112	11	2	11-8-7-1-2	14	4	56
112	11	2	11-8-7-1-0-2	14	5	70
113	11	3	11-8-7-1-3	13	4	52
113	11	3	11-8-7-6-5-4-3	13	6	78
114	11	4	11-8-7-1-3-4	4	5	20
114	11	4	11-8-7-6-5-4	4	5	20
115	11	5	11-8-7-6-5	47	4	188
115	11	5	11-8-7-1-2-5	47	5	235
116	11	6	11-8-7-6	23	3	69
116	11	6	11-8-7-1-2-5-6	23	6	138
117	11	7	11-8-7	7	2	14
117	11	7	11-12-13-14-9-7	7	5	35
118	11	8	11-8	31	1	31
118	11	8	11-12-13-14-9-7-8	31	6	186
119	11	9	11-8-7-9	4	3	12
119	11	9	11-12-13-14-9	4	4	16
1110	11	10	11-12-13-14-15-10	25	5	125
1110	11	10	11-8-7-6-5-10	25	5	125
1112	11	12	11-12	36	1	36
1112	11	12	11-8-7-9-14-13-12	36	6	216
1113	11	13	11-12-13	5	2	10
1113	11	13	11-8-7-9-14-13	5	5	25
1114	11	14	11-12-13-14	21	3	63
1114	11	14	11-8-7-9-14	21	4	84
1115	11	15	11-12-13-14-15	1	4	4
1115	11	15	11-8-7-9-14-15	1	5	5
1116	11	16	11-12-16	24	2	48
1116	11	16	11-8-7-9-14-13-12-16	24	7	168
1117	11	17	11-12-13-14-15-17	42	5	210
1117	11	17	11-8-7-9-14-15-17	42	6	252
1118	11	18	11-12-16-18	20	3	60
1118	11	18	11-8-7-9-14-13-12-16-18	20	8	160
1119	11	19	11-12-16-18-20-19	45	5	225
1119	11	19	11-12-13-14-15-17-19	45	6	270
1120	11	20	11-12-16-18-20	37	4	148
1120	11	20	11-12-13-14-15-17-19-20	37	7	259
120	12	0	12-11-8-7-1-0	15	5	75
120	12	0	12-13-14-9-7-1-0	15	6	90
121	12	1	12-11-8-7-1	3	4	12
121	12	1	12-13-14-9-7-1	3	5	15
122	12	2	12-11-8-7-1-2	8	5	40
122	12	2	12-11-8-7-1-0-2	8	6	48
123	12	3	12-11-8-7-1-3	17	5	85
123	12	3	12-13-14-9-7-1-3	17	6	102
124	12	4	12-11-8-7-1-3-4	25	6	150
124	12	4	12-13-14-15-10-5-4	25	6	150
125	12	5	12-11-8-7-6-5	38	5	190
125	12	5	12-13-14-15-10-5	38	5	190
126	12	6	12-11-8-7-6	35	4	140
126	12	6	12-13-14-9-7-6	35	5	175
127	12	7	12-11-8-7	38	3	114
127	12	7	12-13-14-9-7	38	4	152
128	12	8	12-11-8	45	2	90
128	12	8	12-13-14-9-7-8	45	5	225
129	12	9	12-13-14-9	14	3	42
129	12	9	12-11-8-7-9	14	4	56
1210	12	10	12-13-14-15-10	48	4	192
1210	12	10	12-11-8-7-6-5-10	48	6	288
1211	12	11	12-11	41	1	41
1211	12	11	12-13-14-9-7-8-11	41	6	246
1213	12	13	12-13	10	1	10
1213	12	13	12-11-8-7-9-14-13	10	6	60
1214	12	14	12-13-14	6	2	12
1214	12	14	12-11-8-7-9-14	6	5	30
1215	12	15	12-13-14-15	38	3	114
1215	12	15	12-11-8-7-9-14-15	38	6	228
1216	12	16	12-16	22	1	22
1216	12	16	12-13-14-15-17-19-20-18-16	22	8	176
1217	12	17	12-13-14-15-17	9	4	36
1217	12	17	12-16-18-20-19-17	9	5	45
1218	12	18	12-16-18	13	2	26
1218	12	18	12-13-14-15-17-19-20-18	13	7	91
1219	12	19	12-16-18-20-19	39	4	156
1219	12	19	12-13-14-15-17-19	39	5	195
1220	12	20	12-16-18-20	13	3	39
1220	12	20	12-13-14-15-17-19-20	13	6	78
130	13	0	13-14-9-7-1-0	16	5	80
130	13	0	13-12-11-8-7-1-0	16	6	96
131	13	1	13-14-9-7-1	11	4	44
131	13	1	13-12-11-8-7-1	11	5	55
132	13	2	13-14-9-7-1-2	6	5	30
132	13	2	13-14-15-10-5-2	6	5	30
133	13	3	13-14-9-7-1-3	46	5	230
133	13	3	13-12-11-8-7-1-3	46	6	276
134	13	4	13-14-15-10-5-4	27	5	135
134	13	4	13-14-9-7-1-3-4	27	6	162
135	13	5	13-14-15-10-5	26	4	104
135	13	5	13-14-9-7-6-5	26	5	130
136	13	6	13-14-9-7-6	20	4	80
136	13	6	13-14-15-10-5-6	20	5	100
137	13	7	13-14-9-7	17	3	51
137	13	7	13-12-11-8-7	17	4	68
138	13	8	13-12-11-8	34	3	102
138	13	8	13-14-9-7-8	34	4	136
139	13	9	13-14-9	33	2	66
139	13	9	13-12-11-8-7-9	33	5	165
1310	13	10	13-14-15-10	15	3	45
1310	13	10	13-14-9-7-6-5-10	15	6	90
1311	13	11	13-12-11	41	2	82
1311	13	11	13-14-9-7-8-11	41	5	205
1312	13	12	13-12	34	1	34
1312	13	12	13-14-9-7-8-11-12	34	6	204
1314	13	14	13-14	37	1	37
1314	13	14	13-12-11-8-7-9-14	37	6	222
1315	13	15	13-14-15	23	2	46
1315	13	15	13-12-11-8-7-9-14-15	23	7	161
1316	13	16	13-12-16	37	2	74
1316	13	16	13-14-9-7-8-11-12-16	37	7	259
1317	13	17	13-14-15-17	27	3	81
1317	13	17	13-12-16-18-20-19-17	27	6	162
1318	13	18	13-12-16-18	32	3	96
1318	13	18	13-14-15-17-19-20-18	32	6	192
1319	13	19	13-14-15-17-19	18	4	72
1319	13	19	13-12-16-18-20-19	18	5	90
1320	13	20	13-12-16-18-20	30	4	120
1320	13	20	13-14-15-17-19-20	30	5	150
140	14	0	14-9-7-1-0	16	4	64
140	14	0	14-9-7-1-2-0	16	5	80
141	14	1	14-9-7-1	1	3	3
141	14	1	14-15-10-5-2-1	1	5	5
142	14	2	14-9-7-1-2	23	4	92
142	14	2	14-15-10-5-2	23	4	92
143	14	3	14-9-7-1-3	19	4	76
143	14	3	14-15-10-5-4-3	19	5	95
144	14	4	14-15-10-5-4	7	4	28
144	14	4	14-9-7-1-3-4	7	5	35
145	14	5	14-15-10-5	13	3	39
145	14	5	14-9-7-6-5	13	4	52
146	14	6	14-9-7-6	20	3	60
146	14	6	14-15-10-5-6	20	4	80
147	14	7	14-9-7	39	2	78
147	14	7	14-15-10-5-6-7	39	5	195
148	14	8	14-9-7-8	38	3	114
148	14	8	14-13-12-11-8	38	4	152
149	14	9	14-9	16	1	16
149	14	9	14-15-10-5-6-7-9	16	6	96
1410	14	10	14-15-10	43	2	86
1410	14	10	14-9-7-6-5-10	43	5	215
1411	14	11	14-13-12-11	14	3	42
1411	14	11	14-9-7-8-11	14	4	56
1412	14	12	14-13-12	22	2	44
1412	14	12	14-9-7-8-11-12	22	5	110
1413	14	13	14-13	18	1	18
1413	14	13	14-9-7-8-11-12-13	18	6	108
1415	14	15	14-15	13	1	13
1415	14	15	14-9-7-6-5-10-15	13	6	78
1416	14	16	14-13-12-16	9	3	27
1416	14	16	14-9-7-8-11-12-16	9	6	54
1417	14	17	14-15-17	19	2	38
1417	14	17	14-9-7-6-5-10-15-17	19	7	133
1418	14	18	14-13-12-16-18	44	4	176
1418	14	18	14-15-17-19-20-18	44	5	220
1419	14	19	14-15-17-19	27	3	81
1419	14	19	14-13-12-16-18-20-19	27	6	162
1420	14	20	14-15-17-19-20	12	4	48
1420	14	20	14-13-12-16-18-20	12	5	60
150	15	0	15-10-5-2-0	48	4	192
150	15	0	15-10-5-2-1-0	48	5	240
151	15	1	15-10-5-2-1	15	4	60
151	15	1	15-14-9-7-1	15	4	60
152	15	2	15-10-5-2	47	3	141
152	15	2	15-14-9-7-1-2	47	5	235
153	15	3	15-10-5-4-3	39	4	156
153	15	3	15-10-5-2-1-3	39	5	195
154	15	4	15-10-5-4	20	3	60
154	15	4	15-10-5-2-1-3-4	20	6	120
155	15	5	15-10-5	48	2	96
155	15	5	15-14-9-7-6-5	48	5	240
156	15	6	15-10-5-6	20	3	60
156	15	6	15-14-9-7-6	20	4	80
157	15	7	15-14-9-7	2	3	6
157	15	7	15-10-5-6-7	2	4	8
158	15	8	15-14-9-7-8	16	4	64
158	15	8	15-14-13-12-11-8	16	5	80
159	15	9	15-14-9	36	2	72
159	15	9	15-10-5-6-7-9	36	5	180
1510	15	10	15-10	1	1	1
1510	15	10	15-14-9-7-6-5-10	1	6	6
1511	15	11	15-14-13-12-11	25	4	100
1511	15	11	15-14-9-7-8-11	25	5	125
1512	15	12	15-14-13-12	40	3	120
1512	15	12	15-14-9-7-8-11-12	40	6	240
1513	15	13	15-14-13	27	2	54
1513	15	13	15-14-9-7-8-11-12-13	27	7	189
1514	15	14	15-14	12	1	12
1514	15	14	15-10-5-6-7-9-14	12	6	72
1516	15	16	15-14-13-12-16	35	4	140
1516	15	16	15-17-19-20-18-16	35	5	175
1517	15	17	15-17	33	1	33
1517	15	17	15-14-13-12-16-18-20-19-17	33	8	264
1518	15	18	15-17-19-20-18	8	4	32
1518	15	18	15-14-13-12-16-18	8	5	40
1519	15	19	15-17-19	11	2	22
1519	15	19	15-14-13-12-16-18-20-19	11	7	77
1520	15	20	15-17-19-20	33	3	99
1520	15	20	15-14-13-12-16-18-20	33	6	198
160	16	0	16-12-11-8-7-1-0	1	6	6
160	16	0	16-12-13-14-9-7-1-0	1	7	7
161	16	1	16-12-11-8-7-1	35	5	175
161	16	1	16-12-13-14-9-7-1	35	6	210
162	16	2	16-12-11-8-7-1-2	8	6	48
162	16	2	16-12-11-8-7-1-0-2	8	7	56
163	16	3	16-12-11-8-7-1-3	27	6	162
163	16	3	16-12-13-14-9-7-1-3	27	7	189
164	16	4	16-12-11-8-7-1-3-4	2	7	14
164	16	4	16-12-13-14-15-10-5-4	2	7	14
165	16	5	16-12-11-8-7-6-5	4	6	24
165	16	5	16-12-13-14-15-10-5	4	6	24
166	16	6	16-12-11-8-7-6	44	5	220
166	16	6	16-12-13-14-9-7-6	44	6	264
167	16	7	16-12-11-8-7	33	4	132
167	16	7	16-12-13-14-9-7	33	5	165
168	16	8	16-12-11-8	7	3	21
168	16	8	16-12-13-14-9-7-8	7	6	42
169	16	9	16-12-13-14-9	38	4	152
169	16	9	16-12-11-8-7-9	38	5	190
1610	16	10	16-12-13-14-15-10	16	5	80
1610	16	10	16-18-20-19-17-15-10	16	6	96
1611	16	11	16-12-11	6	2	12
1611	16	11	16-12-13-14-9-7-8-11	6	7	42
1612	16	12	16-12	34	1	34
1612	16	12	16-18-20-19-17-15-14-13-12	34	8	272
1613	16	13	16-12-13	30	2	60
1613	16	13	16-18-20-19-17-15-14-13	30	7	210
1614	16	14	16-12-13-14	45	3	135
1614	16	14	16-18-20-19-17-15-14	45	6	270
1615	16	15	16-12-13-14-15	17	4	68
1615	16	15	16-18-20-19-17-15	17	5	85
1617	16	17	16-18-20-19-17	47	4	188
1617	16	17	16-12-13-14-15-17	47	5	235
1618	16	18	16-18	43	1	43
1618	16	18	16-12-13-14-15-17-19-20-18	43	8	344
1619	16	19	16-18-20-19	1	3	3
1619	16	19	16-12-13-14-15-17-19	1	6	6
1620	16	20	16-18-20	45	2	90
1620	16	20	16-12-13-14-15-17-19-20	45	7	315
170	17	0	17-15-10-5-2-0	11	5	55
170	17	0	17-15-10-5-2-1-0	11	6	66
171	17	1	17-15-10-5-2-1	11	5	55
171	17	1	17-15-14-9-7-1	11	5	55
172	17	2	17-15-10-5-2	13	4	52
172	17	2	17-15-14-9-7-1-2	13	6	78
173	17	3	17-15-10-5-4-3	13	5	65
173	17	3	17-15-10-5-2-1-3	13	6	78
174	17	4	17-15-10-5-4	10	4	40
174	17	4	17-15-10-5-2-1-3-4	10	7	70
175	17	5	17-15-10-5	34	3	102
175	17	5	17-15-14-9-7-6-5	34	6	204
176	17	6	17-15-10-5-6	44	4	176
176	17	6	17-15-14-9-7-6	44	5	220
177	17	7	17-15-14-9-7	18	4	72
177	17	7	17-15-10-5-6-7	18	5	90
178	17	8	17-15-14-9-7-8	29	5	145
178	17	8	17-15-14-13-12-11-8	29	6	174
179	17	9	17-15-14-9	3	3	9
179	17	9	17-15-10-5-6-7-9	3	6	18
1710	17	10	17-15-10	44	2	88
1710	17	10	17-15-14-9-7-6-5-10	44	7	308
1711	17	11	17-15-14-13-12-11	15	5	75
1711	17	11	17-19-20-18-16-12-11	15	6	90
1712	17	12	17-15-14-13-12	29	4	116
1712	17	12	17-19-20-18-16-12	29	5	145
1713	17	13	17-15-14-13	29	3	87
1713	17	13	17-19-20-18-16-12-13	29	6	174
1714	17	14	17-15-14	24	2	48
1714	17	14	17-19-20-18-16-12-13-14	24	7	168
1715	17	15	17-15	45	1	45
1715	17	15	17-19-20-18-16-12-13-14-15	45	8	360
1716	17	16	17-19-20-18-16	37	4	148
1716	17	16	17-15-14-13-12-16	37	5	185
1718	17	18	17-19-20-18	46	3	138
1718	17	18	17-15-14-13-12-16-18	46	6	276
1719	17	19	17-19	7	1	7
1719	17	19	17-15-14-13-12-16-18-20-19	7	8	56
1720	17	20	17-19-20	19	2	38
1720	17	20	17-15-14-13-12-16-18-20	19	7	133
180	18	0	18-16-12-11-8-7-1-0	15	7	105
180	18	0	18-16-12-13-14-9-7-1-0	15	8	120
181	18	1	18-16-12-11-8-7-1	40	6	240
181	18	1	18-16-12-13-14-9-7-1	40	7	280
182	18	2	18-16-12-11-8-7-1-2	34	7	238
182	18	2	18-20-19-17-15-10-5-2	34	7	238
183	18	3	18-16-12-11-8-7-1-3	39	7	273
183	18	3	18-16-12-13-14-9-7-1-3	39	8	312
184	18	4	18-20-19-17-15-10-5-4	31	7	217
184	18	4	18-16-12-11-8-7-1-3-4	31	8	248
185	18	5	18-20-19-17-15-10-5	29	6	174
185	18	5	18-16-12-11-8-7-6-5	29	7	203
186	18	6	18-16-12-11-8-7-6	3	6	18
186	18	6	18-20-19-17-15-10-5-6	3	7	21
187	18	7	18-16-12-11-8-7	29	5	145
187	18	7	18-16-12-13-14-9-7	29	6	174
188	18	8	18-16-12-11-8	41	4	164
188	18	8	18-16-12-13-14-9-7-8	41	7	287
189	18	9	18-16-12-13-14-9	34	5	170
189	18	9	18-20-19-17-15-14-9	34	6	204
1810	18	10	18-20-19-17-15-10	44	5	220
1810	18	10	18-16-12-13-14-15-10	44	6	264
1811	18	11	18-16-12-11	5	3	15
1811	18	11	18-20-19-17-15-14-13-12-11	5	8	40
1812	18	12	18-16-12	15	2	30
1812	18	12	18-20-19-17-15-14-13-12	15	7	105
1813	18	13	18-16-12-13	14	3	42
1813	18	13	18-20-19-17-15-14-13	14	6	84
1814	18	14	18-16-12-13-14	14	4	56
1814	18	14	18-20-19-17-15-14	14	5	70
1815	18	15	18-20-19-17-15	3	4	12
1815	18	15	18-16-12-13-14-15	3	5	15
1816	18	16	18-16	24	1	24
1816	18	16	18-20-19-17-15-14-13-12-16	24	8	192
1817	18	17	18-20-19-17	10	3	30
1817	18	17	18-16-12-13-14-15-17	10	6	60
1819	18	19	18-20-19	41	2	82
1819	18	19	18-16-12-13-14-15-17-19	41	7	287
1820	18	20	18-20	31	1	31
1820	18	20	18-16-12-13-14-15-17-19-20	31	8	248
190	19	0	19-17-15-10-5-2-0	1	6	6
190	19	0	19-17-15-10-5-2-1-0	1	7	7
191	19	1	19-17-15-10-5-2-1	2	6	12
191	19	1	19-17-15-14-9-7-1	2	6	12
192	19	2	19-17-15-10-5-2	46	5	230
192	19	2	19-17-15-14-9-7-1-2	46	7	322
193	19	3	19-17-15-10-5-4-3	15	6	90
193	19	3	19-17-15-10-5-2-1-3	15	7	105
194	19	4	19-17-15-10-5-4	13	5	65
194	19	4	19-17-15-10-5-2-1-3-4	13	8	104
195	19	5	19-17-15-10-5	9	4	36
195	19	5	19-17-15-14-9-7-6-5	9	7	63
196	19	6	19-17-15-10-5-6	9	5	45
196	19	6	19-17-15-14-9-7-6	9	6	54
197	19	7	19-17-15-14-9-7	40	5	200
197	19	7	19-17-15-10-5-6-7	40	6	240
198	19	8	19-20-18-16-12-11-8	30	6	180
198	19	8	19-17-15-14-9-7-8	30	6	180
199	19	9	19-17-15-14-9	38	4	152
199	19	9	19-20-18-16-12-13-14-9	38	7	266
1910	19	10	19-17-15-10	7	3	21
1910	19	10	19-20-18-16-12-13-14-15-10	7	8	56
1911	19	11	19-20-18-16-12-11	46	5	230
1911	19	11	19-17-15-14-13-12-11	46	6	276
1912	19	12	19-20-18-16-12	24	4	96
1912	19	12	19-17-15-14-13-12	24	5	120
1913	19	13	19-17-15-14-13	32	4	128
1913	19	13	19-20-18-16-12-13	32	5	160
1914	19	14	19-17-15-14	25	3	75
1914	19	14	19-20-18-16-12-13-14	25	6	150
1915	19	15	19-17-15	39	2	78
1915	19	15	19-20-18-16-12-13-14-15	39	7	273
1916	19	16	19-20-18-16	44	3	132
1916	19	16	19-17-15-14-13-12-16	44	6	264
1917	19	17	19-17	41	1	41
1917	19	17	19-20-18-16-12-13-14-15-17	41	8	328
1918	19	18	19-20-18	11	2	22
1918	19	18	19-17-15-14-13-12-16-18	11	7	77
1920	19	20	19-20	3	1	3
1920	19	20	19-17-15-14-13-12-16-18-20	3	8	24
200	20	0	20-19-17-15-10-5-2-0	37	7	259
200	20	0	20-19-17-15-10-5-2-1-0	37	8	296
201	20	1	20-19-17-15-10-5-2-1	39	7	273
201	20	1	20-19-17-15-14-9-7-1	39	7	273
202	20	2	20-19-17-15-10-5-2	23	6	138
202	20	2	20-18-16-12-11-8-7-1-2	23	8	184
203	20	3	20-19-17-15-10-5-4-3	44	7	308
203	20	3	20-19-17-15-10-5-2-1-3	44	8	352
204	20	4	20-19-17-15-10-5-4	43	6	258
204	20	4	20-19-17-15-10-5-2-1-3-4	43	9	387
205	20	5	20-19-17-15-10-5	3	5	15
205	20	5	20-18-16-12-11-8-7-6-5	3	8	24
206	20	6	20-19-17-15-10-5-6	49	6	294
206	20	6	20-18-16-12-11-8-7-6	49	7	343
207	20	7	20-18-16-12-11-8-7	39	6	234
207	20	7	20-19-17-15-14-9-7	39	6	234
208	20	8	20-18-16-12-11-8	33	5	165
208	20	8	20-19-17-15-14-9-7-8	33	7	231
209	20	9	20-19-17-15-14-9	4	5	20
209	20	9	20-18-16-12-13-14-9	4	6	24
2010	20	10	20-19-17-15-10	42	4	168
2010	20	10	20-18-16-12-13-14-15-10	42	7	294
2011	20	11	20-18-16-12-11	25	4	100
2011	20	11	20-19-17-15-14-13-12-11	25	7	175
2012	20	12	20-18-16-12	36	3	108
2012	20	12	20-19-17-15-14-13-12	36	6	216
2013	20	13	20-18-16-12-13	32	4	128
2013	20	13	20-19-17-15-14-13	32	5	160
2014	20	14	20-19-17-15-14	3	4	12
2014	20	14	20-18-16-12-13-14	3	5	15
2015	20	15	20-19-17-15	17	3	51
2015	20	15	20-18-16-12-13-14-15	17	6	102
2016	20	16	20-18-16	1	2	2
2016	20	16	20-19-17-15-14-13-12-16	1	7	7
2017	20	17	20-19-17	46	2	92
2017	20	17	20-18-16-12-13-14-15-17	46	7	322
2018	20	18	20-18	8	1	8
2018	20	18	20-19-17-15-14-13-12-16-18	8	8	64
2019	20	19	20-19	28	1	28
2019	20	19	20-18-16-12-13-14-15-17-19	28	8	224
