01	0	1	0-1	98	1	98
02	0	2	0-2	70	1	70
03	0	3	0-1-3	40	2	80
04	0	4	0-1-3-4	52	3	156
05	0	5	0-2-5	86	2	172
06	0	6	0-2-5-6	91	3	273
07	0	7	0-1-7	30	2	60
08	0	8	0-1-7-8	13	3	39
09	0	9	0-1-7-9	81	3	243
010	0	10	0-2-5-10	0	3	0
011	0	11	0-1-7-8-11	59	4	236
012	0	12	0-1-7-8-11-12	93	5	465
013	0	13	0-1-7-9-14-13	55	5	275
014	0	14	0-1-7-9-14	9	4	36
015	0	15	0-2-5-10-15	72	4	288
016	0	16	0-1-7-8-11-12-16	13	6	78
017	0	17	0-2-5-10-15-17	11	5	55
018	0	18	0-1-7-8-11-12-16-18	49	7	343
019	0	19	0-2-5-10-15-17-19	64	6	384
020	0	20	0-2-5-10-15-17-19-20	88	7	616
10	1	0	1-0	79	1	79
12	1	2	1-2	85	1	85
13	1	3	1-3	65	1	65
14	1	4	1-3-4	6	2	12
15	1	5	1-2-5	6	2	12
16	1	6	1-7-6	47	2	94
17	1	7	1-7	20	1	20
18	1	8	1-7-8	83	2	166
19	1	9	1-7-9	96	2	192
110	1	10	1-2-5-10	33	3	99
111	1	11	1-7-8-11	6	3	18
112	1	12	1-7-8-11-12	25	4	100
113	1	13	1-7-9-14-13	26	4	104
114	1	14	1-7-9-14	61	3	183
115	1	15	1-7-9-14-15	21	4	84
116	1	16	1-7-8-11-12-16	42	5	210
117	1	17	1-7-9-14-15-17	91	5	455
118	1	18	1-7-8-11-12-16-18	53	6	318
119	1	19	1-7-9-14-15-17-19	93	6	558
120	1	20	1-7-8-11-12-16-18-20	72	7	504
20	2	0	2-0	37	1	37
21	2	1	2-1	93	1	93
23	2	3	2-1-3	23	2	46
24	2	4	2-5-4	59	2	118
25	2	5	2-5	20	1	20
26	2	6	2-5-6	0	2	0
27	2	7	2-1-7	23	2	46
28	2	8	2-1-7-8	8	3	24
29	2	9	2-1-7-9	7	3	21
210	2	10	2-5-10	65	2	130
211	2	11	2-1-7-8-11	55	4	220
212	2	12	2-1-7-8-11-12	96	5	480
213	2	13	2-5-10-15-14-13	70	5	350
214	2	14	2-5-10-15-14	36	4	144
215	2	15	2-5-10-15	22	3	66
216	2	16	2-1-7-8-11-12-16	27	6	162
217	2	17	2-5-10-15-17	12	4	48
218	2	18	2-1-7-8-11-12-16-18	29	7	203
219	2	19	2-5-10-15-17-19	4	5	20
220	2	20	2-5-10-15-17-19-20	69	6	414
30	3	0	3-1-0	10	2	20
31	3	1	3-1	74	1	74
32	3	2	3-1-2	64	2	128
34	3	4	3-4	56	1	56
35	3	5	3-4-5	85	2	170
36	3	6	3-4-5-6	97	3	291
37	3	7	3-1-7	15	2	30
38	3	8	3-1-7-8	47	3	141
39	3	9	3-1-7-9	85	3	255
310	3	10	3-4-5-10	94	3	282
311	3	11	3-1-7-8-11	55	4	220
312	3	12	3-1-7-8-11-12	65	5	325
313	3	13	3-1-7-9-14-13	70	5	350
314	3	14	3-1-7-9-14	12	4	48
315	3	15	3-4-5-10-15	63	4	252
316	3	16	3-1-7-8-11-12-16	97	6	582
317	3	17	3-4-5-10-15-17	21	5	105
318	3	18	3-1-7-8-11-12-16-18	83	7	581
319	3	19	3-4-5-10-15-17-19	19	6	114
320	3	20	3-4-5-10-15-17-19-20	43	7	301
40	4	0	4-3-1-0	21	3	63
41	4	1	4-3-1	77	2	154
42	4	2	4-5-2	42	2	84
43	4	3	4-3	52	1	52
45	4	5	4-5	69	1	69
46	4	6	4-5-6	76	2	152
47	4	7	4-3-1-7	67	3	201
48	4	8	4-3-1-7-8	93	4	372
49	4	9	4-3-1-7-9	18	4	72
410	4	10	4-5-10	31	2	62
411	4	11	4-3-1-7-8-11	47	5	235
412	4	12	4-3-1-7-8-11-12	95	6	570
413	4	13	4-5-10-15-14-13	86	5	430
414	4	14	4-5-10-15-14	74	4	296
415	4	15	4-5-10-15	34	3	102
416	4	16	4-3-1-7-8-11-12-16	2	7	14
417	4	17	4-5-10-15-17	64	4	256
418	4	18	4-5-10-15-17-19-20-18	45	7	315
419	4	19	4-5-10-15-17-19	79	5	395
420	4	20	4-5-10-15-17-19-20	31	6	186
50	5	0	5-2-0	20	2	40
51	5	1	5-2-1	10	2	20
52	5	2	5-2	49	1	49
53	5	3	5-4-3	12	2	24
54	5	4	5-4	31	1	31
56	5	6	5-6	59	1	59
57	5	7	5-6-7	90	2	180
58	5	8	5-6-7-8	87	3	261
59	5	9	5-6-7-9	92	3	276
510	5	10	5-10	38	1	38
511	5	11	5-6-7-8-11	7	4	28
512	5	12	5-6-7-8-11-12	17	5	85
513	5	13	5-10-15-14-13	61	4	244
514	5	14	5-10-15-14	81	3	243
515	5	15	5-10-15	61	2	122
516	5	16	5-6-7-8-11-12-16	84	6	504
517	5	17	5-10-15-17	44	3	132
518	5	18	5-10-15-17-19-20-18	23	6	138
519	5	19	5-10-15-17-19	20	4	80
520	5	20	5-10-15-17-19-20	76	5	380
60	6	0	6-7-1-0	68	3	204
61	6	1	6-7-1	92	2	184
62	6	2	6-5-2	45	2	90
63	6	3	6-7-1-3	82	3	246
64	6	4	6-5-4	1	2	2
65	6	5	6-5	89	1	89
67	6	7	6-7	37	1	37
68	6	8	6-7-8	74	2	148
69	6	9	6-7-9	88	2	176
610	6	10	6-5-10	45	2	90
611	6	11	6-7-8-11	32	3	96
612	6	12	6-7-8-11-12	97	4	388
613	6	13	6-7-9-14-13	54	4	216
614	6	14	6-7-9-14	6	3	18
615	6	15	6-5-10-15	40	3	120
616	6	16	6-7-8-11-12-16	10	5	50
617	6	17	6-5-10-15-17	66	4	264
618	6	18	6-7-8-11-12-16-18	55	6	330
619	6	19	6-5-10-15-17-19	22	5	110
620	6	20	6-5-10-15-17-19-20	43	6	258
70	7	0	7-1-0	42	2	84
71	7	1	7-1	17	1	17
72	7	2	7-1-2	34	2	68
73	7	3	7-1-3	60	2	120
74	7	4	7-1-3-4	7	3	21
75	7	5	7-6-5	89	2	178
76	7	6	7-6	46	1	46
78	7	8	7-8	41	1	41
79	7	9	7-9	37	1	37
710	7	10	7-6-5-10	13	3	39
711	7	11	7-8-11	13	2	26
712	7	12	7-8-11-12	57	3	171
713	7	13	7-9-14-13	76	3	228
714	7	14	7-9-14	12	2	24
715	7	15	7-9-14-15	74	3	222
716	7	16	7-8-11-12-16	87	4	348
717	7	17	7-9-14-15-17	13	4	52
718	7	18	7-8-11-12-16-18	37	5	185
719	7	19	7-9-14-15-17-19	67	5	335
720	7	20	7-8-11-12-16-18-20	22	6	132
80	8	0	8-7-1-0	37	3	111
81	8	1	8-7-1	89	2	178
82	8	2	8-7-1-2	10	3	30
83	8	3	8-7-1-3	87	3	261
84	8	4	8-7-1-3-4	13	4	52
85	8	5	8-7-6-5	21	3	63
86	8	6	8-7-6	29	2	58
87	8	7	8-7	67	1	67
89	8	9	8-7-9	54	2	108
810	8	10	8-7-6-5-10	83	4	332
811	8	11	8-11	59	1	59
812	8	12	8-11-12	43	2	86
813	8	13	8-11-12-13	97	3	291
814	8	14	8-7-9-14	82	3	246
815	8	15	8-7-9-14-15	57	4	228
816	8	16	8-11-12-16	10	3	30
817	8	17	8-7-9-14-15-17	57	5	285
818	8	18	8-11-12-16-18	20	4	80
819	8	19	8-7-9-14-15-17-19	27	6	162
820	8	20	8-11-12-16-18-20	74	5	370
90	9	0	9-7-1-0	59	3	177
91	9	1	9-7-1	32	2	64
92	9	2	9-7-1-2	28	3	84
93	9	3	9-7-1-3	7	3	21
94	9	4	9-7-1-3-4	21	4	84
95	9	5	9-7-6-5	18	3	54
96	9	6	9-7-6	84	2	168
97	9	7	9-7	31	1	31
98	9	8	9-7-8	7	2	14
910	9	10	9-14-15-10	58	3	174
911	9	11	9-7-8-11	94	3	282
912	9	12	9-14-13-12	26	3	78
913	9	13	9-14-13	8	2	16
914	9	14	9-14	40	1	40
915	9	15	9-14-15	66	2	132
916	9	16	9-14-13-12-16	64	4	256
917	9	17	9-14-15-17	60	3	180
918	9	18	9-14-13-12-16-18	68	5	340
919	9	19	9-14-15-17-19	50	4	200
920	9	20	9-14-15-17-19-20	49	5	245
100	10	0	10-5-2-0	9	3	27
101	10	1	10-5-2-1	93	3	279
102	10	2	10-5-2	16	2	32
103	10	3	10-5-4-3	98	3	294
104	10	4	10-5-4	69	2	138
105	10	5	10-5	97	1	97
106	10	6	10-5-6	76	2	152
107	10	7	10-5-6-7	69	3	207
108	10	8	10-5-6-7-8	34	4	136
109	10	9	10-15-14-9	37	3	111
1011	10	11	10-15-14-13-12-11	57	5	285
1012	10	12	10-15-14-13-12	68	4	272
1013	10	13	10-15-14-13	48	3	144
1014	10	14	10-15-14	2	2	4
1015	10	15	10-15	4	1	4
1016	10	16	10-15-14-13-12-16	8	5	40
1017	10	17	10-15-17	58	2	116
1018	10	18	10-15-17-19-20-18	26	5	130
1019	10	19	10-15-17-19	12	3	36
1020	10	20	10-15-17-19-20	98	4	392
110	11	0	11-8-7-1-0	25	4	100
111	11	1	11-8-7-1	59	3	177
112	11	2	11-8-7-1-2	58	4	232
113	11	3	11-8-7-1-3	98	4	392
114	11	4	11-8-7-1-3-4	7	5	35
115	11	5	11-8-7-6-5	35	4	140
116	11	6	11-8-7-6	19	3	57
117	11	7	11-8-7	22	2	44
118	11	8	11-8	70	1	70
119	11	9	11-8-7-9	8	3	24
1110	11	10	11-12-13-14-15-10	92	5	460
1112	11	12	11-12	6	1	6
1113	11	13	11-12-13	23	2	46
1114	11	14	11-12-13-14	37	3	111
1115	11	15	11-12-13-14-15	55	4	220
1116	11	16	11-12-16	21	2	42
1117	11	17	11-12-13-14-15-17	56	5	280
1118	11	18	11-12-16-18	70	3	210
1119	11	19	11-12-16-18-20-19	8	5	40
1120	11	20	11-12-16-18-20	39	4	156
120	12	0	12-11-8-7-1-0	95	5	475
121	12	1	12-11-8-7-1	71	4	284
122	12	2	12-11-8-7-1-2	16	5	80
123	12	3	12-11-8-7-1-3	9	5	45
124	12	4	12-11-8-7-1-3-4	81	6	486
125	12	5	12-11-8-7-6-5	52	5	260
126	12	6	12-11-8-7-6	81	4	324
127	12	7	12-11-8-7	52	3	156
128	12	8	12-11-8	65	2	130
129	12	9	12-13-14-9	75	3	225
1210	12	10	12-13-14-15-10	21	4	84
1211	12	11	12-11	35	1	35
1213	12	13	12-13	62	1	62
1214	12	14	12-13-14	80	2	160
1215	12	15	12-13-14-15	45	3	135
1216	12	16	12-16	33	1	33
1217	12	17	12-13-14-15-17	98	4	392
1218	12	18	12-16-18	27	2	54
1219	12	19	12-16-18-20-19	55	4	220
1220	12	20	12-16-18-20	53	3	159
130	13	0	13-14-9-7-1-0	90	5	450
131	13	1	13-14-9-7-1	32	4	128
132	13	2	13-14-9-7-1-2	33	5	165
133	13	3	13-14-9-7-1-3	48	5	240
134	13	4	13-14-15-10-5-4	20	5	100
135	13	5	13-14-15-10-5	38	4	152
136	13	6	13-14-9-7-6	57	4	228
137	13	7	13-14-9-7	34	3	102
138	13	8	13-12-11-8	72	3	216
139	13	9	13-14-9	39	2	78
1310	13	10	13-14-15-10	87	3	261
1311	13	11	13-12-11	46	2	92
1312	13	12	13-12	34	1	34
1314	13	14	13-14	91	1	91
1315	13	15	13-14-15	24	2	48
1316	13	16	13-12-16	16	2	32
1317	13	17	13-14-15-17	36	3	108
1318	13	18	13-12-16-18	61	3	183
1319	13	19	13-14-15-17-19	40	4	160
1320	13	20	13-12-16-18-20	72	4	288
140	14	0	14-9-7-1-0	83	4	332
141	14	1	14-9-7-1	68	3	204
142	14	2	14-9-7-1-2	66	4	264
143	14	3	14-9-7-1-3	66	4	264
144	14	4	14-15-10-5-4	50	4	200
145	14	5	14-15-10-5	35	3	105
146	14	6	14-9-7-6	47	3	141
147	14	7	14-9-7	61	2	122
148	14	8	14-9-7-8	83	3	249
149	14	9	14-9	13	1	13
1410	14	10	14-15-10	73	2	146
1411	14	11	14-13-12-11	33	3	99
1412	14	12	14-13-12	38	2	76
1413	14	13	14-13	0	1	0
1415	14	15	14-15	54	1	54
1416	14	16	14-13-12-16	83	3	249
1417	14	17	14-15-17	30	2	60
1418	14	18	14-13-12-16-18	11	4	44
1419	14	19	14-15-17-19	82	3	246
1420	14	20	14-15-17-19-20	77	4	308
150	15	0	15-10-5-2-0	10	4	40
151	15	1	15-10-5-2-1	22	4	88
152	15	2	15-10-5-2	17	3	51
153	15	3	15-10-5-4-3	37	4	148
154	15	4	15-10-5-4	68	3	204
155	15	5	15-10-5	35	2	70
156	15	6	15-10-5-6	44	3	132
157	15	7	15-14-9-7	91	3	273
158	15	8	15-14-9-7-8	13	4	52
159	15	9	15-14-9	81	2	162
1510	15	10	15-10	54	1	54
1511	15	11	15-14-13-12-11	51	4	204
1512	15	12	15-14-13-12	87	3	261
1513	15	13	15-14-13	79	2	158
1514	15	14	15-14	77	1	77
1516	15	16	15-14-13-12-16	31	4	124
1517	15	17	15-17	13	1	13
1518	15	18	15-17-19-20-18	77	4	308
1519	15	19	15-17-19	8	2	16
1520	15	20	15-17-19-20	90	3	270
160	16	0	16-12-11-8-7-1-0	17	6	102
161	16	1	16-12-11-8-7-1	9	5	45
162	16	2	16-12-11-8-7-1-2	67	6	402
163	16	3	16-12-11-8-7-1-3	95	6	570
164	16	4	16-12-11-8-7-1-3-4	69	7	483
165	16	5	16-12-11-8-7-6-5	70	6	420
166	16	6	16-12-11-8-7-6	12	5	60
167	16	7	16-12-11-8-7	5	4	20
168	16	8	16-12-11-8	71	3	213
169	16	9	16-12-13-14-9	7	4	28
1610	16	10	16-12-13-14-15-10	23	5	115
1611	16	11	16-12-11	55	2	110
1612	16	12	16-12	18	1	18
1613	16	13	16-12-13	8	2	16
1614	16	14	16-12-13-14	39	3	117
1615	16	15	16-12-13-14-15	73	4	292
1617	16	17	16-18-20-19-17	20	4	80
1618	16	18	16-18	14	1	14
1619	16	19	16-18-20-19	88	3	264
1620	16	20	16-18-20	39	2	78
170	17	0	17-15-10-5-2-0	1	5	5
171	17	1	17-15-10-5-2-1	38	5	190
172	17	2	17-15-10-5-2	54	4	216
173	17	3	17-15-10-5-4-3	78	5	390
174	17	4	17-15-10-5-4	63	4	252
175	17	5	17-15-10-5	66	3	198
176	17	6	17-15-10-5-6	59	4	236
177	17	7	17-15-14-9-7	62	4	248
178	17	8	17-15-14-9-7-8	8	5	40
179	17	9	17-15-14-9	54	3	162
1710	17	10	17-15-10	63	2	126
1711	17	11	17-15-14-13-12-11	0	5	0
1712	17	12	17-15-14-13-12	87	4	348
1713	17	13	17-15-14-13	8	3	24
1714	17	14	17-15-14	84	2	168
1715	17	15	17-15	2	1	2
1716	17	16	17-19-20-18-16	71	4	284
1718	17	18	17-19-20-18	82	3	246
1719	17	19	17-19	70	1	70
1720	17	20	17-19-20	50	2	100
180	18	0	18-16-12-11-8-7-1-0	62	7	434
181	18	1	18-16-12-11-8-7-1	1	6	6
182	18	2	18-16-12-11-8-7-1-2	77	7	539
183	18	3	18-16-12-11-8-7-1-3	89	7	623
184	18	4	18-20-19-17-15-10-5-4	26	7	182
185	18	5	18-20-19-17-15-10-5	0	6	0
186	18	6	18-16-12-11-8-7-6	49	6	294
187	18	7	18-16-12-11-8-7	82	5	410
188	18	8	18-16-12-11-8	93	4	372
189	18	9	18-16-12-13-14-9	81	5	405
1810	18	10	18-20-19-17-15-10	20	5	100
1811	18	11	18-16-12-11	8	3	24
1812	18	12	18-16-12	15	2	30
1813	18	13	18-16-12-13	94	3	282
1814	18	14	18-16-12-13-14	15	4	60
1815	18	15	18-20-19-17-15	59	4	236
1816	18	16	18-16	20	1	20
1817	18	17	18-20-19-17	66	3	198
1819	18	19	18-20-19	33	2	66
1820	18	20	18-20	37	1	37
190	19	0	19-17-15-10-5-2-0	51	6	306
191	19	1	19-17-15-10-5-2-1	56	6	336
192	19	2	19-17-15-10-5-2	50	5	250
193	19	3	19-17-15-10-5-4-3	51	6	306
194	19	4	19-17-15-10-5-4	10	5	50
195	19	5	19-17-15-10-5	56	4	224
196	19	6	19-17-15-10-5-6	96	5	480
197	19	7	19-17-15-14-9-7	87	5	435
198	19	8	19-20-18-16-12-11-8	56	6	336
199	19	9	19-17-15-14-9	52	4	208
1910	19	10	19-17-15-10	94	3	282
1911	19	11	19-20-18-16-12-11	89	5	445
1912	19	12	19-20-18-16-12	25	4	100
1913	19	13	19-17-15-14-13	23	4	92
1914	19	14	19-17-15-14	59	3	177
1915	19	15	19-17-15	95	2	190
1916	19	16	19-20-18-16	80	3	240
1917	19	17	19-17	9	1	9
1918	19	18	19-20-18	43	2	86
1920	19	20	19-20	23	1	23
200	20	0	20-19-17-15-10-5-2-0	34	7	238
201	20	1	20-19-17-15-10-5-2-1	52	7	364
202	20	2	20-19-17-15-10-5-2	54	6	324
203	20	3	20-19-17-15-10-5-4-3	0	7	0
204	20	4	20-19-17-15-10-5-4	62	6	372
205	20	5	20-19-17-15-10-5	6	5	30
206	20	6	20-19-17-15-10-5-6	10	6	60
207	20	7	20-18-16-12-11-8-7	1	6	6
208	20	8	20-18-16-12-11-8	88	5	440
209	20	9	20-19-17-15-14-9	79	5	395
2010	20	10	20-19-17-15-10	74	4	296
2011	20	11	20-18-16-12-11	2	4	8
2012	20	12	20-18-16-12	1	3	3
2013	20	13	20-18-16-12-13	90	4	360
2014	20	14	20-19-17-15-14	14	4	56
2015	20	15	20-19-17-15	57	3	171
2016	20	16	20-18-16	81	2	162
2017	20	17	20-19-17	75	2	150
2018	20	18	20-18	52	1	52
2019	20	19	20-19	43	1	43
