0 7200 7200 7200 7200 7200 7200 7200 7200 7200 7200 7200 7200 7200 7200 7200 7200 7200 7200
7200 0 7200 7200 7200 7200 7200 7200 7200 7200 7200 7200 7200 7200 7200 7200 7200 7200 7200
7200 7200 0 7200 7200 7200 7200 7200 7200 7200 7200 7200 7200 7200 7200 7200 7200 7200 7200
7200 7200 7200 0 7200 7200 7200 7200 7200 7200 7200 7200 7200 7200 7200 7200 7200 7200 7200
7200 7200 7200 7200 0 7200 7200 7200 7200 7200 7200 7200 7200 7200 7200 7200 7200 7200 7200
7200 7200 7200 7200 7200 0 7200 7200 7200 7200 7200 7200 7200 7200 7200 7200 7200 7200 7200
7200 7200 7200 7200 7200 7200 0 7200 7200 7200 7200 7200 7200 7200 7200 7200 7200 7200 7200
7200 7200 7200 7200 7200 7200 7200 0 7200 7200 7200 7200 7200 7200 7200 7200 7200 7200 7200
7200 7200 7200 7200 7200 7200 7200 7200 0 7200 7200 7200 7200 7200 7200 7200 7200 7200 7200
7200 7200 7200 7200 7200 7200 7200 7200 7200 0 7200 7200 7200 7200 7200 7200 7200 7200 7200
7200 7200 7200 7200 7200 7200 7200 7200 7200 7200 0 7200 7200 7200 7200 7200 7200 7200 7200
7200 7200 7200 7200 7200 7200 7200 7200 7200 7200 7200 0 7200 7200 7200 7200 7200 7200 7200
7200 7200 7200 7200 7200 7200 7200 7200 7200 7200 7200 7200 0 7200 7200 7200 7200 7200 7200
7200 7200 7200 7200 7200 7200 7200 7200 7200 7200 7200 7200 7200 0 7200 7200 7200 7200 7200
7200 7200 7200 7200 7200 7200 7200 7200 7200 7200 7200 7200 7200 7200 0 7200 7200 7200 7200
7200 7200 7200 7200 7200 7200 7200 7200 7200 7200 7200 7200 7200 7200 7200 0 7200 7200 7200
7200 7200 7200 7200 7200 7200 7200 7200 7200 7200 7200 7200 7200 7200 7200 7200 0 7200 7200
7200 7200 7200 7200 7200 7200 7200 7200 7200 7200 7200 7200 7200 7200 7200 7200 7200 0 7200
7200 7200 7200 7200 7200 7200 7200 7200 7200 7200 7200 7200 7200 7200 7200 7200 7200 7200 0
