01	0	1	0-1	150	1	150
02	0	2	0-2	150	1	150
03	0	3	0-1-3	150	2	300
04	0	4	0-1-3-4	150	3	450
05	0	5	0-2-5	150	2	300
06	0	6	0-2-5-6	150	3	450
07	0	7	0-1-7	150	2	300
08	0	8	0-1-7-8	150	3	450
09	0	9	0-1-7-9	150	3	450
010	0	10	0-2-5-10	150	3	450
011	0	11	0-1-7-8-11	150	4	600
012	0	12	0-1-7-8-11-12	150	5	750
013	0	13	0-1-7-9-14-13	150	5	750
014	0	14	0-1-7-9-14	150	4	600
015	0	15	0-2-5-10-15	150	4	600
016	0	16	0-1-7-8-11-12-16	150	6	900
017	0	17	0-2-5-10-15-17	150	5	750
018	0	18	0-1-7-8-11-12-16-18	150	7	1050
019	0	19	0-2-5-10-15-17-19	150	6	900
020	0	20	0-2-5-10-15-17-19-20	150	7	1050
10	1	0	1-0	150	1	150
12	1	2	1-2	150	1	150
13	1	3	1-3	150	1	150
14	1	4	1-3-4	150	2	300
15	1	5	1-2-5	150	2	300
16	1	6	1-7-6	150	2	300
17	1	7	1-7	150	1	150
18	1	8	1-7-8	150	2	300
19	1	9	1-7-9	150	2	300
110	1	10	1-2-5-10	150	3	450
111	1	11	1-7-8-11	150	3	450
112	1	12	1-7-8-11-12	150	4	600
113	1	13	1-7-9-14-13	150	4	600
114	1	14	1-7-9-14	150	3	450
115	1	15	1-7-9-14-15	150	4	600
116	1	16	1-7-8-11-12-16	150	5	750
117	1	17	1-7-9-14-15-17	150	5	750
118	1	18	1-7-8-11-12-16-18	150	6	900
119	1	19	1-7-9-14-15-17-19	150	6	900
120	1	20	1-7-8-11-12-16-18-20	150	7	1050
20	2	0	2-0	150	1	150
21	2	1	2-1	150	1	150
23	2	3	2-1-3	150	2	300
24	2	4	2-5-4	150	2	300
25	2	5	2-5	150	1	150
26	2	6	2-5-6	150	2	300
27	2	7	2-1-7	150	2	300
28	2	8	2-1-7-8	150	3	450
29	2	9	2-1-7-9	150	3	450
210	2	10	2-5-10	150	2	300
211	2	11	2-1-7-8-11	150	4	600
212	2	12	2-1-7-8-11-12	150	5	750
213	2	13	2-5-10-15-14-13	150	5	750
214	2	14	2-5-10-15-14	150	4	600
215	2	15	2-5-10-15	150	3	450
216	2	16	2-1-7-8-11-12-16	150	6	900
217	2	17	2-5-10-15-17	150	4	600
218	2	18	2-1-7-8-11-12-16-18	150	7	1050
219	2	19	2-5-10-15-17-19	150	5	750
220	2	20	2-5-10-15-17-19-20	150	6	900
30	3	0	3-1-0	150	2	300
31	3	1	3-1	150	1	150
32	3	2	3-1-2	150	2	300
34	3	4	3-4	150	1	150
35	3	5	3-4-5	150	2	300
36	3	6	3-4-5-6	150	3	450
37	3	7	3-1-7	150	2	300
38	3	8	3-1-7-8	150	3	450
39	3	9	3-1-7-9	150	3	450
310	3	10	3-4-5-10	150	3	450
311	3	11	3-1-7-8-11	150	4	600
312	3	12	3-1-7-8-11-12	150	5	750
313	3	13	3-1-7-9-14-13	150	5	750
314	3	14	3-1-7-9-14	150	4	600
315	3	15	3-4-5-10-15	150	4	600
316	3	16	3-1-7-8-11-12-16	150	6	900
317	3	17	3-4-5-10-15-17	150	5	750
318	3	18	3-1-7-8-11-12-16-18	150	7	1050
319	3	19	3-4-5-10-15-17-19	150	6	900
320	3	20	3-4-5-10-15-17-19-20	150	7	1050
40	4	0	4-3-1-0	150	3	450
41	4	1	4-3-1	150	2	300
42	4	2	4-5-2	150	2	300
43	4	3	4-3	150	1	150
45	4	5	4-5	150	1	150
46	4	6	4-5-6	150	2	300
47	4	7	4-3-1-7	150	3	450
48	4	8	4-3-1-7-8	150	4	600
49	4	9	4-3-1-7-9	150	4	600
410	4	10	4-5-10	150	2	300
411	4	11	4-3-1-7-8-11	150	5	750
412	4	12	4-3-1-7-8-11-12	150	6	900
413	4	13	4-5-10-15-14-13	150	5	750
414	4	14	4-5-10-15-14	150	4	600
415	4	15	4-5-10-15	150	3	450
416	4	16	4-3-1-7-8-11-12-16	150	7	1050
417	4	17	4-5-10-15-17	150	4	600
418	4	18	4-5-10-15-17-19-20-18	150	7	1050
419	4	19	4-5-10-15-17-19	150	5	750
420	4	20	4-5-10-15-17-19-20	150	6	900
50	5	0	5-2-0	150	2	300
51	5	1	5-2-1	150	2	300
52	5	2	5-2	150	1	150
53	5	3	5-4-3	150	2	300
54	5	4	5-4	150	1	150
56	5	6	5-6	150	1	150
57	5	7	5-6-7	150	2	300
58	5	8	5-6-7-8	150	3	450
59	5	9	5-6-7-9	150	3	450
510	5	10	5-10	150	1	150
511	5	11	5-6-7-8-11	150	4	600
512	5	12	5-6-7-8-11-12	150	5	750
513	5	13	5-10-15-14-13	150	4	600
514	5	14	5-10-15-14	150	3	450
515	5	15	5-10-15	150	2	300
516	5	16	5-6-7-8-11-12-16	150	6	900
517	5	17	5-10-15-17	150	3	450
518	5	18	5-10-15-17-19-20-18	150	6	900
519	5	19	5-10-15-17-19	150	4	600
520	5	20	5-10-15-17-19-20	150	5	750
60	6	0	6-7-1-0	150	3	450
61	6	1	6-7-1	150	2	300
62	6	2	6-5-2	150	2	300
63	6	3	6-7-1-3	150	3	450
64	6	4	6-5-4	150	2	300
65	6	5	6-5	150	1	150
67	6	7	6-7	150	1	150
68	6	8	6-7-8	150	2	300
69	6	9	6-7-9	150	2	300
610	6	10	6-5-10	150	2	300
611	6	11	6-7-8-11	150	3	450
612	6	12	6-7-8-11-12	150	4	600
613	6	13	6-7-9-14-13	150	4	600
614	6	14	6-7-9-14	150	3	450
615	6	15	6-5-10-15	150	3	450
616	6	16	6-7-8-11-12-16	150	5	750
617	6	17	6-5-10-15-17	150	4	600
618	6	18	6-7-8-11-12-16-18	150	6	900
619	6	19	6-5-10-15-17-19	150	5	750
620	6	20	6-5-10-15-17-19-20	150	6	900
70	7	0	7-1-0	150	2	300
71	7	1	7-1	150	1	150
72	7	2	7-1-2	150	2	300
73	7	3	7-1-3	150	2	300
74	7	4	7-1-3-4	150	3	450
75	7	5	7-6-5	150	2	300
76	7	6	7-6	150	1	150
78	7	8	7-8	150	1	150
79	7	9	7-9	150	1	150
710	7	10	7-6-5-10	150	3	450
711	7	11	7-8-11	150	2	300
712	7	12	7-8-11-12	150	3	450
713	7	13	7-9-14-13	150	3	450
714	7	14	7-9-14	150	2	300
715	7	15	7-9-14-15	150	3	450
716	7	16	7-8-11-12-16	150	4	600
717	7	17	7-9-14-15-17	150	4	600
718	7	18	7-8-11-12-16-18	150	5	750
719	7	19	7-9-14-15-17-19	150	5	750
720	7	20	7-8-11-12-16-18-20	150	6	900
80	8	0	8-7-1-0	150	3	450
81	8	1	8-7-1	150	2	300
82	8	2	8-7-1-2	150	3	450
83	8	3	8-7-1-3	150	3	450
84	8	4	8-7-1-3-4	150	4	600
85	8	5	8-7-6-5	150	3	450
86	8	6	8-7-6	150	2	300
87	8	7	8-7	150	1	150
89	8	9	8-7-9	150	2	300
810	8	10	8-7-6-5-10	150	4	600
811	8	11	8-11	150	1	150
812	8	12	8-11-12	150	2	300
813	8	13	8-11-12-13	150	3	450
814	8	14	8-7-9-14	150	3	450
815	8	15	8-7-9-14-15	150	4	600
816	8	16	8-11-12-16	150	3	450
817	8	17	8-7-9-14-15-17	150	5	750
818	8	18	8-11-12-16-18	150	4	600
819	8	19	8-7-9-14-15-17-19	150	6	900
820	8	20	8-11-12-16-18-20	150	5	750
90	9	0	9-7-1-0	150	3	450
91	9	1	9-7-1	150	2	300
92	9	2	9-7-1-2	150	3	450
93	9	3	9-7-1-3	150	3	450
94	9	4	9-7-1-3-4	150	4	600
95	9	5	9-7-6-5	150	3	450
96	9	6	9-7-6	150	2	300
97	9	7	9-7	150	1	150
98	9	8	9-7-8	150	2	300
910	9	10	9-14-15-10	150	3	450
911	9	11	9-7-8-11	150	3	450
912	9	12	9-14-13-12	150	3	450
913	9	13	9-14-13	150	2	300
914	9	14	9-14	150	1	150
915	9	15	9-14-15	150	2	300
916	9	16	9-14-13-12-16	150	4	600
917	9	17	9-14-15-17	150	3	450
918	9	18	9-14-13-12-16-18	150	5	750
919	9	19	9-14-15-17-19	150	4	600
920	9	20	9-14-15-17-19-20	150	5	750
100	10	0	10-5-2-0	150	3	450
101	10	1	10-5-2-1	150	3	450
102	10	2	10-5-2	150	2	300
103	10	3	10-5-4-3	150	3	450
104	10	4	10-5-4	150	2	300
105	10	5	10-5	150	1	150
106	10	6	10-5-6	150	2	300
107	10	7	10-5-6-7	150	3	450
108	10	8	10-5-6-7-8	150	4	600
109	10	9	10-15-14-9	150	3	450
1011	10	11	10-15-14-13-12-11	150	5	750
1012	10	12	10-15-14-13-12	150	4	600
1013	10	13	10-15-14-13	150	3	450
1014	10	14	10-15-14	150	2	300
1015	10	15	10-15	150	1	150
1016	10	16	10-15-14-13-12-16	150	5	750
1017	10	17	10-15-17	150	2	300
1018	10	18	10-15-17-19-20-18	150	5	750
1019	10	19	10-15-17-19	150	3	450
1020	10	20	10-15-17-19-20	150	4	600
110	11	0	11-8-7-1-0	150	4	600
111	11	1	11-8-7-1	150	3	450
112	11	2	11-8-7-1-2	150	4	600
113	11	3	11-8-7-1-3	150	4	600
114	11	4	11-8-7-1-3-4	150	5	750
115	11	5	11-8-7-6-5	150	4	600
116	11	6	11-8-7-6	150	3	450
117	11	7	11-8-7	150	2	300
118	11	8	11-8	150	1	150
119	11	9	11-8-7-9	150	3	450
1110	11	10	11-12-13-14-15-10	150	5	750
1112	11	12	11-12	150	1	150
1113	11	13	11-12-13	150	2	300
1114	11	14	11-12-13-14	150	3	450
1115	11	15	11-12-13-14-15	150	4	600
1116	11	16	11-12-16	150	2	300
1117	11	17	11-12-13-14-15-17	150	5	750
1118	11	18	11-12-16-18	150	3	450
1119	11	19	11-12-16-18-20-19	150	5	750
1120	11	20	11-12-16-18-20	150	4	600
120	12	0	12-11-8-7-1-0	150	5	750
121	12	1	12-11-8-7-1	150	4	600
122	12	2	12-11-8-7-1-2	150	5	750
123	12	3	12-11-8-7-1-3	150	5	750
124	12	4	12-11-8-7-1-3-4	150	6	900
125	12	5	12-11-8-7-6-5	150	5	750
126	12	6	12-11-8-7-6	150	4	600
127	12	7	12-11-8-7	150	3	450
128	12	8	12-11-8	150	2	300
129	12	9	12-13-14-9	150	3	450
1210	12	10	12-13-14-15-10	150	4	600
1211	12	11	12-11	150	1	150
1213	12	13	12-13	150	1	150
1214	12	14	12-13-14	150	2	300
1215	12	15	12-13-14-15	150	3	450
1216	12	16	12-16	150	1	150
1217	12	17	12-13-14-15-17	150	4	600
1218	12	18	12-16-18	150	2	300
1219	12	19	12-16-18-20-19	150	4	600
1220	12	20	12-16-18-20	150	3	450
130	13	0	13-14-9-7-1-0	150	5	750
131	13	1	13-14-9-7-1	150	4	600
132	13	2	13-14-9-7-1-2	150	5	750
133	13	3	13-14-9-7-1-3	150	5	750
134	13	4	13-14-15-10-5-4	150	5	750
135	13	5	13-14-15-10-5	150	4	600
136	13	6	13-14-9-7-6	150	4	600
137	13	7	13-14-9-7	150	3	450
138	13	8	13-12-11-8	150	3	450
139	13	9	13-14-9	150	2	300
1310	13	10	13-14-15-10	150	3	450
1311	13	11	13-12-11	150	2	300
1312	13	12	13-12	150	1	150
1314	13	14	13-14	150	1	150
1315	13	15	13-14-15	150	2	300
1316	13	16	13-12-16	150	2	300
1317	13	17	13-14-15-17	150	3	450
1318	13	18	13-12-16-18	150	3	450
1319	13	19	13-14-15-17-19	150	4	600
1320	13	20	13-12-16-18-20	150	4	600
140	14	0	14-9-7-1-0	150	4	600
141	14	1	14-9-7-1	150	3	450
142	14	2	14-9-7-1-2	150	4	600
143	14	3	14-9-7-1-3	150	4	600
144	14	4	14-15-10-5-4	150	4	600
145	14	5	14-15-10-5	150	3	450
146	14	6	14-9-7-6	150	3	450
147	14	7	14-9-7	150	2	300
148	14	8	14-9-7-8	150	3	450
149	14	9	14-9	150	1	150
1410	14	10	14-15-10	150	2	300
1411	14	11	14-13-12-11	150	3	450
1412	14	12	14-13-12	150	2	300
1413	14	13	14-13	150	1	150
1415	14	15	14-15	150	1	150
1416	14	16	14-13-12-16	150	3	450
1417	14	17	14-15-17	150	2	300
1418	14	18	14-13-12-16-18	150	4	600
1419	14	19	14-15-17-19	150	3	450
1420	14	20	14-15-17-19-20	150	4	600
150	15	0	15-10-5-2-0	150	4	600
151	15	1	15-10-5-2-1	150	4	600
152	15	2	15-10-5-2	150	3	450
153	15	3	15-10-5-4-3	150	4	600
154	15	4	15-10-5-4	150	3	450
155	15	5	15-10-5	150	2	300
156	15	6	15-10-5-6	150	3	450
157	15	7	15-14-9-7	150	3	450
158	15	8	15-14-9-7-8	150	4	600
159	15	9	15-14-9	150	2	300
1510	15	10	15-10	150	1	150
1511	15	11	15-14-13-12-11	150	4	600
1512	15	12	15-14-13-12	150	3	450
1513	15	13	15-14-13	150	2	300
1514	15	14	15-14	150	1	150
1516	15	16	15-14-13-12-16	150	4	600
1517	15	17	15-17	150	1	150
1518	15	18	15-17-19-20-18	150	4	600
1519	15	19	15-17-19	150	2	300
1520	15	20	15-17-19-20	150	3	450
160	16	0	16-12-11-8-7-1-0	150	6	900
161	16	1	16-12-11-8-7-1	150	5	750
162	16	2	16-12-11-8-7-1-2	150	6	900
163	16	3	16-12-11-8-7-1-3	150	6	900
164	16	4	16-12-11-8-7-1-3-4	150	7	1050
165	16	5	16-12-11-8-7-6-5	150	6	900
166	16	6	16-12-11-8-7-6	150	5	750
167	16	7	16-12-11-8-7	150	4	600
168	16	8	16-12-11-8	150	3	450
169	16	9	16-12-13-14-9	150	4	600
1610	16	10	16-12-13-14-15-10	150	5	750
1611	16	11	16-12-11	150	2	300
1612	16	12	16-12	150	1	150
1613	16	13	16-12-13	150	2	300
1614	16	14	16-12-13-14	150	3	450
1615	16	15	16-12-13-14-15	150	4	600
1617	16	17	16-18-20-19-17	150	4	600
1618	16	18	16-18	150	1	150
1619	16	19	16-18-20-19	150	3	450
1620	16	20	16-18-20	150	2	300
170	17	0	17-15-10-5-2-0	150	5	750
171	17	1	17-15-10-5-2-1	150	5	750
172	17	2	17-15-10-5-2	150	4	600
173	17	3	17-15-10-5-4-3	150	5	750
174	17	4	17-15-10-5-4	150	4	600
175	17	5	17-15-10-5	150	3	450
176	17	6	17-15-10-5-6	150	4	600
177	17	7	17-15-14-9-7	150	4	600
178	17	8	17-15-14-9-7-8	150	5	750
179	17	9	17-15-14-9	150	3	450
1710	17	10	17-15-10	150	2	300
1711	17	11	17-15-14-13-12-11	150	5	750
1712	17	12	17-15-14-13-12	150	4	600
1713	17	13	17-15-14-13	150	3	450
1714	17	14	17-15-14	150	2	300
1715	17	15	17-15	150	1	150
1716	17	16	17-19-20-18-16	150	4	600
1718	17	18	17-19-20-18	150	3	450
1719	17	19	17-19	150	1	150
1720	17	20	17-19-20	150	2	300
180	18	0	18-16-12-11-8-7-1-0	150	7	1050
181	18	1	18-16-12-11-8-7-1	150	6	900
182	18	2	18-16-12-11-8-7-1-2	150	7	1050
183	18	3	18-16-12-11-8-7-1-3	150	7	1050
184	18	4	18-20-19-17-15-10-5-4	150	7	1050
185	18	5	18-20-19-17-15-10-5	150	6	900
186	18	6	18-16-12-11-8-7-6	150	6	900
187	18	7	18-16-12-11-8-7	150	5	750
188	18	8	18-16-12-11-8	150	4	600
189	18	9	18-16-12-13-14-9	150	5	750
1810	18	10	18-20-19-17-15-10	150	5	750
1811	18	11	18-16-12-11	150	3	450
1812	18	12	18-16-12	150	2	300
1813	18	13	18-16-12-13	150	3	450
1814	18	14	18-16-12-13-14	150	4	600
1815	18	15	18-20-19-17-15	150	4	600
1816	18	16	18-16	150	1	150
1817	18	17	18-20-19-17	150	3	450
1819	18	19	18-20-19	150	2	300
1820	18	20	18-20	150	1	150
190	19	0	19-17-15-10-5-2-0	150	6	900
191	19	1	19-17-15-10-5-2-1	150	6	900
192	19	2	19-17-15-10-5-2	150	5	750
193	19	3	19-17-15-10-5-4-3	150	6	900
194	19	4	19-17-15-10-5-4	150	5	750
195	19	5	19-17-15-10-5	150	4	600
196	19	6	19-17-15-10-5-6	150	5	750
197	19	7	19-17-15-14-9-7	150	5	750
198	19	8	19-20-18-16-12-11-8	150	6	900
199	19	9	19-17-15-14-9	150	4	600
1910	19	10	19-17-15-10	150	3	450
1911	19	11	19-20-18-16-12-11	150	5	750
1912	19	12	19-20-18-16-12	150	4	600
1913	19	13	19-17-15-14-13	150	4	600
1914	19	14	19-17-15-14	150	3	450
1915	19	15	19-17-15	150	2	300
1916	19	16	19-20-18-16	150	3	450
1917	19	17	19-17	150	1	150
1918	19	18	19-20-18	150	2	300
1920	19	20	19-20	150	1	150
200	20	0	20-19-17-15-10-5-2-0	150	7	1050
201	20	1	20-19-17-15-10-5-2-1	150	7	1050
202	20	2	20-19-17-15-10-5-2	150	6	900
203	20	3	20-19-17-15-10-5-4-3	150	7	1050
204	20	4	20-19-17-15-10-5-4	150	6	900
205	20	5	20-19-17-15-10-5	150	5	750
206	20	6	20-19-17-15-10-5-6	150	6	900
207	20	7	20-18-16-12-11-8-7	150	6	900
208	20	8	20-18-16-12-11-8	150	5	750
209	20	9	20-19-17-15-14-9	150	5	750
2010	20	10	20-19-17-15-10	150	4	600
2011	20	11	20-18-16-12-11	150	4	600
2012	20	12	20-18-16-12	150	3	450
2013	20	13	20-18-16-12-13	150	4	600
2014	20	14	20-19-17-15-14	150	4	600
2015	20	15	20-19-17-15	150	3	450
2016	20	16	20-18-16	150	2	300
2017	20	17	20-19-17	150	2	300
2018	20	18	20-18	150	1	150
2019	20	19	20-19	150	1	150
