01	0	1	0-1	50	1	50
01	0	1	0-5-4-1	50	3	150
01	0	1	0-5-4-3-2-1	50	5	250
02	0	2	0-1-2	50	2	100
02	0	2	0-5-4-1-2	50	4	200
02	0	2	0-5-4-3-2	50	4	200
03	0	3	0-1-2-3	50	3	150
03	0	3	0-5-4-3	50	3	150
03	0	3	0-1-4-3	50	3	150
04	0	4	0-1-4	50	2	100
04	0	4	0-5-4	50	2	100
04	0	4	0-1-2-3-4	50	4	200
05	0	5	0-5	50	1	50
05	0	5	0-1-4-5	50	3	150
05	0	5	0-1-2-3-4-5	50	5	250
10	1	0	1-0	50	1	50
10	1	0	1-4-5-0	50	3	150
10	1	0	1-2-3-4-5-0	50	5	250
12	1	2	1-2	50	1	50
12	1	2	1-4-3-2	50	3	150
12	1	2	1-0-5-4-3-2	50	5	250
13	1	3	1-2-3	50	2	100
13	1	3	1-4-3	50	2	100
13	1	3	1-0-5-4-3	50	4	200
14	1	4	1-4	50	1	50
14	1	4	1-2-3-4	50	3	150
14	1	4	1-0-5-4	50	3	150
15	1	5	1-0-5	50	2	100
15	1	5	1-4-5	50	2	100
15	1	5	1-2-3-4-5	50	4	200
20	2	0	2-1-0	50	2	100
20	2	0	2-3-4-1-0	50	4	200
20	2	0	2-3-4-5-0	50	4	200
21	2	1	2-1	50	1	50
21	2	1	2-3-4-1	50	3	150
21	2	1	2-3-4-5-0-1	50	5	250
23	2	3	2-3	50	1	50
23	2	3	2-1-4-3	50	3	150
23	2	3	2-1-0-5-4-3	50	5	250
24	2	4	2-1-4	50	2	100
24	2	4	2-3-4	50	2	100
24	2	4	2-1-0-5-4	50	4	200
25	2	5	2-1-0-5	50	3	150
25	2	5	2-3-4-5	50	3	150
25	2	5	2-1-4-5	50	3	150
30	3	0	3-2-1-0	50	3	150
30	3	0	3-4-5-0	50	3	150
30	3	0	3-4-1-0	50	3	150
31	3	1	3-2-1	50	2	100
31	3	1	3-4-1	50	2	100
31	3	1	3-4-5-0-1	50	4	200
32	3	2	3-2	50	1	50
32	3	2	3-4-1-2	50	3	150
32	3	2	3-4-5-0-1-2	50	5	250
34	3	4	3-4	50	1	50
34	3	4	3-2-1-4	50	3	150
34	3	4	3-2-1-0-5-4	50	5	250
35	3	5	3-4-5	50	2	100
35	3	5	3-2-1-0-5	50	4	200
35	3	5	3-2-1-4-5	50	4	200
40	4	0	4-1-0	50	2	100
40	4	0	4-5-0	50	2	100
40	4	0	4-3-2-1-0	50	4	200
41	4	1	4-1	50	1	50
41	4	1	4-5-0-1	50	3	150
41	4	1	4-3-2-1	50	3	150
42	4	2	4-1-2	50	2	100
42	4	2	4-3-2	50	2	100
42	4	2	4-5-0-1-2	50	4	200
43	4	3	4-3	50	1	50
43	4	3	4-1-2-3	50	3	150
43	4	3	4-5-0-1-2-3	50	5	250
45	4	5	4-5	50	1	50
45	4	5	4-1-0-5	50	3	150
45	4	5	4-3-2-1-0-5	50	5	250
50	5	0	5-0	50	1	50
50	5	0	5-4-1-0	50	3	150
50	5	0	5-4-3-2-1-0	50	5	250
51	5	1	5-0-1	50	2	100
51	5	1	5-4-1	50	2	100
51	5	1	5-4-3-2-1	50	4	200
52	5	2	5-0-1-2	50	3	150
52	5	2	5-4-3-2	50	3	150
52	5	2	5-4-1-2	50	3	150
53	5	3	5-4-3	50	2	100
53	5	3	5-0-1-2-3	50	4	200
53	5	3	5-0-1-4-3	50	4	200
54	5	4	5-4	50	1	50
54	5	4	5-0-1-4	50	3	150
54	5	4	5-0-1-2-3-4	50	5	250
