01	0	1	0-1	52	1	52
01	0	1	0-2-1	52	2	104
02	0	2	0-2	113	1	113
02	0	2	0-1-2	113	2	226
03	0	3	0-1-3	186	2	372
03	0	3	0-2-1-3	186	3	558
04	0	4	0-1-3-4	15	3	45
04	0	4	0-2-5-4	15	3	45
05	0	5	0-2-5	108	2	216
05	0	5	0-1-2-5	108	3	324
06	0	6	0-2-5-6	130	3	390
06	0	6	0-1-7-6	130	3	390
07	0	7	0-1-7	62	2	124
07	0	7	0-2-1-7	62	3	186
08	0	8	0-1-7-8	62	3	186
08	0	8	0-2-1-7-8	62	4	248
09	0	9	0-1-7-9	123	3	369
09	0	9	0-2-1-7-9	123	4	492
010	0	10	0-2-5-10	49	3	147
010	0	10	0-1-2-5-10	49	4	196
011	0	11	0-1-7-8-11	5	4	20
011	0	11	0-2-1-7-8-11	5	5	25
012	0	12	0-1-7-8-11-12	3	5	15
012	0	12	0-2-1-7-8-11-12	3	6	18
013	0	13	0-1-7-9-14-13	39	5	195
013	0	13	0-1-7-8-11-12-13	39	6	234
014	0	14	0-1-7-9-14	109	4	436
014	0	14	0-2-5-10-15-14	109	5	545
015	0	15	0-2-5-10-15	93	4	372
015	0	15	0-1-7-9-14-15	93	5	465
016	0	16	0-1-7-8-11-12-16	146	6	876
016	0	16	0-2-1-7-8-11-12-16	146	7	1022
017	0	17	0-2-5-10-15-17	97	5	485
017	0	17	0-1-7-9-14-15-17	97	6	582
018	0	18	0-1-7-8-11-12-16-18	109	7	763
018	0	18	0-2-1-7-8-11-12-16-18	109	8	872
019	0	19	0-2-5-10-15-17-19	16	6	96
019	0	19	0-1-7-9-14-15-17-19	16	7	112
020	0	20	0-2-5-10-15-17-19-20	74	7	518
020	0	20	0-1-7-8-11-12-16-18-20	74	8	592
10	1	0	1-0	147	1	147
10	1	0	1-2-0	147	2	294
12	1	2	1-2	62	1	62
12	1	2	1-0-2	62	2	124
13	1	3	1-3	93	1	93
13	1	3	1-2-5-4-3	93	4	372
14	1	4	1-3-4	183	2	366
14	1	4	1-2-5-4	183	3	549
15	1	5	1-2-5	147	2	294
15	1	5	1-0-2-5	147	3	441
16	1	6	1-7-6	89	2	178
16	1	6	1-2-5-6	89	3	267
17	1	7	1-7	115	1	115
17	1	7	1-2-5-6-7	115	4	460
18	1	8	1-7-8	134	2	268
18	1	8	1-2-5-6-7-8	134	5	670
19	1	9	1-7-9	0	2	0
19	1	9	1-2-5-6-7-9	0	5	0
110	1	10	1-2-5-10	110	3	330
110	1	10	1-0-2-5-10	110	4	440
111	1	11	1-7-8-11	62	3	186
111	1	11	1-7-9-14-13-12-11	62	6	372
112	1	12	1-7-8-11-12	84	4	336
112	1	12	1-7-9-14-13-12	84	5	420
113	1	13	1-7-9-14-13	95	4	380
113	1	13	1-7-8-11-12-13	95	5	475
114	1	14	1-7-9-14	191	3	573
114	1	14	1-2-5-10-15-14	191	5	955
115	1	15	1-7-9-14-15	139	4	556
115	1	15	1-2-5-10-15	139	4	556
116	1	16	1-7-8-11-12-16	191	5	955
116	1	16	1-7-9-14-13-12-16	191	6	1146
117	1	17	1-7-9-14-15-17	126	5	630
117	1	17	1-2-5-10-15-17	126	5	630
118	1	18	1-7-8-11-12-16-18	81	6	486
118	1	18	1-7-9-14-13-12-16-18	81	7	567
119	1	19	1-7-9-14-15-17-19	7	6	42
119	1	19	1-2-5-10-15-17-19	7	6	42
120	1	20	1-7-8-11-12-16-18-20	171	7	1197
120	1	20	1-2-5-10-15-17-19-20	171	7	1197
20	2	0	2-0	7	1	7
20	2	0	2-1-0	7	2	14
21	2	1	2-1	90	1	90
21	2	1	2-0-1	90	2	180
23	2	3	2-1-3	99	2	198
23	2	3	2-0-1-3	99	3	297
24	2	4	2-5-4	153	2	306
24	2	4	2-1-3-4	153	3	459
25	2	5	2-5	10	1	10
25	2	5	2-1-3-4-5	10	4	40
26	2	6	2-5-6	21	2	42
26	2	6	2-1-7-6	21	3	63
27	2	7	2-1-7	19	2	38
27	2	7	2-0-1-7	19	3	57
28	2	8	2-1-7-8	15	3	45
28	2	8	2-0-1-7-8	15	4	60
29	2	9	2-1-7-9	174	3	522
29	2	9	2-0-1-7-9	174	4	696
210	2	10	2-5-10	37	2	74
210	2	10	2-1-3-4-5-10	37	5	185
211	2	11	2-1-7-8-11	8	4	32
211	2	11	2-0-1-7-8-11	8	5	40
212	2	12	2-1-7-8-11-12	150	5	750
212	2	12	2-0-1-7-8-11-12	150	6	900
213	2	13	2-5-10-15-14-13	27	5	135
213	2	13	2-1-7-9-14-13	27	5	135
214	2	14	2-5-10-15-14	76	4	304
214	2	14	2-1-7-9-14	76	4	304
215	2	15	2-5-10-15	182	3	546
215	2	15	2-1-7-9-14-15	182	5	910
216	2	16	2-1-7-8-11-12-16	8	6	48
216	2	16	2-0-1-7-8-11-12-16	8	7	56
217	2	17	2-5-10-15-17	34	4	136
217	2	17	2-1-7-9-14-15-17	34	6	204
218	2	18	2-1-7-8-11-12-16-18	72	7	504
218	2	18	2-5-10-15-17-19-20-18	72	7	504
219	2	19	2-5-10-15-17-19	17	5	85
219	2	19	2-1-7-9-14-15-17-19	17	7	119
220	2	20	2-5-10-15-17-19-20	73	6	438
220	2	20	2-1-7-8-11-12-16-18-20	73	8	584
30	3	0	3-1-0	84	2	168
30	3	0	3-1-2-0	84	3	252
31	3	1	3-1	103	1	103
31	3	1	3-4-5-2-1	103	4	412
32	3	2	3-1-2	42	2	84
32	3	2	3-1-0-2	42	3	126
34	3	4	3-4	41	1	41
34	3	4	3-1-2-5-4	41	4	164
35	3	5	3-4-5	109	2	218
35	3	5	3-1-2-5	109	3	327
36	3	6	3-4-5-6	151	3	453
36	3	6	3-1-7-6	151	3	453
37	3	7	3-1-7	153	2	306
37	3	7	3-4-5-6-7	153	4	612
38	3	8	3-1-7-8	31	3	93
38	3	8	3-4-5-6-7-8	31	5	155
39	3	9	3-1-7-9	188	3	564
39	3	9	3-4-5-6-7-9	188	5	940
310	3	10	3-4-5-10	82	3	246
310	3	10	3-1-2-5-10	82	4	328
311	3	11	3-1-7-8-11	100	4	400
311	3	11	3-4-5-6-7-8-11	100	6	600
312	3	12	3-1-7-8-11-12	167	5	835
312	3	12	3-1-7-9-14-13-12	167	6	1002
313	3	13	3-1-7-9-14-13	68	5	340
313	3	13	3-1-7-8-11-12-13	68	6	408
314	3	14	3-1-7-9-14	111	4	444
314	3	14	3-4-5-10-15-14	111	5	555
315	3	15	3-4-5-10-15	113	4	452
315	3	15	3-1-7-9-14-15	113	5	565
316	3	16	3-1-7-8-11-12-16	176	6	1056
316	3	16	3-1-7-9-14-13-12-16	176	7	1232
317	3	17	3-4-5-10-15-17	102	5	510
317	3	17	3-1-7-9-14-15-17	102	6	612
318	3	18	3-1-7-8-11-12-16-18	141	7	987
318	3	18	3-1-7-9-14-13-12-16-18	141	8	1128
319	3	19	3-4-5-10-15-17-19	92	6	552
319	3	19	3-1-7-9-14-15-17-19	92	7	644
320	3	20	3-4-5-10-15-17-19-20	156	7	1092
320	3	20	3-1-7-8-11-12-16-18-20	156	8	1248
40	4	0	4-3-1-0	7	3	21
40	4	0	4-5-2-0	7	3	21
41	4	1	4-3-1	16	2	32
41	4	1	4-5-2-1	16	3	48
42	4	2	4-5-2	145	2	290
42	4	2	4-3-1-2	145	3	435
43	4	3	4-3	177	1	177
43	4	3	4-5-2-1-3	177	4	708
45	4	5	4-5	91	1	91
45	4	5	4-3-1-2-5	91	4	364
46	4	6	4-5-6	183	2	366
46	4	6	4-3-1-7-6	183	4	732
47	4	7	4-3-1-7	88	3	264
47	4	7	4-5-6-7	88	3	264
48	4	8	4-3-1-7-8	48	4	192
48	4	8	4-5-6-7-8	48	4	192
49	4	9	4-3-1-7-9	73	4	292
49	4	9	4-5-6-7-9	73	4	292
410	4	10	4-5-10	25	2	50
410	4	10	4-3-1-2-5-10	25	5	125
411	4	11	4-3-1-7-8-11	74	5	370
411	4	11	4-5-6-7-8-11	74	5	370
412	4	12	4-3-1-7-8-11-12	84	6	504
412	4	12	4-5-10-15-14-13-12	84	6	504
413	4	13	4-5-10-15-14-13	164	5	820
413	4	13	4-3-1-7-9-14-13	164	6	984
414	4	14	4-5-10-15-14	55	4	220
414	4	14	4-3-1-7-9-14	55	5	275
415	4	15	4-5-10-15	178	3	534
415	4	15	4-3-1-7-9-14-15	178	6	1068
416	4	16	4-3-1-7-8-11-12-16	60	7	420
416	4	16	4-5-10-15-14-13-12-16	60	7	420
417	4	17	4-5-10-15-17	181	4	724
417	4	17	4-3-1-7-9-14-15-17	181	7	1267
418	4	18	4-5-10-15-17-19-20-18	192	7	1344
418	4	18	4-3-1-7-8-11-12-16-18	192	8	1536
419	4	19	4-5-10-15-17-19	170	5	850
419	4	19	4-3-1-7-9-14-15-17-19	170	8	1360
420	4	20	4-5-10-15-17-19-20	81	6	486
420	4	20	4-3-1-7-8-11-12-16-18-20	81	9	729
50	5	0	5-2-0	132	2	264
50	5	0	5-2-1-0	132	3	396
51	5	1	5-2-1	130	2	260
51	5	1	5-2-0-1	130	3	390
52	5	2	5-2	49	1	49
52	5	2	5-4-3-1-2	49	4	196
53	5	3	5-4-3	188	2	376
53	5	3	5-2-1-3	188	3	564
54	5	4	5-4	12	1	12
54	5	4	5-2-1-3-4	12	4	48
56	5	6	5-6	157	1	157
56	5	6	5-2-1-7-6	157	4	628
57	5	7	5-6-7	111	2	222
57	5	7	5-2-1-7	111	3	333
58	5	8	5-6-7-8	179	3	537
58	5	8	5-2-1-7-8	179	4	716
59	5	9	5-6-7-9	31	3	93
59	5	9	5-10-15-14-9	31	4	124
510	5	10	5-10	41	1	41
510	5	10	5-6-7-9-14-15-10	41	6	246
511	5	11	5-6-7-8-11	46	4	184
511	5	11	5-2-1-7-8-11	46	5	230
512	5	12	5-6-7-8-11-12	57	5	285
512	5	12	5-10-15-14-13-12	57	5	285
513	5	13	5-10-15-14-13	140	4	560
513	5	13	5-6-7-9-14-13	140	5	700
514	5	14	5-10-15-14	29	3	87
514	5	14	5-6-7-9-14	29	4	116
515	5	15	5-10-15	104	2	208
515	5	15	5-6-7-9-14-15	104	5	520
516	5	16	5-6-7-8-11-12-16	159	6	954
516	5	16	5-10-15-14-13-12-16	159	6	954
517	5	17	5-10-15-17	186	3	558
517	5	17	5-6-7-9-14-15-17	186	6	1116
518	5	18	5-10-15-17-19-20-18	74	6	444
518	5	18	5-6-7-8-11-12-16-18	74	7	518
519	5	19	5-10-15-17-19	173	4	692
519	5	19	5-6-7-9-14-15-17-19	173	7	1211
520	5	20	5-10-15-17-19-20	78	5	390
520	5	20	5-6-7-8-11-12-16-18-20	78	8	624
60	6	0	6-7-1-0	60	3	180
60	6	0	6-5-2-0	60	3	180
61	6	1	6-7-1	112	2	224
61	6	1	6-5-2-1	112	3	336
62	6	2	6-5-2	41	2	82
62	6	2	6-7-1-2	41	3	123
63	6	3	6-7-1-3	73	3	219
63	6	3	6-5-4-3	73	3	219
64	6	4	6-5-4	177	2	354
64	6	4	6-7-1-3-4	177	4	708
65	6	5	6-5	182	1	182
65	6	5	6-7-1-2-5	182	4	728
67	6	7	6-7	42	1	42
67	6	7	6-5-2-1-7	42	4	168
68	6	8	6-7-8	6	2	12
68	6	8	6-5-2-1-7-8	6	5	30
69	6	9	6-7-9	85	2	170
69	6	9	6-5-10-15-14-9	85	5	425
610	6	10	6-5-10	35	2	70
610	6	10	6-7-9-14-15-10	35	5	175
611	6	11	6-7-8-11	23	3	69
611	6	11	6-7-9-14-13-12-11	23	6	138
612	6	12	6-7-8-11-12	121	4	484
612	6	12	6-7-9-14-13-12	121	5	605
613	6	13	6-7-9-14-13	139	4	556
613	6	13	6-7-8-11-12-13	139	5	695
614	6	14	6-7-9-14	86	3	258
614	6	14	6-5-10-15-14	86	4	344
615	6	15	6-5-10-15	121	3	363
615	6	15	6-7-9-14-15	121	4	484
616	6	16	6-7-8-11-12-16	132	5	660
616	6	16	6-7-9-14-13-12-16	132	6	792
617	6	17	6-5-10-15-17	163	4	652
617	6	17	6-7-9-14-15-17	163	5	815
618	6	18	6-7-8-11-12-16-18	102	6	612
618	6	18	6-7-9-14-13-12-16-18	102	7	714
619	6	19	6-5-10-15-17-19	82	5	410
619	6	19	6-7-9-14-15-17-19	82	6	492
620	6	20	6-5-10-15-17-19-20	80	6	480
620	6	20	6-7-8-11-12-16-18-20	80	7	560
70	7	0	7-1-0	115	2	230
70	7	0	7-1-2-0	115	3	345
71	7	1	7-1	148	1	148
71	7	1	7-6-5-2-1	148	4	592
72	7	2	7-1-2	137	2	274
72	7	2	7-1-0-2	137	3	411
73	7	3	7-1-3	12	2	24
73	7	3	7-6-5-4-3	12	4	48
74	7	4	7-1-3-4	147	3	441
74	7	4	7-6-5-4	147	3	441
75	7	5	7-6-5	164	2	328
75	7	5	7-1-2-5	164	3	492
76	7	6	7-6	106	1	106
76	7	6	7-1-2-5-6	106	4	424
78	7	8	7-8	187	1	187
78	7	8	7-9-14-13-12-11-8	187	6	1122
79	7	9	7-9	108	1	108
79	7	9	7-8-11-12-13-14-9	108	6	648
710	7	10	7-6-5-10	18	3	54
710	7	10	7-9-14-15-10	18	4	72
711	7	11	7-8-11	136	2	272
711	7	11	7-9-14-13-12-11	136	5	680
712	7	12	7-8-11-12	105	3	315
712	7	12	7-9-14-13-12	105	4	420
713	7	13	7-9-14-13	61	3	183
713	7	13	7-8-11-12-13	61	4	244
714	7	14	7-9-14	55	2	110
714	7	14	7-8-11-12-13-14	55	5	275
715	7	15	7-9-14-15	46	3	138
715	7	15	7-6-5-10-15	46	4	184
716	7	16	7-8-11-12-16	74	4	296
716	7	16	7-9-14-13-12-16	74	5	370
717	7	17	7-9-14-15-17	90	4	360
717	7	17	7-6-5-10-15-17	90	5	450
718	7	18	7-8-11-12-16-18	79	5	395
718	7	18	7-9-14-13-12-16-18	79	6	474
719	7	19	7-9-14-15-17-19	33	5	165
719	7	19	7-6-5-10-15-17-19	33	6	198
720	7	20	7-8-11-12-16-18-20	92	6	552
720	7	20	7-9-14-15-17-19-20	92	6	552
80	8	0	8-7-1-0	124	3	372
80	8	0	8-7-1-2-0	124	4	496
81	8	1	8-7-1	107	2	214
81	8	1	8-7-6-5-2-1	107	5	535
82	8	2	8-7-1-2	32	3	96
82	8	2	8-7-1-0-2	32	4	128
83	8	3	8-7-1-3	122	3	366
83	8	3	8-7-6-5-4-3	122	5	610
84	8	4	8-7-1-3-4	119	4	476
84	8	4	8-7-6-5-4	119	4	476
85	8	5	8-7-6-5	72	3	216
85	8	5	8-7-1-2-5	72	4	288
86	8	6	8-7-6	58	2	116
86	8	6	8-7-1-2-5-6	58	5	290
87	8	7	8-7	115	1	115
87	8	7	8-11-12-13-14-9-7	115	6	690
89	8	9	8-7-9	76	2	152
89	8	9	8-11-12-13-14-9	76	5	380
810	8	10	8-7-6-5-10	26	4	104
810	8	10	8-7-9-14-15-10	26	5	130
811	8	11	8-11	180	1	180
811	8	11	8-7-9-14-13-12-11	180	6	1080
812	8	12	8-11-12	58	2	116
812	8	12	8-7-9-14-13-12	58	5	290
813	8	13	8-11-12-13	139	3	417
813	8	13	8-7-9-14-13	139	4	556
814	8	14	8-7-9-14	167	3	501
814	8	14	8-11-12-13-14	167	4	668
815	8	15	8-7-9-14-15	161	4	644
815	8	15	8-11-12-13-14-15	161	5	805
816	8	16	8-11-12-16	152	3	456
816	8	16	8-7-9-14-13-12-16	152	6	912
817	8	17	8-7-9-14-15-17	86	5	430
817	8	17	8-11-12-13-14-15-17	86	6	516
818	8	18	8-11-12-16-18	181	4	724
818	8	18	8-7-9-14-13-12-16-18	181	7	1267
819	8	19	8-7-9-14-15-17-19	94	6	564
819	8	19	8-11-12-16-18-20-19	94	6	564
820	8	20	8-11-12-16-18-20	118	5	590
820	8	20	8-7-9-14-15-17-19-20	118	7	826
90	9	0	9-7-1-0	63	3	189
90	9	0	9-7-1-2-0	63	4	252
91	9	1	9-7-1	40	2	80
91	9	1	9-7-6-5-2-1	40	5	200
92	9	2	9-7-1-2	129	3	387
92	9	2	9-7-1-0-2	129	4	516
93	9	3	9-7-1-3	174	3	522
93	9	3	9-7-6-5-4-3	174	5	870
94	9	4	9-7-1-3-4	35	4	140
94	9	4	9-7-6-5-4	35	4	140
95	9	5	9-7-6-5	176	3	528
95	9	5	9-7-1-2-5	176	4	704
96	9	6	9-7-6	108	2	216
96	9	6	9-7-1-2-5-6	108	5	540
97	9	7	9-7	39	1	39
97	9	7	9-14-15-10-5-6-7	39	6	234
98	9	8	9-7-8	195	2	390
98	9	8	9-14-13-12-11-8	195	5	975
910	9	10	9-14-15-10	73	3	219
910	9	10	9-7-6-5-10	73	4	292
911	9	11	9-7-8-11	101	3	303
911	9	11	9-14-13-12-11	101	4	404
912	9	12	9-14-13-12	9	3	27
912	9	12	9-7-8-11-12	9	4	36
913	9	13	9-14-13	42	2	84
913	9	13	9-7-8-11-12-13	42	5	210
914	9	14	9-14	122	1	122
914	9	14	9-7-8-11-12-13-14	122	6	732
915	9	15	9-14-15	15	2	30
915	9	15	9-7-6-5-10-15	15	5	75
916	9	16	9-14-13-12-16	36	4	144
916	9	16	9-7-8-11-12-16	36	5	180
917	9	17	9-14-15-17	19	3	57
917	9	17	9-7-6-5-10-15-17	19	6	114
918	9	18	9-14-13-12-16-18	187	5	935
918	9	18	9-7-8-11-12-16-18	187	6	1122
919	9	19	9-14-15-17-19	119	4	476
919	9	19	9-7-6-5-10-15-17-19	119	7	833
920	9	20	9-14-15-17-19-20	6	5	30
920	9	20	9-14-13-12-16-18-20	6	6	36
100	10	0	10-5-2-0	175	3	525
100	10	0	10-5-2-1-0	175	4	700
101	10	1	10-5-2-1	185	3	555
101	10	1	10-5-2-0-1	185	4	740
102	10	2	10-5-2	4	2	8
102	10	2	10-5-4-3-1-2	4	5	20
103	10	3	10-5-4-3	63	3	189
103	10	3	10-5-2-1-3	63	4	252
104	10	4	10-5-4	90	2	180
104	10	4	10-5-2-1-3-4	90	5	450
105	10	5	10-5	140	1	140
105	10	5	10-15-14-9-7-6-5	140	6	840
106	10	6	10-5-6	58	2	116
106	10	6	10-5-2-1-7-6	58	5	290
107	10	7	10-5-6-7	67	3	201
107	10	7	10-5-2-1-7	67	4	268
108	10	8	10-5-6-7-8	175	4	700
108	10	8	10-5-2-1-7-8	175	5	875
109	10	9	10-15-14-9	45	3	135
109	10	9	10-5-6-7-9	45	4	180
1011	10	11	10-15-14-13-12-11	166	5	830
1011	10	11	10-5-6-7-8-11	166	5	830
1012	10	12	10-15-14-13-12	55	4	220
1012	10	12	10-5-6-7-8-11-12	55	6	330
1013	10	13	10-15-14-13	82	3	246
1013	10	13	10-5-6-7-9-14-13	82	6	492
1014	10	14	10-15-14	119	2	238
1014	10	14	10-5-6-7-9-14	119	5	595
1015	10	15	10-15	52	1	52
1015	10	15	10-5-6-7-9-14-15	52	6	312
1016	10	16	10-15-14-13-12-16	63	5	315
1016	10	16	10-15-17-19-20-18-16	63	6	378
1017	10	17	10-15-17	159	2	318
1017	10	17	10-5-6-7-9-14-15-17	159	7	1113
1018	10	18	10-15-17-19-20-18	127	5	635
1018	10	18	10-15-14-13-12-16-18	127	6	762
1019	10	19	10-15-17-19	93	3	279
1019	10	19	10-5-6-7-9-14-15-17-19	93	8	744
1020	10	20	10-15-17-19-20	167	4	668
1020	10	20	10-15-14-13-12-16-18-20	167	7	1169
110	11	0	11-8-7-1-0	107	4	428
110	11	0	11-8-7-1-2-0	107	5	535
111	11	1	11-8-7-1	70	3	210
111	11	1	11-8-7-6-5-2-1	70	6	420
112	11	2	11-8-7-1-2	64	4	256
112	11	2	11-8-7-1-0-2	64	5	320
113	11	3	11-8-7-1-3	174	4	696
113	11	3	11-8-7-6-5-4-3	174	6	1044
114	11	4	11-8-7-1-3-4	143	5	715
114	11	4	11-8-7-6-5-4	143	5	715
115	11	5	11-8-7-6-5	86	4	344
115	11	5	11-8-7-1-2-5	86	5	430
116	11	6	11-8-7-6	53	3	159
116	11	6	11-8-7-1-2-5-6	53	6	318
117	11	7	11-8-7	190	2	380
117	11	7	11-12-13-14-9-7	190	5	950
118	11	8	11-8	106	1	106
118	11	8	11-12-13-14-9-7-8	106	6	636
119	11	9	11-8-7-9	22	3	66
119	11	9	11-12-13-14-9	22	4	88
1110	11	10	11-12-13-14-15-10	31	5	155
1110	11	10	11-8-7-6-5-10	31	5	155
1112	11	12	11-12	116	1	116
1112	11	12	11-8-7-9-14-13-12	116	6	696
1113	11	13	11-12-13	91	2	182
1113	11	13	11-8-7-9-14-13	91	5	455
1114	11	14	11-12-13-14	164	3	492
1114	11	14	11-8-7-9-14	164	4	656
1115	11	15	11-12-13-14-15	137	4	548
1115	11	15	11-8-7-9-14-15	137	5	685
1116	11	16	11-12-16	142	2	284
1116	11	16	11-8-7-9-14-13-12-16	142	7	994
1117	11	17	11-12-13-14-15-17	66	5	330
1117	11	17	11-8-7-9-14-15-17	66	6	396
1118	11	18	11-12-16-18	197	3	591
1118	11	18	11-8-7-9-14-13-12-16-18	197	8	1576
1119	11	19	11-12-16-18-20-19	152	5	760
1119	11	19	11-12-13-14-15-17-19	152	6	912
1120	11	20	11-12-16-18-20	129	4	516
1120	11	20	11-12-13-14-15-17-19-20	129	7	903
120	12	0	12-11-8-7-1-0	41	5	205
120	12	0	12-13-14-9-7-1-0	41	6	246
121	12	1	12-11-8-7-1	189	4	756
121	12	1	12-13-14-9-7-1	189	5	945
122	12	2	12-11-8-7-1-2	176	5	880
122	12	2	12-11-8-7-1-0-2	176	6	1056
123	12	3	12-11-8-7-1-3	48	5	240
123	12	3	12-13-14-9-7-1-3	48	6	288
124	12	4	12-11-8-7-1-3-4	103	6	618
124	12	4	12-13-14-15-10-5-4	103	6	618
125	12	5	12-11-8-7-6-5	198	5	990
125	12	5	12-13-14-15-10-5	198	5	990
126	12	6	12-11-8-7-6	80	4	320
126	12	6	12-13-14-9-7-6	80	5	400
127	12	7	12-11-8-7	175	3	525
127	12	7	12-13-14-9-7	175	4	700
128	12	8	12-11-8	81	2	162
128	12	8	12-13-14-9-7-8	81	5	405
129	12	9	12-13-14-9	11	3	33
129	12	9	12-11-8-7-9	11	4	44
1210	12	10	12-13-14-15-10	45	4	180
1210	12	10	12-11-8-7-6-5-10	45	6	270
1211	12	11	12-11	38	1	38
1211	12	11	12-13-14-9-7-8-11	38	6	228
1213	12	13	12-13	14	1	14
1213	12	13	12-11-8-7-9-14-13	14	6	84
1214	12	14	12-13-14	173	2	346
1214	12	14	12-11-8-7-9-14	173	5	865
1215	12	15	12-13-14-15	39	3	117
1215	12	15	12-11-8-7-9-14-15	39	6	234
1216	12	16	12-16	178	1	178
1216	12	16	12-13-14-15-17-19-20-18-16	178	8	1424
1217	12	17	12-13-14-15-17	39	4	156
1217	12	17	12-16-18-20-19-17	39	5	195
1218	12	18	12-16-18	24	2	48
1218	12	18	12-13-14-15-17-19-20-18	24	7	168
1219	12	19	12-16-18-20-19	178	4	712
1219	12	19	12-13-14-15-17-19	178	5	890
1220	12	20	12-16-18-20	66	3	198
1220	12	20	12-13-14-15-17-19-20	66	6	396
130	13	0	13-14-9-7-1-0	49	5	245
130	13	0	13-12-11-8-7-1-0	49	6	294
131	13	1	13-14-9-7-1	27	4	108
131	13	1	13-12-11-8-7-1	27	5	135
132	13	2	13-14-9-7-1-2	186	5	930
132	13	2	13-14-15-10-5-2	186	5	930
133	13	3	13-14-9-7-1-3	162	5	810
133	13	3	13-12-11-8-7-1-3	162	6	972
134	13	4	13-14-15-10-5-4	4	5	20
134	13	4	13-14-9-7-1-3-4	4	6	24
135	13	5	13-14-15-10-5	131	4	524
135	13	5	13-14-9-7-6-5	131	5	655
136	13	6	13-14-9-7-6	176	4	704
136	13	6	13-14-15-10-5-6	176	5	880
137	13	7	13-14-9-7	131	3	393
137	13	7	13-12-11-8-7	131	4	524
138	13	8	13-12-11-8	133	3	399
138	13	8	13-14-9-7-8	133	4	532
139	13	9	13-14-9	81	2	162
139	13	9	13-12-11-8-7-9	81	5	405
1310	13	10	13-14-15-10	63	3	189
1310	13	10	13-14-9-7-6-5-10	63	6	378
1311	13	11	13-12-11	126	2	252
1311	13	11	13-14-9-7-8-11	126	5	630
1312	13	12	13-12	53	1	53
1312	13	12	13-14-9-7-8-11-12	53	6	318
1314	13	14	13-14	63	1	63
1314	13	14	13-12-11-8-7-9-14	63	6	378
1315	13	15	13-14-15	91	2	182
1315	13	15	13-12-11-8-7-9-14-15	91	7	637
1316	13	16	13-12-16	58	2	116
1316	13	16	13-14-9-7-8-11-12-16	58	7	406
1317	13	17	13-14-15-17	81	3	243
1317	13	17	13-12-16-18-20-19-17	81	6	486
1318	13	18	13-12-16-18	112	3	336
1318	13	18	13-14-15-17-19-20-18	112	6	672
1319	13	19	13-14-15-17-19	40	4	160
1319	13	19	13-12-16-18-20-19	40	5	200
1320	13	20	13-12-16-18-20	33	4	132
1320	13	20	13-14-15-17-19-20	33	5	165
140	14	0	14-9-7-1-0	19	4	76
140	14	0	14-9-7-1-2-0	19	5	95
141	14	1	14-9-7-1	194	3	582
141	14	1	14-15-10-5-2-1	194	5	970
142	14	2	14-9-7-1-2	78	4	312
142	14	2	14-15-10-5-2	78	4	312
143	14	3	14-9-7-1-3	30	4	120
143	14	3	14-15-10-5-4-3	30	5	150
144	14	4	14-15-10-5-4	38	4	152
144	14	4	14-9-7-1-3-4	38	5	190
145	14	5	14-15-10-5	174	3	522
145	14	5	14-9-7-6-5	174	4	696
146	14	6	14-9-7-6	52	3	156
146	14	6	14-15-10-5-6	52	4	208
147	14	7	14-9-7	132	2	264
147	14	7	14-15-10-5-6-7	132	5	660
148	14	8	14-9-7-8	188	3	564
148	14	8	14-13-12-11-8	188	4	752
149	14	9	14-9	9	1	9
149	14	9	14-15-10-5-6-7-9	9	6	54
1410	14	10	14-15-10	173	2	346
1410	14	10	14-9-7-6-5-10	173	5	865
1411	14	11	14-13-12-11	179	3	537
1411	14	11	14-9-7-8-11	179	4	716
1412	14	12	14-13-12	142	2	284
1412	14	12	14-9-7-8-11-12	142	5	710
1413	14	13	14-13	137	1	137
1413	14	13	14-9-7-8-11-12-13	137	6	822
1415	14	15	14-15	18	1	18
1415	14	15	14-9-7-6-5-10-15	18	6	108
1416	14	16	14-13-12-16	118	3	354
1416	14	16	14-9-7-8-11-12-16	118	6	708
1417	14	17	14-15-17	84	2	168
1417	14	17	14-9-7-6-5-10-15-17	84	7	588
1418	14	18	14-13-12-16-18	8	4	32
1418	14	18	14-15-17-19-20-18	8	5	40
1419	14	19	14-15-17-19	108	3	324
1419	14	19	14-13-12-16-18-20-19	108	6	648
1420	14	20	14-15-17-19-20	78	4	312
1420	14	20	14-13-12-16-18-20	78	5	390
150	15	0	15-10-5-2-0	33	4	132
150	15	0	15-10-5-2-1-0	33	5	165
151	15	1	15-10-5-2-1	135	4	540
151	15	1	15-14-9-7-1	135	4	540
152	15	2	15-10-5-2	114	3	342
152	15	2	15-14-9-7-1-2	114	5	570
153	15	3	15-10-5-4-3	189	4	756
153	15	3	15-10-5-2-1-3	189	5	945
154	15	4	15-10-5-4	194	3	582
154	15	4	15-10-5-2-1-3-4	194	6	1164
155	15	5	15-10-5	172	2	344
155	15	5	15-14-9-7-6-5	172	5	860
156	15	6	15-10-5-6	6	3	18
156	15	6	15-14-9-7-6	6	4	24
157	15	7	15-14-9-7	58	3	174
157	15	7	15-10-5-6-7	58	4	232
158	15	8	15-14-9-7-8	156	4	624
158	15	8	15-14-13-12-11-8	156	5	780
159	15	9	15-14-9	88	2	176
159	15	9	15-10-5-6-7-9	88	5	440
1510	15	10	15-10	42	1	42
1510	15	10	15-14-9-7-6-5-10	42	6	252
1511	15	11	15-14-13-12-11	163	4	652
1511	15	11	15-14-9-7-8-11	163	5	815
1512	15	12	15-14-13-12	30	3	90
1512	15	12	15-14-9-7-8-11-12	30	6	180
1513	15	13	15-14-13	57	2	114
1513	15	13	15-14-9-7-8-11-12-13	57	7	399
1514	15	14	15-14	150	1	150
1514	15	14	15-10-5-6-7-9-14	150	6	900
1516	15	16	15-14-13-12-16	69	4	276
1516	15	16	15-17-19-20-18-16	69	5	345
1517	15	17	15-17	99	1	99
1517	15	17	15-14-13-12-16-18-20-19-17	99	8	792
1518	15	18	15-17-19-20-18	136	4	544
1518	15	18	15-14-13-12-16-18	136	5	680
1519	15	19	15-17-19	132	2	264
1519	15	19	15-14-13-12-16-18-20-19	132	7	924
1520	15	20	15-17-19-20	136	3	408
1520	15	20	15-14-13-12-16-18-20	136	6	816
160	16	0	16-12-11-8-7-1-0	129	6	774
160	16	0	16-12-13-14-9-7-1-0	129	7	903
161	16	1	16-12-11-8-7-1	59	5	295
161	16	1	16-12-13-14-9-7-1	59	6	354
162	16	2	16-12-11-8-7-1-2	90	6	540
162	16	2	16-12-11-8-7-1-0-2	90	7	630
163	16	3	16-12-11-8-7-1-3	110	6	660
163	16	3	16-12-13-14-9-7-1-3	110	7	770
164	16	4	16-12-11-8-7-1-3-4	178	7	1246
164	16	4	16-12-13-14-15-10-5-4	178	7	1246
165	16	5	16-12-11-8-7-6-5	72	6	432
165	16	5	16-12-13-14-15-10-5	72	6	432
166	16	6	16-12-11-8-7-6	146	5	730
166	16	6	16-12-13-14-9-7-6	146	6	876
167	16	7	16-12-11-8-7	98	4	392
167	16	7	16-12-13-14-9-7	98	5	490
168	16	8	16-12-11-8	85	3	255
168	16	8	16-12-13-14-9-7-8	85	6	510
169	16	9	16-12-13-14-9	138	4	552
169	16	9	16-12-11-8-7-9	138	5	690
1610	16	10	16-12-13-14-15-10	75	5	375
1610	16	10	16-18-20-19-17-15-10	75	6	450
1611	16	11	16-12-11	121	2	242
1611	16	11	16-12-13-14-9-7-8-11	121	7	847
1612	16	12	16-12	103	1	103
1612	16	12	16-18-20-19-17-15-14-13-12	103	8	824
1613	16	13	16-12-13	27	2	54
1613	16	13	16-18-20-19-17-15-14-13	27	7	189
1614	16	14	16-12-13-14	99	3	297
1614	16	14	16-18-20-19-17-15-14	99	6	594
1615	16	15	16-12-13-14-15	125	4	500
1615	16	15	16-18-20-19-17-15	125	5	625
1617	16	17	16-18-20-19-17	188	4	752
1617	16	17	16-12-13-14-15-17	188	5	940
1618	16	18	16-18	31	1	31
1618	16	18	16-12-13-14-15-17-19-20-18	31	8	248
1619	16	19	16-18-20-19	21	3	63
1619	16	19	16-12-13-14-15-17-19	21	6	126
1620	16	20	16-18-20	93	2	186
1620	16	20	16-12-13-14-15-17-19-20	93	7	651
170	17	0	17-15-10-5-2-0	148	5	740
170	17	0	17-15-10-5-2-1-0	148	6	888
171	17	1	17-15-10-5-2-1	15	5	75
171	17	1	17-15-14-9-7-1	15	5	75
172	17	2	17-15-10-5-2	64	4	256
172	17	2	17-15-14-9-7-1-2	64	6	384
173	17	3	17-15-10-5-4-3	74	5	370
173	17	3	17-15-10-5-2-1-3	74	6	444
174	17	4	17-15-10-5-4	81	4	324
174	17	4	17-15-10-5-2-1-3-4	81	7	567
175	17	5	17-15-10-5	15	3	45
175	17	5	17-15-14-9-7-6-5	15	6	90
176	17	6	17-15-10-5-6	75	4	300
176	17	6	17-15-14-9-7-6	75	5	375
177	17	7	17-15-14-9-7	47	4	188
177	17	7	17-15-10-5-6-7	47	5	235
178	17	8	17-15-14-9-7-8	129	5	645
178	17	8	17-15-14-13-12-11-8	129	6	774
179	17	9	17-15-14-9	86	3	258
179	17	9	17-15-10-5-6-7-9	86	6	516
1710	17	10	17-15-10	70	2	140
1710	17	10	17-15-14-9-7-6-5-10	70	7	490
1711	17	11	17-15-14-13-12-11	19	5	95
1711	17	11	17-19-20-18-16-12-11	19	6	114
1712	17	12	17-15-14-13-12	51	4	204
1712	17	12	17-19-20-18-16-12	51	5	255
1713	17	13	17-15-14-13	139	3	417
1713	17	13	17-19-20-18-16-12-13	139	6	834
1714	17	14	17-15-14	158	2	316
1714	17	14	17-19-20-18-16-12-13-14	158	7	1106
1715	17	15	17-15	67	1	67
1715	17	15	17-19-20-18-16-12-13-14-15	67	8	536
1716	17	16	17-19-20-18-16	38	4	152
1716	17	16	17-15-14-13-12-16	38	5	190
1718	17	18	17-19-20-18	40	3	120
1718	17	18	17-15-14-13-12-16-18	40	6	240
1719	17	19	17-19	18	1	18
1719	17	19	17-15-14-13-12-16-18-20-19	18	8	144
1720	17	20	17-19-20	147	2	294
1720	17	20	17-15-14-13-12-16-18-20	147	7	1029
180	18	0	18-16-12-11-8-7-1-0	184	7	1288
180	18	0	18-16-12-13-14-9-7-1-0	184	8	1472
181	18	1	18-16-12-11-8-7-1	148	6	888
181	18	1	18-16-12-13-14-9-7-1	148	7	1036
182	18	2	18-16-12-11-8-7-1-2	148	7	1036
182	18	2	18-20-19-17-15-10-5-2	148	7	1036
183	18	3	18-16-12-11-8-7-1-3	92	7	644
183	18	3	18-16-12-13-14-9-7-1-3	92	8	736
184	18	4	18-20-19-17-15-10-5-4	143	7	1001
184	18	4	18-16-12-11-8-7-1-3-4	143	8	1144
185	18	5	18-20-19-17-15-10-5	63	6	378
185	18	5	18-16-12-11-8-7-6-5	63	7	441
186	18	6	18-16-12-11-8-7-6	196	6	1176
186	18	6	18-20-19-17-15-10-5-6	196	7	1372
187	18	7	18-16-12-11-8-7	101	5	505
187	18	7	18-16-12-13-14-9-7	101	6	606
188	18	8	18-16-12-11-8	153	4	612
188	18	8	18-16-12-13-14-9-7-8	153	7	1071
189	18	9	18-16-12-13-14-9	0	5	0
189	18	9	18-20-19-17-15-14-9	0	6	0
1810	18	10	18-20-19-17-15-10	143	5	715
1810	18	10	18-16-12-13-14-15-10	143	6	858
1811	18	11	18-16-12-11	36	3	108
1811	18	11	18-20-19-17-15-14-13-12-11	36	8	288
1812	18	12	18-16-12	30	2	60
1812	18	12	18-20-19-17-15-14-13-12	30	7	210
1813	18	13	18-16-12-13	128	3	384
1813	18	13	18-20-19-17-15-14-13	128	6	768
1814	18	14	18-16-12-13-14	86	4	344
1814	18	14	18-20-19-17-15-14	86	5	430
1815	18	15	18-20-19-17-15	145	4	580
1815	18	15	18-16-12-13-14-15	145	5	725
1816	18	16	18-16	158	1	158
1816	18	16	18-20-19-17-15-14-13-12-16	158	8	1264
1817	18	17	18-20-19-17	149	3	447
1817	18	17	18-16-12-13-14-15-17	149	6	894
1819	18	19	18-20-19	27	2	54
1819	18	19	18-16-12-13-14-15-17-19	27	7	189
1820	18	20	18-20	24	1	24
1820	18	20	18-16-12-13-14-15-17-19-20	24	8	192
190	19	0	19-17-15-10-5-2-0	49	6	294
190	19	0	19-17-15-10-5-2-1-0	49	7	343
191	19	1	19-17-15-10-5-2-1	84	6	504
191	19	1	19-17-15-14-9-7-1	84	6	504
192	19	2	19-17-15-10-5-2	50	5	250
192	19	2	19-17-15-14-9-7-1-2	50	7	350
193	19	3	19-17-15-10-5-4-3	13	6	78
193	19	3	19-17-15-10-5-2-1-3	13	7	91
194	19	4	19-17-15-10-5-4	151	5	755
194	19	4	19-17-15-10-5-2-1-3-4	151	8	1208
195	19	5	19-17-15-10-5	126	4	504
195	19	5	19-17-15-14-9-7-6-5	126	7	882
196	19	6	19-17-15-10-5-6	137	5	685
196	19	6	19-17-15-14-9-7-6	137	6	822
197	19	7	19-17-15-14-9-7	118	5	590
197	19	7	19-17-15-10-5-6-7	118	6	708
198	19	8	19-20-18-16-12-11-8	74	6	444
198	19	8	19-17-15-14-9-7-8	74	6	444
199	19	9	19-17-15-14-9	147	4	588
199	19	9	19-20-18-16-12-13-14-9	147	7	1029
1910	19	10	19-17-15-10	140	3	420
1910	19	10	19-20-18-16-12-13-14-15-10	140	8	1120
1911	19	11	19-20-18-16-12-11	152	5	760
1911	19	11	19-17-15-14-13-12-11	152	6	912
1912	19	12	19-20-18-16-12	40	4	160
1912	19	12	19-17-15-14-13-12	40	5	200
1913	19	13	19-17-15-14-13	37	4	148
1913	19	13	19-20-18-16-12-13	37	5	185
1914	19	14	19-17-15-14	198	3	594
1914	19	14	19-20-18-16-12-13-14	198	6	1188
1915	19	15	19-17-15	94	2	188
1915	19	15	19-20-18-16-12-13-14-15	94	7	658
1916	19	16	19-20-18-16	185	3	555
1916	19	16	19-17-15-14-13-12-16	185	6	1110
1917	19	17	19-17	23	1	23
1917	19	17	19-20-18-16-12-13-14-15-17	23	8	184
1918	19	18	19-20-18	73	2	146
1918	19	18	19-17-15-14-13-12-16-18	73	7	511
1920	19	20	19-20	140	1	140
1920	19	20	19-17-15-14-13-12-16-18-20	140	8	1120
200	20	0	20-19-17-15-10-5-2-0	28	7	196
200	20	0	20-19-17-15-10-5-2-1-0	28	8	224
201	20	1	20-19-17-15-10-5-2-1	183	7	1281
201	20	1	20-19-17-15-14-9-7-1	183	7	1281
202	20	2	20-19-17-15-10-5-2	39	6	234
202	20	2	20-18-16-12-11-8-7-1-2	39	8	312
203	20	3	20-19-17-15-10-5-4-3	183	7	1281
203	20	3	20-19-17-15-10-5-2-1-3	183	8	1464
204	20	4	20-19-17-15-10-5-4	1	6	6
204	20	4	20-19-17-15-10-5-2-1-3-4	1	9	9
205	20	5	20-19-17-15-10-5	137	5	685
205	20	5	20-18-16-12-11-8-7-6-5	137	8	1096
206	20	6	20-19-17-15-10-5-6	89	6	534
206	20	6	20-18-16-12-11-8-7-6	89	7	623
207	20	7	20-18-16-12-11-8-7	142	6	852
207	20	7	20-19-17-15-14-9-7	142	6	852
208	20	8	20-18-16-12-11-8	43	5	215
208	20	8	20-19-17-15-14-9-7-8	43	7	301
209	20	9	20-19-17-15-14-9	63	5	315
209	20	9	20-18-16-12-13-14-9	63	6	378
2010	20	10	20-19-17-15-10	131	4	524
2010	20	10	20-18-16-12-13-14-15-10	131	7	917
2011	20	11	20-18-16-12-11	170	4	680
2011	20	11	20-19-17-15-14-13-12-11	170	7	1190
2012	20	12	20-18-16-12	111	3	333
2012	20	12	20-19-17-15-14-13-12	111	6	666
2013	20	13	20-18-16-12-13	106	4	424
2013	20	13	20-19-17-15-14-13	106	5	530
2014	20	14	20-19-17-15-14	136	4	544
2014	20	14	20-18-16-12-13-14	136	5	680
2015	20	15	20-19-17-15	47	3	141
2015	20	15	20-18-16-12-13-14-15	47	6	282
2016	20	16	20-18-16	111	2	222
2016	20	16	20-19-17-15-14-13-12-16	111	7	777
2017	20	17	20-19-17	132	2	264
2017	20	17	20-18-16-12-13-14-15-17	132	7	924
2018	20	18	20-18	164	1	164
2018	20	18	20-19-17-15-14-13-12-16-18	164	8	1312
2019	20	19	20-19	71	1	71
2019	20	19	20-18-16-12-13-14-15-17-19	71	8	568
