01	0	1	0-1	99	1	99
02	0	2	0-2	111	1	111
03	0	3	0-1-3	105	2	210
04	0	4	0-1-3-4	19	3	57
05	0	5	0-2-5	84	2	168
06	0	6	0-2-5-6	7	3	21
07	0	7	0-1-7	2	2	4
08	0	8	0-1-7-8	83	3	249
09	0	9	0-1-7-9	119	3	357
010	0	10	0-2-5-10	9	3	27
011	0	11	0-1-7-8-11	58	4	232
012	0	12	0-1-7-8-11-12	81	5	405
013	0	13	0-1-7-9-14-13	123	5	615
014	0	14	0-1-7-9-14	113	4	452
015	0	15	0-2-5-10-15	129	4	516
016	0	16	0-1-7-8-11-12-16	58	6	348
017	0	17	0-2-5-10-15-17	113	5	565
018	0	18	0-1-7-8-11-12-16-18	14	7	98
019	0	19	0-2-5-10-15-17-19	136	6	816
020	0	20	0-2-5-10-15-17-19-20	103	7	721
10	1	0	1-0	42	1	42
12	1	2	1-2	149	1	149
13	1	3	1-3	77	1	77
14	1	4	1-3-4	1	2	2
15	1	5	1-2-5	13	2	26
16	1	6	1-7-6	71	2	142
17	1	7	1-7	131	1	131
18	1	8	1-7-8	67	2	134
19	1	9	1-7-9	118	2	236
110	1	10	1-2-5-10	27	3	81
111	1	11	1-7-8-11	148	3	444
112	1	12	1-7-8-11-12	37	4	148
113	1	13	1-7-9-14-13	56	4	224
114	1	14	1-7-9-14	76	3	228
115	1	15	1-7-9-14-15	42	4	168
116	1	16	1-7-8-11-12-16	110	5	550
117	1	17	1-7-9-14-15-17	98	5	490
118	1	18	1-7-8-11-12-16-18	73	6	438
119	1	19	1-7-9-14-15-17-19	102	6	612
120	1	20	1-7-8-11-12-16-18-20	125	7	875
20	2	0	2-0	95	1	95
21	2	1	2-1	47	1	47
23	2	3	2-1-3	30	2	60
24	2	4	2-5-4	75	2	150
25	2	5	2-5	83	1	83
26	2	6	2-5-6	57	2	114
27	2	7	2-1-7	28	2	56
28	2	8	2-1-7-8	8	3	24
29	2	9	2-1-7-9	145	3	435
210	2	10	2-5-10	48	2	96
211	2	11	2-1-7-8-11	44	4	176
212	2	12	2-1-7-8-11-12	90	5	450
213	2	13	2-5-10-15-14-13	144	5	720
214	2	14	2-5-10-15-14	103	4	412
215	2	15	2-5-10-15	117	3	351
216	2	16	2-1-7-8-11-12-16	64	6	384
217	2	17	2-5-10-15-17	14	4	56
218	2	18	2-1-7-8-11-12-16-18	128	7	896
219	2	19	2-5-10-15-17-19	9	5	45
220	2	20	2-5-10-15-17-19-20	71	6	426
30	3	0	3-1-0	55	2	110
31	3	1	3-1	32	1	32
32	3	2	3-1-2	96	2	192
34	3	4	3-4	127	1	127
35	3	5	3-4-5	31	2	62
36	3	6	3-4-5-6	104	3	312
37	3	7	3-1-7	40	2	80
38	3	8	3-1-7-8	135	3	405
39	3	9	3-1-7-9	142	3	426
310	3	10	3-4-5-10	12	3	36
311	3	11	3-1-7-8-11	137	4	548
312	3	12	3-1-7-8-11-12	131	5	655
313	3	13	3-1-7-9-14-13	47	5	235
314	3	14	3-1-7-9-14	2	4	8
315	3	15	3-4-5-10-15	125	4	500
316	3	16	3-1-7-8-11-12-16	60	6	360
317	3	17	3-4-5-10-15-17	87	5	435
318	3	18	3-1-7-8-11-12-16-18	63	7	441
319	3	19	3-4-5-10-15-17-19	147	6	882
320	3	20	3-4-5-10-15-17-19-20	106	7	742
40	4	0	4-3-1-0	102	3	306
41	4	1	4-3-1	75	2	150
42	4	2	4-5-2	84	2	168
43	4	3	4-3	143	1	143
45	4	5	4-5	64	1	64
46	4	6	4-5-6	67	2	134
47	4	7	4-3-1-7	55	3	165
48	4	8	4-3-1-7-8	15	4	60
49	4	9	4-3-1-7-9	7	4	28
410	4	10	4-5-10	113	2	226
411	4	11	4-3-1-7-8-11	32	5	160
412	4	12	4-3-1-7-8-11-12	62	6	372
413	4	13	4-5-10-15-14-13	1	5	5
414	4	14	4-5-10-15-14	83	4	332
415	4	15	4-5-10-15	49	3	147
416	4	16	4-3-1-7-8-11-12-16	142	7	994
417	4	17	4-5-10-15-17	124	4	496
418	4	18	4-5-10-15-17-19-20-18	106	7	742
419	4	19	4-5-10-15-17-19	93	5	465
420	4	20	4-5-10-15-17-19-20	2	6	12
50	5	0	5-2-0	86	2	172
51	5	1	5-2-1	22	2	44
52	5	2	5-2	121	1	121
53	5	3	5-4-3	122	2	244
54	5	4	5-4	11	1	11
56	5	6	5-6	58	1	58
57	5	7	5-6-7	65	2	130
58	5	8	5-6-7-8	147	3	441
59	5	9	5-6-7-9	137	3	411
510	5	10	5-10	98	1	98
511	5	11	5-6-7-8-11	71	4	284
512	5	12	5-6-7-8-11-12	29	5	145
513	5	13	5-10-15-14-13	14	4	56
514	5	14	5-10-15-14	25	3	75
515	5	15	5-10-15	30	2	60
516	5	16	5-6-7-8-11-12-16	85	6	510
517	5	17	5-10-15-17	51	3	153
518	5	18	5-10-15-17-19-20-18	134	6	804
519	5	19	5-10-15-17-19	115	4	460
520	5	20	5-10-15-17-19-20	108	5	540
60	6	0	6-7-1-0	139	3	417
61	6	1	6-7-1	27	2	54
62	6	2	6-5-2	48	2	96
63	6	3	6-7-1-3	14	3	42
64	6	4	6-5-4	26	2	52
65	6	5	6-5	22	1	22
67	6	7	6-7	115	1	115
68	6	8	6-7-8	18	2	36
69	6	9	6-7-9	98	2	196
610	6	10	6-5-10	25	2	50
611	6	11	6-7-8-11	9	3	27
612	6	12	6-7-8-11-12	1	4	4
613	6	13	6-7-9-14-13	86	4	344
614	6	14	6-7-9-14	146	3	438
615	6	15	6-5-10-15	147	3	441
616	6	16	6-7-8-11-12-16	50	5	250
617	6	17	6-5-10-15-17	69	4	276
618	6	18	6-7-8-11-12-16-18	53	6	318
619	6	19	6-5-10-15-17-19	64	5	320
620	6	20	6-5-10-15-17-19-20	119	6	714
70	7	0	7-1-0	26	2	52
71	7	1	7-1	17	1	17
72	7	2	7-1-2	4	2	8
73	7	3	7-1-3	90	2	180
74	7	4	7-1-3-4	40	3	120
75	7	5	7-6-5	102	2	204
76	7	6	7-6	29	1	29
78	7	8	7-8	83	1	83
79	7	9	7-9	70	1	70
710	7	10	7-6-5-10	90	3	270
711	7	11	7-8-11	134	2	268
712	7	12	7-8-11-12	132	3	396
713	7	13	7-9-14-13	136	3	408
714	7	14	7-9-14	37	2	74
715	7	15	7-9-14-15	81	3	243
716	7	16	7-8-11-12-16	60	4	240
717	7	17	7-9-14-15-17	72	4	288
718	7	18	7-8-11-12-16-18	37	5	185
719	7	19	7-9-14-15-17-19	6	5	30
720	7	20	7-8-11-12-16-18-20	74	6	444
80	8	0	8-7-1-0	114	3	342
81	8	1	8-7-1	19	2	38
82	8	2	8-7-1-2	3	3	9
83	8	3	8-7-1-3	81	3	243
84	8	4	8-7-1-3-4	86	4	344
85	8	5	8-7-6-5	125	3	375
86	8	6	8-7-6	138	2	276
87	8	7	8-7	8	1	8
89	8	9	8-7-9	132	2	264
810	8	10	8-7-6-5-10	42	4	168
811	8	11	8-11	138	1	138
812	8	12	8-11-12	1	2	2
813	8	13	8-11-12-13	149	3	447
814	8	14	8-7-9-14	9	3	27
815	8	15	8-7-9-14-15	76	4	304
816	8	16	8-11-12-16	65	3	195
817	8	17	8-7-9-14-15-17	51	5	255
818	8	18	8-11-12-16-18	56	4	224
819	8	19	8-7-9-14-15-17-19	31	6	186
820	8	20	8-11-12-16-18-20	56	5	280
90	9	0	9-7-1-0	44	3	132
91	9	1	9-7-1	4	2	8
92	9	2	9-7-1-2	80	3	240
93	9	3	9-7-1-3	67	3	201
94	9	4	9-7-1-3-4	36	4	144
95	9	5	9-7-6-5	117	3	351
96	9	6	9-7-6	9	2	18
97	9	7	9-7	148	1	148
98	9	8	9-7-8	69	2	138
910	9	10	9-14-15-10	71	3	213
911	9	11	9-7-8-11	106	3	318
912	9	12	9-14-13-12	133	3	399
913	9	13	9-14-13	106	2	212
914	9	14	9-14	35	1	35
915	9	15	9-14-15	127	2	254
916	9	16	9-14-13-12-16	111	4	444
917	9	17	9-14-15-17	17	3	51
918	9	18	9-14-13-12-16-18	16	5	80
919	9	19	9-14-15-17-19	135	4	540
920	9	20	9-14-15-17-19-20	47	5	235
100	10	0	10-5-2-0	92	3	276
101	10	1	10-5-2-1	43	3	129
102	10	2	10-5-2	48	2	96
103	10	3	10-5-4-3	25	3	75
104	10	4	10-5-4	47	2	94
105	10	5	10-5	12	1	12
106	10	6	10-5-6	70	2	140
107	10	7	10-5-6-7	16	3	48
108	10	8	10-5-6-7-8	55	4	220
109	10	9	10-15-14-9	49	3	147
1011	10	11	10-15-14-13-12-11	66	5	330
1012	10	12	10-15-14-13-12	54	4	216
1013	10	13	10-15-14-13	134	3	402
1014	10	14	10-15-14	51	2	102
1015	10	15	10-15	145	1	145
1016	10	16	10-15-14-13-12-16	140	5	700
1017	10	17	10-15-17	105	2	210
1018	10	18	10-15-17-19-20-18	126	5	630
1019	10	19	10-15-17-19	45	3	135
1020	10	20	10-15-17-19-20	143	4	572
110	11	0	11-8-7-1-0	111	4	444
111	11	1	11-8-7-1	15	3	45
112	11	2	11-8-7-1-2	30	4	120
113	11	3	11-8-7-1-3	21	4	84
114	11	4	11-8-7-1-3-4	106	5	530
115	11	5	11-8-7-6-5	136	4	544
116	11	6	11-8-7-6	58	3	174
117	11	7	11-8-7	141	2	282
118	11	8	11-8	130	1	130
119	11	9	11-8-7-9	51	3	153
1110	11	10	11-12-13-14-15-10	128	5	640
1112	11	12	11-12	149	1	149
1113	11	13	11-12-13	81	2	162
1114	11	14	11-12-13-14	81	3	243
1115	11	15	11-12-13-14-15	18	4	72
1116	11	16	11-12-16	85	2	170
1117	11	17	11-12-13-14-15-17	63	5	315
1118	11	18	11-12-16-18	68	3	204
1119	11	19	11-12-16-18-20-19	142	5	710
1120	11	20	11-12-16-18-20	106	4	424
120	12	0	12-11-8-7-1-0	144	5	720
121	12	1	12-11-8-7-1	105	4	420
122	12	2	12-11-8-7-1-2	125	5	625
123	12	3	12-11-8-7-1-3	14	5	70
124	12	4	12-11-8-7-1-3-4	94	6	564
125	12	5	12-11-8-7-6-5	35	5	175
126	12	6	12-11-8-7-6	136	4	544
127	12	7	12-11-8-7	2	3	6
128	12	8	12-11-8	133	2	266
129	12	9	12-13-14-9	72	3	216
1210	12	10	12-13-14-15-10	79	4	316
1211	12	11	12-11	47	1	47
1213	12	13	12-13	41	1	41
1214	12	14	12-13-14	19	2	38
1215	12	15	12-13-14-15	112	3	336
1216	12	16	12-16	97	1	97
1217	12	17	12-13-14-15-17	37	4	148
1218	12	18	12-16-18	30	2	60
1219	12	19	12-16-18-20-19	8	4	32
1220	12	20	12-16-18-20	17	3	51
130	13	0	13-14-9-7-1-0	129	5	645
131	13	1	13-14-9-7-1	29	4	116
132	13	2	13-14-9-7-1-2	81	5	405
133	13	3	13-14-9-7-1-3	35	5	175
134	13	4	13-14-15-10-5-4	46	5	230
135	13	5	13-14-15-10-5	52	4	208
136	13	6	13-14-9-7-6	89	4	356
137	13	7	13-14-9-7	2	3	6
138	13	8	13-12-11-8	49	3	147
139	13	9	13-14-9	139	2	278
1310	13	10	13-14-15-10	30	3	90
1311	13	11	13-12-11	40	2	80
1312	13	12	13-12	81	1	81
1314	13	14	13-14	71	1	71
1315	13	15	13-14-15	64	2	128
1316	13	16	13-12-16	120	2	240
1317	13	17	13-14-15-17	65	3	195
1318	13	18	13-12-16-18	137	3	411
1319	13	19	13-14-15-17-19	95	4	380
1320	13	20	13-12-16-18-20	147	4	588
140	14	0	14-9-7-1-0	124	4	496
141	14	1	14-9-7-1	98	3	294
142	14	2	14-9-7-1-2	22	4	88
143	14	3	14-9-7-1-3	118	4	472
144	14	4	14-15-10-5-4	69	4	276
145	14	5	14-15-10-5	53	3	159
146	14	6	14-9-7-6	58	3	174
147	14	7	14-9-7	33	2	66
148	14	8	14-9-7-8	54	3	162
149	14	9	14-9	76	1	76
1410	14	10	14-15-10	93	2	186
1411	14	11	14-13-12-11	94	3	282
1412	14	12	14-13-12	138	2	276
1413	14	13	14-13	40	1	40
1415	14	15	14-15	47	1	47
1416	14	16	14-13-12-16	69	3	207
1417	14	17	14-15-17	71	2	142
1418	14	18	14-13-12-16-18	66	4	264
1419	14	19	14-15-17-19	89	3	267
1420	14	20	14-15-17-19-20	115	4	460
150	15	0	15-10-5-2-0	129	4	516
151	15	1	15-10-5-2-1	79	4	316
152	15	2	15-10-5-2	7	3	21
153	15	3	15-10-5-4-3	130	4	520
154	15	4	15-10-5-4	43	3	129
155	15	5	15-10-5	80	2	160
156	15	6	15-10-5-6	11	3	33
157	15	7	15-14-9-7	147	3	441
158	15	8	15-14-9-7-8	96	4	384
159	15	9	15-14-9	121	2	242
1510	15	10	15-10	114	1	114
1511	15	11	15-14-13-12-11	8	4	32
1512	15	12	15-14-13-12	7	3	21
1513	15	13	15-14-13	3	2	6
1514	15	14	15-14	148	1	148
1516	15	16	15-14-13-12-16	45	4	180
1517	15	17	15-17	10	1	10
1518	15	18	15-17-19-20-18	112	4	448
1519	15	19	15-17-19	60	2	120
1520	15	20	15-17-19-20	59	3	177
160	16	0	16-12-11-8-7-1-0	76	6	456
161	16	1	16-12-11-8-7-1	32	5	160
162	16	2	16-12-11-8-7-1-2	36	6	216
163	16	3	16-12-11-8-7-1-3	51	6	306
164	16	4	16-12-11-8-7-1-3-4	59	7	413
165	16	5	16-12-11-8-7-6-5	27	6	162
166	16	6	16-12-11-8-7-6	1	5	5
167	16	7	16-12-11-8-7	14	4	56
168	16	8	16-12-11-8	100	3	300
169	16	9	16-12-13-14-9	35	4	140
1610	16	10	16-12-13-14-15-10	77	5	385
1611	16	11	16-12-11	114	2	228
1612	16	12	16-12	142	1	142
1613	16	13	16-12-13	80	2	160
1614	16	14	16-12-13-14	92	3	276
1615	16	15	16-12-13-14-15	144	4	576
1617	16	17	16-18-20-19-17	65	4	260
1618	16	18	16-18	1	1	1
1619	16	19	16-18-20-19	89	3	267
1620	16	20	16-18-20	69	2	138
170	17	0	17-15-10-5-2-0	96	5	480
171	17	1	17-15-10-5-2-1	73	5	365
172	17	2	17-15-10-5-2	68	4	272
173	17	3	17-15-10-5-4-3	37	5	185
174	17	4	17-15-10-5-4	3	4	12
175	17	5	17-15-10-5	5	3	15
176	17	6	17-15-10-5-6	64	4	256
177	17	7	17-15-14-9-7	89	4	356
178	17	8	17-15-14-9-7-8	32	5	160
179	17	9	17-15-14-9	138	3	414
1710	17	10	17-15-10	47	2	94
1711	17	11	17-15-14-13-12-11	105	5	525
1712	17	12	17-15-14-13-12	59	4	236
1713	17	13	17-15-14-13	16	3	48
1714	17	14	17-15-14	1	2	2
1715	17	15	17-15	62	1	62
1716	17	16	17-19-20-18-16	139	4	556
1718	17	18	17-19-20-18	59	3	177
1719	17	19	17-19	90	1	90
1720	17	20	17-19-20	106	2	212
180	18	0	18-16-12-11-8-7-1-0	103	7	721
181	18	1	18-16-12-11-8-7-1	74	6	444
182	18	2	18-16-12-11-8-7-1-2	31	7	217
183	18	3	18-16-12-11-8-7-1-3	61	7	427
184	18	4	18-20-19-17-15-10-5-4	2	7	14
185	18	5	18-20-19-17-15-10-5	2	6	12
186	18	6	18-16-12-11-8-7-6	7	6	42
187	18	7	18-16-12-11-8-7	56	5	280
188	18	8	18-16-12-11-8	15	4	60
189	18	9	18-16-12-13-14-9	6	5	30
1810	18	10	18-20-19-17-15-10	147	5	735
1811	18	11	18-16-12-11	94	3	282
1812	18	12	18-16-12	8	2	16
1813	18	13	18-16-12-13	40	3	120
1814	18	14	18-16-12-13-14	146	4	584
1815	18	15	18-20-19-17-15	95	4	380
1816	18	16	18-16	141	1	141
1817	18	17	18-20-19-17	145	3	435
1819	18	19	18-20-19	33	2	66
1820	18	20	18-20	106	1	106
190	19	0	19-17-15-10-5-2-0	147	6	882
191	19	1	19-17-15-10-5-2-1	25	6	150
192	19	2	19-17-15-10-5-2	33	5	165
193	19	3	19-17-15-10-5-4-3	62	6	372
194	19	4	19-17-15-10-5-4	26	5	130
195	19	5	19-17-15-10-5	93	4	372
196	19	6	19-17-15-10-5-6	26	5	130
197	19	7	19-17-15-14-9-7	4	5	20
198	19	8	19-20-18-16-12-11-8	18	6	108
199	19	9	19-17-15-14-9	58	4	232
1910	19	10	19-17-15-10	14	3	42
1911	19	11	19-20-18-16-12-11	120	5	600
1912	19	12	19-20-18-16-12	91	4	364
1913	19	13	19-17-15-14-13	76	4	304
1914	19	14	19-17-15-14	15	3	45
1915	19	15	19-17-15	71	2	142
1916	19	16	19-20-18-16	85	3	255
1917	19	17	19-17	16	1	16
1918	19	18	19-20-18	6	2	12
1920	19	20	19-20	72	1	72
200	20	0	20-19-17-15-10-5-2-0	128	7	896
201	20	1	20-19-17-15-10-5-2-1	5	7	35
202	20	2	20-19-17-15-10-5-2	85	6	510
203	20	3	20-19-17-15-10-5-4-3	81	7	567
204	20	4	20-19-17-15-10-5-4	57	6	342
205	20	5	20-19-17-15-10-5	20	5	100
206	20	6	20-19-17-15-10-5-6	142	6	852
207	20	7	20-18-16-12-11-8-7	20	6	120
208	20	8	20-18-16-12-11-8	42	5	210
209	20	9	20-19-17-15-14-9	34	5	170
2010	20	10	20-19-17-15-10	141	4	564
2011	20	11	20-18-16-12-11	11	4	44
2012	20	12	20-18-16-12	11	3	33
2013	20	13	20-18-16-12-13	16	4	64
2014	20	14	20-19-17-15-14	121	4	484
2015	20	15	20-19-17-15	136	3	408
2016	20	16	20-18-16	53	2	106
2017	20	17	20-19-17	34	2	68
2018	20	18	20-18	112	1	112
2019	20	19	20-19	8	1	8
