01	0	1	0-1	17	1346	22882
01	0	1	0-2-1	17	2794	47498
01	0	1	0-3-4-6-7-1	17	7177	122009
01	0	1	0-2-5-8-9-7-1	17	8227	139859
02	0	2	0-2	44	2024	89056
02	0	2	0-1-2	44	2116	93104
02	0	2	0-1-7-9-8-5-2	44	7549	332156
02	0	2	0-3-4-6-7-1-2	44	7947	349668
03	0	3	0-3	10	3414	34140
03	0	3	0-1-7-6-4-3	10	5109	51090
03	0	3	0-2-1-7-6-4-3	10	6557	65570
03	0	3	0-2-5-4-3	10	6906	69060
04	0	4	0-1-7-6-4	1	4261	4261
04	0	4	0-3-4	1	4262	4262
04	0	4	0-2-1-7-6-4	1	5709	5709
04	0	4	0-2-5-4	1	6058	6058
05	0	5	0-2-5	18	4397	79146
05	0	5	0-1-2-5	18	4489	80802
05	0	5	0-1-7-9-8-5	18	5176	93168
05	0	5	0-1-7-6-4-5	18	5922	106596
06	0	6	0-1-7-6	9	3456	31104
06	0	6	0-2-1-7-6	9	4904	44136
06	0	6	0-3-4-6	9	5067	45603
06	0	6	0-2-5-4-6	9	6863	61767
07	0	7	0-1-7	28	2578	72184
07	0	7	0-2-1-7	28	4026	112728
07	0	7	0-3-4-6-7	28	5945	166460
07	0	7	0-2-5-8-9-7	28	6995	195860
08	0	8	0-1-7-9-8	44	3897	171468
08	0	8	0-2-1-7-9-8	44	5345	235180
08	0	8	0-2-5-8	44	5676	249744
08	0	8	0-1-2-5-8	44	5768	253792
09	0	9	0-1-7-9	36	3355	120780
09	0	9	0-2-1-7-9	36	4803	172908
09	0	9	0-2-5-8-9	36	6218	223848
09	0	9	0-1-2-5-8-9	36	6310	227160
010	0	10	0-1-7-9-11-10	9	4641	41769
010	0	10	0-1-7-9-13-10	9	4654	41886
010	0	10	0-1-7-9-13-12-11-10	9	5999	53991
010	0	10	0-3-10	9	6030	54270
011	0	11	0-1-7-9-11	24	4346	104304
011	0	11	0-1-7-9-13-10-11	24	4949	118776
011	0	11	0-1-7-9-13-12-11	24	5704	136896
011	0	11	0-2-1-7-9-11	24	5794	139056
012	0	12	0-1-7-9-13-12	23	4600	105800
012	0	12	0-1-7-9-11-12	23	5450	125350
012	0	12	0-1-7-9-11-10-13-12	23	5717	131491
012	0	12	0-2-1-7-9-13-12	23	6048	139104
013	0	13	0-1-7-9-13	43	4089	175827
013	0	13	0-1-7-9-11-10-13	43	5206	223858
013	0	13	0-2-1-7-9-13	43	5537	238091
013	0	13	0-1-7-9-11-12-13	43	5961	256323
10	1	0	1-0	45	1346	60570
10	1	0	1-2-0	45	2794	125730
10	1	0	1-7-6-4-3-0	45	7177	322965
10	1	0	1-7-9-8-5-2-0	45	8227	370215
12	1	2	1-2	33	770	25410
12	1	2	1-0-2	33	3370	111210
12	1	2	1-7-9-8-5-2	33	6203	204699
12	1	2	1-7-6-4-5-2	33	6949	229317
13	1	3	1-7-6-4-3	30	3763	112890
13	1	3	1-0-3	30	4760	142800
13	1	3	1-2-5-4-3	30	5652	169560
13	1	3	1-7-9-11-10-3	30	5911	177330
14	1	4	1-7-6-4	24	2915	69960
14	1	4	1-2-5-4	24	4804	115296
14	1	4	1-7-9-8-5-4	24	5491	131784
14	1	4	1-0-3-4	24	5608	134592
15	1	5	1-2-5	3	3143	9429
15	1	5	1-7-9-8-5	3	3830	11490
15	1	5	1-7-6-4-5	3	4576	13728
15	1	5	1-7-9-13-12-5	3	5539	16617
16	1	6	1-7-6	18	2110	37980
16	1	6	1-2-5-4-6	18	5609	100962
16	1	6	1-7-9-8-5-4-6	18	6296	113328
16	1	6	1-0-3-4-6	18	6413	115434
17	1	7	1-7	1	1232	1232
17	1	7	1-2-5-8-9-7	1	5741	5741
17	1	7	1-2-5-4-6-7	1	6487	6487
17	1	7	1-0-3-4-6-7	1	7291	7291
18	1	8	1-7-9-8	20	2551	51020
18	1	8	1-2-5-8	20	4422	88440
18	1	8	1-7-6-4-5-8	20	5855	117100
18	1	8	1-7-9-13-12-5-8	20	6818	136360
19	1	9	1-7-9	46	2009	92414
19	1	9	1-2-5-8-9	46	4964	228344
19	1	9	1-7-6-4-5-8-9	46	6397	294262
19	1	9	1-2-5-12-13-9	46	6673	306958
110	1	10	1-7-9-11-10	20	3295	65900
110	1	10	1-7-9-13-10	20	3308	66160
110	1	10	1-7-9-13-12-11-10	20	4653	93060
110	1	10	1-7-9-11-12-13-10	20	5180	103600
111	1	11	1-7-9-11	41	3000	123000
111	1	11	1-7-9-13-10-11	41	3603	147723
111	1	11	1-7-9-13-12-11	41	4358	178678
111	1	11	1-2-5-8-9-11	41	5955	244155
112	1	12	1-7-9-13-12	1	3254	3254
112	1	12	1-7-9-11-12	1	4104	4104
112	1	12	1-7-9-11-10-13-12	1	4371	4371
112	1	12	1-7-9-13-10-11-12	1	4707	4707
113	1	13	1-7-9-13	44	2743	120692
113	1	13	1-7-9-11-10-13	44	3860	169840
113	1	13	1-7-9-11-12-13	44	4615	203060
113	1	13	1-2-5-8-9-13	44	5698	250712
20	2	0	2-0	17	2024	34408
20	2	0	2-1-0	17	2116	35972
20	2	0	2-5-8-9-7-1-0	17	7549	128333
20	2	0	2-1-7-6-4-3-0	17	7947	135099
21	2	1	2-1	20	770	15400
21	2	1	2-0-1	20	3370	67400
21	2	1	2-5-8-9-7-1	20	6203	124060
21	2	1	2-5-4-6-7-1	20	6949	138980
23	2	3	2-1-7-6-4-3	16	4533	72528
23	2	3	2-5-4-3	16	4882	78112
23	2	3	2-0-3	16	5438	87008
23	2	3	2-1-0-3	16	5530	88480
24	2	4	2-1-7-6-4	7	3685	25795
24	2	4	2-5-4	7	4034	28238
24	2	4	2-1-7-9-8-5-4	7	6261	43827
24	2	4	2-0-1-7-6-4	7	6285	43995
25	2	5	2-5	38	2373	90174
25	2	5	2-1-7-9-8-5	38	4600	174800
25	2	5	2-1-7-6-4-5	38	5346	203148
25	2	5	2-1-7-9-13-12-5	38	6309	239742
26	2	6	2-1-7-6	7	2880	20160
26	2	6	2-5-4-6	7	4839	33873
26	2	6	2-0-1-7-6	7	5480	38360
26	2	6	2-5-8-9-7-6	7	5849	40943
27	2	7	2-1-7	17	2002	34034
27	2	7	2-0-1-7	17	4602	78234
27	2	7	2-5-8-9-7	17	4971	84507
27	2	7	2-5-4-6-7	17	5717	97189
28	2	8	2-1-7-9-8	42	3321	139482
28	2	8	2-5-8	42	3652	153384
28	2	8	2-0-1-7-9-8	42	5921	248682
28	2	8	2-5-12-13-9-8	42	6445	270690
29	2	9	2-1-7-9	47	2779	130613
29	2	9	2-5-8-9	47	4194	197118
29	2	9	2-0-1-7-9	47	5379	252813
29	2	9	2-5-12-13-9	47	5903	277441
210	2	10	2-1-7-9-11-10	43	4065	174795
210	2	10	2-1-7-9-13-10	43	4078	175354
210	2	10	2-1-7-9-13-12-11-10	43	5423	233189
210	2	10	2-5-8-9-11-10	43	5480	235640
211	2	11	2-1-7-9-11	29	3770	109330
211	2	11	2-1-7-9-13-10-11	29	4373	126817
211	2	11	2-1-7-9-13-12-11	29	5128	148712
211	2	11	2-5-8-9-11	29	5185	150365
212	2	12	2-1-7-9-13-12	7	4024	28168
212	2	12	2-5-12	7	4658	32606
212	2	12	2-1-7-9-11-12	7	4874	34118
212	2	12	2-1-7-9-11-10-13-12	7	5141	35987
213	2	13	2-1-7-9-13	45	3513	158085
213	2	13	2-1-7-9-11-10-13	45	4630	208350
213	2	13	2-5-8-9-13	45	4928	221760
213	2	13	2-5-12-13	45	5169	232605
30	3	0	3-0	6	3414	20484
30	3	0	3-4-6-7-1-0	6	5109	30654
30	3	0	3-4-6-7-1-2-0	6	6557	39342
30	3	0	3-4-5-2-0	6	6906	41436
31	3	1	3-4-6-7-1	19	3763	71497
31	3	1	3-0-1	19	4760	90440
31	3	1	3-4-5-2-1	19	5652	107388
31	3	1	3-10-11-9-7-1	19	5911	112309
32	3	2	3-4-6-7-1-2	0	4533	0
32	3	2	3-4-5-2	0	4882	0
32	3	2	3-0-2	0	5438	0
32	3	2	3-0-1-2	0	5530	0
34	3	4	3-4	33	848	27984
34	3	4	3-10-11-9-7-6-4	33	6362	209946
34	3	4	3-10-13-9-7-6-4	33	6375	210375
34	3	4	3-10-11-9-8-5-4	33	7384	243672
35	3	5	3-4-5	40	2509	100360
35	3	5	3-4-6-7-9-8-5	40	5129	205160
35	3	5	3-10-11-9-8-5	40	5723	228920
35	3	5	3-10-13-9-8-5	40	5736	229440
36	3	6	3-4-6	25	1653	41325
36	3	6	3-10-11-9-7-6	25	5557	138925
36	3	6	3-10-13-9-7-6	25	5570	139250
36	3	6	3-4-5-8-9-7-6	25	5985	149625
37	3	7	3-4-6-7	21	2531	53151
37	3	7	3-10-11-9-7	21	4679	98259
37	3	7	3-10-13-9-7	21	4692	98532
37	3	7	3-4-5-8-9-7	21	5107	107247
38	3	8	3-4-5-8	22	3788	83336
38	3	8	3-4-6-7-9-8	22	3850	84700
38	3	8	3-10-11-9-8	22	4444	97768
38	3	8	3-10-13-9-8	22	4457	98054
39	3	9	3-4-6-7-9	13	3308	43004
39	3	9	3-10-11-9	13	3902	50726
39	3	9	3-10-13-9	13	3915	50895
39	3	9	3-4-5-8-9	13	4330	56290
310	3	10	3-10	13	2616	34008
310	3	10	3-4-6-7-9-11-10	13	4594	59722
310	3	10	3-4-6-7-9-13-10	13	4607	59891
310	3	10	3-4-5-8-9-11-10	13	5616	73008
311	3	11	3-10-11	16	2911	46576
311	3	11	3-4-6-7-9-11	16	4299	68784
311	3	11	3-10-13-12-11	16	4796	76736
311	3	11	3-4-6-7-9-13-10-11	16	4902	78432
312	3	12	3-10-13-12	26	3692	95992
312	3	12	3-10-11-12	26	4015	104390
312	3	12	3-4-6-7-9-13-12	26	4553	118378
312	3	12	3-4-5-12	26	4794	124644
313	3	13	3-10-13	43	3181	136783
313	3	13	3-4-6-7-9-13	43	4042	173806
313	3	13	3-10-11-12-13	43	4526	194618
313	3	13	3-10-11-9-13	43	4636	199348
40	4	0	4-6-7-1-0	47	4261	200267
40	4	0	4-3-0	47	4262	200314
40	4	0	4-6-7-1-2-0	47	5709	268323
40	4	0	4-5-2-0	47	6058	284726
41	4	1	4-6-7-1	46	2915	134090
41	4	1	4-5-2-1	46	4804	220984
41	4	1	4-5-8-9-7-1	46	5491	252586
41	4	1	4-3-0-1	46	5608	257968
42	4	2	4-6-7-1-2	6	3685	22110
42	4	2	4-5-2	6	4034	24204
42	4	2	4-5-8-9-7-1-2	6	6261	37566
42	4	2	4-6-7-1-0-2	6	6285	37710
43	4	3	4-3	13	848	11024
43	4	3	4-6-7-9-11-10-3	13	6362	82706
43	4	3	4-6-7-9-13-10-3	13	6375	82875
43	4	3	4-5-8-9-11-10-3	13	7384	95992
45	4	5	4-5	28	1661	46508
45	4	5	4-6-7-9-8-5	28	4281	119868
45	4	5	4-6-7-9-13-12-5	28	5990	167720
45	4	5	4-6-7-1-2-5	28	6058	169624
46	4	6	4-6	36	805	28980
46	4	6	4-5-8-9-7-6	36	5137	184932
46	4	6	4-3-10-11-9-7-6	36	6405	230580
46	4	6	4-3-10-13-9-7-6	36	6418	231048
47	4	7	4-6-7	10	1683	16830
47	4	7	4-5-8-9-7	10	4259	42590
47	4	7	4-3-10-11-9-7	10	5527	55270
47	4	7	4-3-10-13-9-7	10	5540	55400
48	4	8	4-5-8	10	2940	29400
48	4	8	4-6-7-9-8	10	3002	30020
48	4	8	4-3-10-11-9-8	10	5292	52920
48	4	8	4-3-10-13-9-8	10	5305	53050
49	4	9	4-6-7-9	29	2460	71340
49	4	9	4-5-8-9	29	3482	100978
49	4	9	4-3-10-11-9	29	4750	137750
49	4	9	4-3-10-13-9	29	4763	138127
410	4	10	4-3-10	30	3464	103920
410	4	10	4-6-7-9-11-10	30	3746	112380
410	4	10	4-6-7-9-13-10	30	3759	112770
410	4	10	4-5-8-9-11-10	30	4768	143040
411	4	11	4-6-7-9-11	24	3451	82824
411	4	11	4-3-10-11	24	3759	90216
411	4	11	4-6-7-9-13-10-11	24	4054	97296
411	4	11	4-5-8-9-11	24	4473	107352
412	4	12	4-6-7-9-13-12	16	3705	59280
412	4	12	4-5-12	16	3946	63136
412	4	12	4-3-10-13-12	16	4540	72640
412	4	12	4-6-7-9-11-12	16	4555	72880
413	4	13	4-6-7-9-13	11	3194	35134
413	4	13	4-3-10-13	11	4029	44319
413	4	13	4-5-8-9-13	11	4216	46376
413	4	13	4-6-7-9-11-10-13	11	4311	47421
50	5	0	5-2-0	47	4397	206659
50	5	0	5-2-1-0	47	4489	210983
50	5	0	5-8-9-7-1-0	47	5176	243272
50	5	0	5-4-6-7-1-0	47	5922	278334
51	5	1	5-2-1	8	3143	25144
51	5	1	5-8-9-7-1	8	3830	30640
51	5	1	5-4-6-7-1	8	4576	36608
51	5	1	5-12-13-9-7-1	8	5539	44312
52	5	2	5-2	47	2373	111531
52	5	2	5-8-9-7-1-2	47	4600	216200
52	5	2	5-4-6-7-1-2	47	5346	251262
52	5	2	5-12-13-9-7-1-2	47	6309	296523
53	5	3	5-4-3	2	2509	5018
53	5	3	5-8-9-7-6-4-3	2	5129	10258
53	5	3	5-8-9-11-10-3	2	5723	11446
53	5	3	5-8-9-13-10-3	2	5736	11472
54	5	4	5-4	9	1661	14949
54	5	4	5-8-9-7-6-4	9	4281	38529
54	5	4	5-12-13-9-7-6-4	9	5990	53910
54	5	4	5-2-1-7-6-4	9	6058	54522
56	5	6	5-4-6	4	2466	9864
56	5	6	5-8-9-7-6	4	3476	13904
56	5	6	5-12-13-9-7-6	4	5185	20740
56	5	6	5-2-1-7-6	4	5253	21012
57	5	7	5-8-9-7	11	2598	28578
57	5	7	5-4-6-7	11	3344	36784
57	5	7	5-12-13-9-7	11	4307	47377
57	5	7	5-2-1-7	11	4375	48125
58	5	8	5-8	29	1279	37091
58	5	8	5-12-13-9-8	29	4072	118088
58	5	8	5-4-6-7-9-8	29	4663	135227
58	5	8	5-12-11-9-8	29	4922	142738
59	5	9	5-8-9	4	1821	7284
59	5	9	5-12-13-9	4	3530	14120
59	5	9	5-4-6-7-9	4	4121	16484
59	5	9	5-12-11-9	4	4380	17520
510	5	10	5-8-9-11-10	33	3107	102531
510	5	10	5-8-9-13-10	33	3120	102960
510	5	10	5-12-13-10	33	3361	110913
510	5	10	5-12-11-10	33	3684	121572
511	5	11	5-8-9-11	14	2812	39368
511	5	11	5-12-11	14	3389	47446
511	5	11	5-8-9-13-10-11	14	3415	47810
511	5	11	5-12-13-10-11	14	3656	51184
512	5	12	5-12	17	2285	38845
512	5	12	5-8-9-13-12	17	3066	52122
512	5	12	5-8-9-11-12	17	3916	66572
512	5	12	5-8-9-11-10-13-12	17	4183	71111
513	5	13	5-8-9-13	14	2555	35770
513	5	13	5-12-13	14	2796	39144
513	5	13	5-8-9-11-10-13	14	3672	51408
513	5	13	5-12-11-10-13	14	4249	59486
60	6	0	6-7-1-0	4	3456	13824
60	6	0	6-7-1-2-0	4	4904	19616
60	6	0	6-4-3-0	4	5067	20268
60	6	0	6-4-5-2-0	4	6863	27452
61	6	1	6-7-1	38	2110	80180
61	6	1	6-4-5-2-1	38	5609	213142
61	6	1	6-4-5-8-9-7-1	38	6296	239248
61	6	1	6-4-3-0-1	38	6413	243694
62	6	2	6-7-1-2	44	2880	126720
62	6	2	6-4-5-2	44	4839	212916
62	6	2	6-7-1-0-2	44	5480	241120
62	6	2	6-7-9-8-5-2	44	5849	257356
63	6	3	6-4-3	24	1653	39672
63	6	3	6-7-9-11-10-3	24	5557	133368
63	6	3	6-7-9-13-10-3	24	5570	133680
63	6	3	6-7-9-8-5-4-3	24	5985	143640
64	6	4	6-4	32	805	25760
64	6	4	6-7-9-8-5-4	32	5137	164384
64	6	4	6-7-9-11-10-3-4	32	6405	204960
64	6	4	6-7-9-13-10-3-4	32	6418	205376
65	6	5	6-4-5	46	2466	113436
65	6	5	6-7-9-8-5	46	3476	159896
65	6	5	6-7-9-13-12-5	46	5185	238510
65	6	5	6-7-1-2-5	46	5253	241638
67	6	7	6-7	0	878	0
67	6	7	6-4-5-8-9-7	0	5064	0
67	6	7	6-4-3-10-11-9-7	0	6332	0
67	6	7	6-4-3-10-13-9-7	0	6345	0
68	6	8	6-7-9-8	13	2197	28561
68	6	8	6-4-5-8	13	3745	48685
68	6	8	6-4-3-10-11-9-8	13	6097	79261
68	6	8	6-4-3-10-13-9-8	13	6110	79430
69	6	9	6-7-9	20	1655	33100
69	6	9	6-4-5-8-9	20	4287	85740
69	6	9	6-4-3-10-11-9	20	5555	111100
69	6	9	6-4-3-10-13-9	20	5568	111360
610	6	10	6-7-9-11-10	41	2941	120581
610	6	10	6-7-9-13-10	41	2954	121114
610	6	10	6-4-3-10	41	4269	175029
610	6	10	6-7-9-13-12-11-10	41	4299	176259
611	6	11	6-7-9-11	30	2646	79380
611	6	11	6-7-9-13-10-11	30	3249	97470
611	6	11	6-7-9-13-12-11	30	4004	120120
611	6	11	6-4-3-10-11	30	4564	136920
612	6	12	6-7-9-13-12	40	2900	116000
612	6	12	6-7-9-11-12	40	3750	150000
612	6	12	6-7-9-11-10-13-12	40	4017	160680
612	6	12	6-7-9-13-10-11-12	40	4353	174120
613	6	13	6-7-9-13	8	2389	19112
613	6	13	6-7-9-11-10-13	8	3506	28048
613	6	13	6-7-9-11-12-13	8	4261	34088
613	6	13	6-4-3-10-13	8	4834	38672
70	7	0	7-1-0	22	2578	56716
70	7	0	7-1-2-0	22	4026	88572
70	7	0	7-6-4-3-0	22	5945	130790
70	7	0	7-9-8-5-2-0	22	6995	153890
71	7	1	7-1	10	1232	12320
71	7	1	7-9-8-5-2-1	10	5741	57410
71	7	1	7-6-4-5-2-1	10	6487	64870
71	7	1	7-6-4-3-0-1	10	7291	72910
72	7	2	7-1-2	34	2002	68068
72	7	2	7-1-0-2	34	4602	156468
72	7	2	7-9-8-5-2	34	4971	169014
72	7	2	7-6-4-5-2	34	5717	194378
73	7	3	7-6-4-3	4	2531	10124
73	7	3	7-9-11-10-3	4	4679	18716
73	7	3	7-9-13-10-3	4	4692	18768
73	7	3	7-9-8-5-4-3	4	5107	20428
74	7	4	7-6-4	16	1683	26928
74	7	4	7-9-8-5-4	16	4259	68144
74	7	4	7-9-11-10-3-4	16	5527	88432
74	7	4	7-9-13-10-3-4	16	5540	88640
75	7	5	7-9-8-5	3	2598	7794
75	7	5	7-6-4-5	3	3344	10032
75	7	5	7-9-13-12-5	3	4307	12921
75	7	5	7-1-2-5	3	4375	13125
76	7	6	7-6	10	878	8780
76	7	6	7-9-8-5-4-6	10	5064	50640
76	7	6	7-9-11-10-3-4-6	10	6332	63320
76	7	6	7-9-13-10-3-4-6	10	6345	63450
78	7	8	7-9-8	30	1319	39570
78	7	8	7-6-4-5-8	30	4623	138690
78	7	8	7-9-13-12-5-8	30	5586	167580
78	7	8	7-1-2-5-8	30	5654	169620
79	7	9	7-9	36	777	27972
79	7	9	7-6-4-5-8-9	36	5165	185940
79	7	9	7-1-2-5-8-9	36	6196	223056
79	7	9	7-6-4-3-10-11-9	36	6433	231588
710	7	10	7-9-11-10	17	2063	35071
710	7	10	7-9-13-10	17	2076	35292
710	7	10	7-9-13-12-11-10	17	3421	58157
710	7	10	7-9-11-12-13-10	17	3948	67116
711	7	11	7-9-11	35	1768	61880
711	7	11	7-9-13-10-11	35	2371	82985
711	7	11	7-9-13-12-11	35	3126	109410
711	7	11	7-6-4-3-10-11	35	5442	190470
712	7	12	7-9-13-12	20	2022	40440
712	7	12	7-9-11-12	20	2872	57440
712	7	12	7-9-11-10-13-12	20	3139	62780
712	7	12	7-9-13-10-11-12	20	3475	69500
713	7	13	7-9-13	29	1511	43819
713	7	13	7-9-11-10-13	29	2628	76212
713	7	13	7-9-11-12-13	29	3383	98107
713	7	13	7-9-8-5-12-13	29	5394	156426
80	8	0	8-9-7-1-0	27	3897	105219
80	8	0	8-9-7-1-2-0	27	5345	144315
80	8	0	8-5-2-0	27	5676	153252
80	8	0	8-5-2-1-0	27	5768	155736
81	8	1	8-9-7-1	26	2551	66326
81	8	1	8-5-2-1	26	4422	114972
81	8	1	8-5-4-6-7-1	26	5855	152230
81	8	1	8-5-12-13-9-7-1	26	6818	177268
82	8	2	8-9-7-1-2	6	3321	19926
82	8	2	8-5-2	6	3652	21912
82	8	2	8-9-7-1-0-2	6	5921	35526
82	8	2	8-9-13-12-5-2	6	6445	38670
83	8	3	8-5-4-3	2	3788	7576
83	8	3	8-9-7-6-4-3	2	3850	7700
83	8	3	8-9-11-10-3	2	4444	8888
83	8	3	8-9-13-10-3	2	4457	8914
84	8	4	8-5-4	14	2940	41160
84	8	4	8-9-7-6-4	14	3002	42028
84	8	4	8-9-11-10-3-4	14	5292	74088
84	8	4	8-9-13-10-3-4	14	5305	74270
85	8	5	8-5	3	1279	3837
85	8	5	8-9-13-12-5	3	4072	12216
85	8	5	8-9-7-6-4-5	3	4663	13989
85	8	5	8-9-11-12-5	3	4922	14766
86	8	6	8-9-7-6	28	2197	61516
86	8	6	8-5-4-6	28	3745	104860
86	8	6	8-9-11-10-3-4-6	28	6097	170716
86	8	6	8-9-13-10-3-4-6	28	6110	171080
87	8	7	8-9-7	21	1319	27699
87	8	7	8-5-4-6-7	21	4623	97083
87	8	7	8-5-12-13-9-7	21	5586	117306
87	8	7	8-5-2-1-7	21	5654	118734
89	8	9	8-9	20	542	10840
89	8	9	8-5-12-13-9	20	4809	96180
89	8	9	8-5-4-6-7-9	20	5400	108000
89	8	9	8-5-12-11-9	20	5659	113180
810	8	10	8-9-11-10	48	1828	87744
810	8	10	8-9-13-10	48	1841	88368
810	8	10	8-9-13-12-11-10	48	3186	152928
810	8	10	8-9-11-12-13-10	48	3713	178224
811	8	11	8-9-11	13	1533	19929
811	8	11	8-9-13-10-11	13	2136	27768
811	8	11	8-9-13-12-11	13	2891	37583
811	8	11	8-5-12-11	13	4668	60684
812	8	12	8-9-13-12	43	1787	76841
812	8	12	8-9-11-12	43	2637	113391
812	8	12	8-9-11-10-13-12	43	2904	124872
812	8	12	8-9-13-10-11-12	43	3240	139320
813	8	13	8-9-13	34	1276	43384
813	8	13	8-9-11-10-13	34	2393	81362
813	8	13	8-9-11-12-13	34	3148	107032
813	8	13	8-5-12-13	34	4075	138550
90	9	0	9-7-1-0	45	3355	150975
90	9	0	9-7-1-2-0	45	4803	216135
90	9	0	9-8-5-2-0	45	6218	279810
90	9	0	9-8-5-2-1-0	45	6310	283950
91	9	1	9-7-1	29	2009	58261
91	9	1	9-8-5-2-1	29	4964	143956
91	9	1	9-8-5-4-6-7-1	29	6397	185513
91	9	1	9-13-12-5-2-1	29	6673	193517
92	9	2	9-7-1-2	40	2779	111160
92	9	2	9-8-5-2	40	4194	167760
92	9	2	9-7-1-0-2	40	5379	215160
92	9	2	9-13-12-5-2	40	5903	236120
93	9	3	9-7-6-4-3	6	3308	19848
93	9	3	9-11-10-3	6	3902	23412
93	9	3	9-13-10-3	6	3915	23490
93	9	3	9-8-5-4-3	6	4330	25980
94	9	4	9-7-6-4	4	2460	9840
94	9	4	9-8-5-4	4	3482	13928
94	9	4	9-11-10-3-4	4	4750	19000
94	9	4	9-13-10-3-4	4	4763	19052
95	9	5	9-8-5	25	1821	45525
95	9	5	9-13-12-5	25	3530	88250
95	9	5	9-7-6-4-5	25	4121	103025
95	9	5	9-11-12-5	25	4380	109500
96	9	6	9-7-6	1	1655	1655
96	9	6	9-8-5-4-6	1	4287	4287
96	9	6	9-11-10-3-4-6	1	5555	5555
96	9	6	9-13-10-3-4-6	1	5568	5568
97	9	7	9-7	11	777	8547
97	9	7	9-8-5-4-6-7	11	5165	56815
97	9	7	9-8-5-2-1-7	11	6196	68156
97	9	7	9-11-10-3-4-6-7	11	6433	70763
98	9	8	9-8	35	542	18970
98	9	8	9-13-12-5-8	35	4809	168315
98	9	8	9-7-6-4-5-8	35	5400	189000
98	9	8	9-11-12-5-8	35	5659	198065
910	9	10	9-11-10	34	1286	43724
910	9	10	9-13-10	34	1299	44166
910	9	10	9-13-12-11-10	34	2644	89896
910	9	10	9-11-12-13-10	34	3171	107814
911	9	11	9-11	33	991	32703
911	9	11	9-13-10-11	33	1594	52602
911	9	11	9-13-12-11	33	2349	77517
911	9	11	9-8-5-12-11	33	5210	171930
912	9	12	9-13-12	6	1245	7470
912	9	12	9-11-12	6	2095	12570
912	9	12	9-11-10-13-12	6	2362	14172
912	9	12	9-13-10-11-12	6	2698	16188
913	9	13	9-13	42	734	30828
913	9	13	9-11-10-13	42	1851	77742
913	9	13	9-11-12-13	42	2606	109452
913	9	13	9-8-5-12-13	42	4617	193914
100	10	0	10-11-9-7-1-0	0	4641	0
100	10	0	10-13-9-7-1-0	0	4654	0
100	10	0	10-11-12-13-9-7-1-0	0	5999	0
100	10	0	10-3-0	0	6030	0
101	10	1	10-11-9-7-1	12	3295	39540
101	10	1	10-13-9-7-1	12	3308	39696
101	10	1	10-11-12-13-9-7-1	12	4653	55836
101	10	1	10-13-12-11-9-7-1	12	5180	62160
102	10	2	10-11-9-7-1-2	29	4065	117885
102	10	2	10-13-9-7-1-2	29	4078	118262
102	10	2	10-11-12-13-9-7-1-2	29	5423	157267
102	10	2	10-11-9-8-5-2	29	5480	158920
103	10	3	10-3	44	2616	115104
103	10	3	10-11-9-7-6-4-3	44	4594	202136
103	10	3	10-13-9-7-6-4-3	44	4607	202708
103	10	3	10-11-9-8-5-4-3	44	5616	247104
104	10	4	10-3-4	15	3464	51960
104	10	4	10-11-9-7-6-4	15	3746	56190
104	10	4	10-13-9-7-6-4	15	3759	56385
104	10	4	10-11-9-8-5-4	15	4768	71520
105	10	5	10-11-9-8-5	19	3107	59033
105	10	5	10-13-9-8-5	19	3120	59280
105	10	5	10-13-12-5	19	3361	63859
105	10	5	10-11-12-5	19	3684	69996
106	10	6	10-11-9-7-6	33	2941	97053
106	10	6	10-13-9-7-6	33	2954	97482
106	10	6	10-3-4-6	33	4269	140877
106	10	6	10-11-12-13-9-7-6	33	4299	141867
107	10	7	10-11-9-7	27	2063	55701
107	10	7	10-13-9-7	27	2076	56052
107	10	7	10-11-12-13-9-7	27	3421	92367
107	10	7	10-13-12-11-9-7	27	3948	106596
108	10	8	10-11-9-8	38	1828	69464
108	10	8	10-13-9-8	38	1841	69958
108	10	8	10-11-12-13-9-8	38	3186	121068
108	10	8	10-13-12-11-9-8	38	3713	141094
109	10	9	10-11-9	4	1286	5144
109	10	9	10-13-9	4	1299	5196
109	10	9	10-11-12-13-9	4	2644	10576
109	10	9	10-13-12-11-9	4	3171	12684
1011	10	11	10-11	20	295	5900
1011	10	11	10-13-12-11	20	2180	43600
1011	10	11	10-13-9-11	20	2290	45800
1011	10	11	10-13-12-5-8-9-11	20	6173	123460
1012	10	12	10-13-12	25	1076	26900
1012	10	12	10-11-12	25	1399	34975
1012	10	12	10-11-9-13-12	25	2531	63275
1012	10	12	10-13-9-11-12	25	3394	84850
1013	10	13	10-13	33	565	18645
1013	10	13	10-11-12-13	33	1910	63030
1013	10	13	10-11-9-13	33	2020	66660
1013	10	13	10-11-9-8-5-12-13	33	5903	194799
110	11	0	11-9-7-1-0	34	4346	147764
110	11	0	11-10-13-9-7-1-0	34	4949	168266
110	11	0	11-12-13-9-7-1-0	34	5704	193936
110	11	0	11-9-7-1-2-0	34	5794	196996
111	11	1	11-9-7-1	9	3000	27000
111	11	1	11-10-13-9-7-1	9	3603	32427
111	11	1	11-12-13-9-7-1	9	4358	39222
111	11	1	11-9-8-5-2-1	9	5955	53595
112	11	2	11-9-7-1-2	4	3770	15080
112	11	2	11-10-13-9-7-1-2	4	4373	17492
112	11	2	11-12-13-9-7-1-2	4	5128	20512
112	11	2	11-9-8-5-2	4	5185	20740
113	11	3	11-10-3	29	2911	84419
113	11	3	11-9-7-6-4-3	29	4299	124671
113	11	3	11-12-13-10-3	29	4796	139084
113	11	3	11-10-13-9-7-6-4-3	29	4902	142158
114	11	4	11-9-7-6-4	8	3451	27608
114	11	4	11-10-3-4	8	3759	30072
114	11	4	11-10-13-9-7-6-4	8	4054	32432
114	11	4	11-9-8-5-4	8	4473	35784
115	11	5	11-9-8-5	18	2812	50616
115	11	5	11-12-5	18	3389	61002
115	11	5	11-10-13-9-8-5	18	3415	61470
115	11	5	11-10-13-12-5	18	3656	65808
116	11	6	11-9-7-6	29	2646	76734
116	11	6	11-10-13-9-7-6	29	3249	94221
116	11	6	11-12-13-9-7-6	29	4004	116116
116	11	6	11-10-3-4-6	29	4564	132356
117	11	7	11-9-7	43	1768	76024
117	11	7	11-10-13-9-7	43	2371	101953
117	11	7	11-12-13-9-7	43	3126	134418
117	11	7	11-10-3-4-6-7	43	5442	234006
118	11	8	11-9-8	47	1533	72051
118	11	8	11-10-13-9-8	47	2136	100392
118	11	8	11-12-13-9-8	47	2891	135877
118	11	8	11-12-5-8	47	4668	219396
119	11	9	11-9	3	991	2973
119	11	9	11-10-13-9	3	1594	4782
119	11	9	11-12-13-9	3	2349	7047
119	11	9	11-12-5-8-9	3	5210	15630
1110	11	10	11-10	41	295	12095
1110	11	10	11-12-13-10	41	2180	89380
1110	11	10	11-9-13-10	41	2290	93890
1110	11	10	11-9-8-5-12-13-10	41	6173	253093
1112	11	12	11-12	43	1104	47472
1112	11	12	11-10-13-12	43	1371	58953
1112	11	12	11-9-13-12	43	2236	96148
1112	11	12	11-9-8-5-12	43	5097	219171
1113	11	13	11-10-13	4	860	3440
1113	11	13	11-12-13	4	1615	6460
1113	11	13	11-9-13	4	1725	6900
1113	11	13	11-9-8-5-12-13	4	5608	22432
120	12	0	12-13-9-7-1-0	46	4600	211600
120	12	0	12-11-9-7-1-0	46	5450	250700
120	12	0	12-13-10-11-9-7-1-0	46	5717	262982
120	12	0	12-13-9-7-1-2-0	46	6048	278208
121	12	1	12-13-9-7-1	21	3254	68334
121	12	1	12-11-9-7-1	21	4104	86184
121	12	1	12-13-10-11-9-7-1	21	4371	91791
121	12	1	12-11-10-13-9-7-1	21	4707	98847
122	12	2	12-13-9-7-1-2	30	4024	120720
122	12	2	12-5-2	30	4658	139740
122	12	2	12-11-9-7-1-2	30	4874	146220
122	12	2	12-13-10-11-9-7-1-2	30	5141	154230
123	12	3	12-13-10-3	30	3692	110760
123	12	3	12-11-10-3	30	4015	120450
123	12	3	12-13-9-7-6-4-3	30	4553	136590
123	12	3	12-5-4-3	30	4794	143820
124	12	4	12-13-9-7-6-4	16	3705	59280
124	12	4	12-5-4	16	3946	63136
124	12	4	12-13-10-3-4	16	4540	72640
124	12	4	12-11-9-7-6-4	16	4555	72880
125	12	5	12-5	20	2285	45700
125	12	5	12-13-9-8-5	20	3066	61320
125	12	5	12-11-9-8-5	20	3916	78320
125	12	5	12-13-10-11-9-8-5	20	4183	83660
126	12	6	12-13-9-7-6	25	2900	72500
126	12	6	12-11-9-7-6	25	3750	93750
126	12	6	12-13-10-11-9-7-6	25	4017	100425
126	12	6	12-11-10-13-9-7-6	25	4353	108825
127	12	7	12-13-9-7	18	2022	36396
127	12	7	12-11-9-7	18	2872	51696
127	12	7	12-13-10-11-9-7	18	3139	56502
127	12	7	12-11-10-13-9-7	18	3475	62550
128	12	8	12-13-9-8	43	1787	76841
128	12	8	12-11-9-8	43	2637	113391
128	12	8	12-13-10-11-9-8	43	2904	124872
128	12	8	12-11-10-13-9-8	43	3240	139320
129	12	9	12-13-9	32	1245	39840
129	12	9	12-11-9	32	2095	67040
129	12	9	12-13-10-11-9	32	2362	75584
129	12	9	12-11-10-13-9	32	2698	86336
1210	12	10	12-13-10	18	1076	19368
1210	12	10	12-11-10	18	1399	25182
1210	12	10	12-13-9-11-10	18	2531	45558
1210	12	10	12-11-9-13-10	18	3394	61092
1211	12	11	12-11	26	1104	28704
1211	12	11	12-13-10-11	26	1371	35646
1211	12	11	12-13-9-11	26	2236	58136
1211	12	11	12-5-8-9-11	26	5097	132522
1213	12	13	12-13	47	511	24017
1213	12	13	12-11-10-13	47	1964	92308
1213	12	13	12-11-9-13	47	2829	132963
1213	12	13	12-5-8-9-13	47	4840	227480
130	13	0	13-9-7-1-0	7	4089	28623
130	13	0	13-10-11-9-7-1-0	7	5206	36442
130	13	0	13-9-7-1-2-0	7	5537	38759
130	13	0	13-12-11-9-7-1-0	7	5961	41727
131	13	1	13-9-7-1	13	2743	35659
131	13	1	13-10-11-9-7-1	13	3860	50180
131	13	1	13-12-11-9-7-1	13	4615	59995
131	13	1	13-9-8-5-2-1	13	5698	74074
132	13	2	13-9-7-1-2	8	3513	28104
132	13	2	13-10-11-9-7-1-2	8	4630	37040
132	13	2	13-9-8-5-2	8	4928	39424
132	13	2	13-12-5-2	8	5169	41352
133	13	3	13-10-3	9	3181	28629
133	13	3	13-9-7-6-4-3	9	4042	36378
133	13	3	13-12-11-10-3	9	4526	40734
133	13	3	13-9-11-10-3	9	4636	41724
134	13	4	13-9-7-6-4	8	3194	25552
134	13	4	13-10-3-4	8	4029	32232
134	13	4	13-9-8-5-4	8	4216	33728
134	13	4	13-10-11-9-7-6-4	8	4311	34488
135	13	5	13-9-8-5	24	2555	61320
135	13	5	13-12-5	24	2796	67104
135	13	5	13-10-11-9-8-5	24	3672	88128
135	13	5	13-10-11-12-5	24	4249	101976
136	13	6	13-9-7-6	17	2389	40613
136	13	6	13-10-11-9-7-6	17	3506	59602
136	13	6	13-12-11-9-7-6	17	4261	72437
136	13	6	13-10-3-4-6	17	4834	82178
137	13	7	13-9-7	6	1511	9066
137	13	7	13-10-11-9-7	6	2628	15768
137	13	7	13-12-11-9-7	6	3383	20298
137	13	7	13-12-5-8-9-7	6	5394	32364
138	13	8	13-9-8	9	1276	11484
138	13	8	13-10-11-9-8	9	2393	21537
138	13	8	13-12-11-9-8	9	3148	28332
138	13	8	13-12-5-8	9	4075	36675
139	13	9	13-9	4	734	2936
139	13	9	13-10-11-9	4	1851	7404
139	13	9	13-12-11-9	4	2606	10424
139	13	9	13-12-5-8-9	4	4617	18468
1310	13	10	13-10	30	565	16950
1310	13	10	13-12-11-10	30	1910	57300
1310	13	10	13-9-11-10	30	2020	60600
1310	13	10	13-12-5-8-9-11-10	30	5903	177090
1311	13	11	13-10-11	26	860	22360
1311	13	11	13-12-11	26	1615	41990
1311	13	11	13-9-11	26	1725	44850
1311	13	11	13-12-5-8-9-11	26	5608	145808
1312	13	12	13-12	6	511	3066
1312	13	12	13-10-11-12	6	1964	11784
1312	13	12	13-9-11-12	6	2829	16974
1312	13	12	13-9-8-5-12	6	4840	29040