01	0	1	0-1	31	1	31
01	0	1	0-2-1	31	2	62
02	0	2	0-2	34	1	34
02	0	2	0-1-2	34	2	68
03	0	3	0-1-3	33	2	66
03	0	3	0-2-1-3	33	3	99
04	0	4	0-1-3-4	41	3	123
04	0	4	0-2-5-4	41	3	123
05	0	5	0-2-5	0	2	0
05	0	5	0-1-2-5	0	3	0
06	0	6	0-2-5-6	22	3	66
06	0	6	0-1-7-6	22	3	66
07	0	7	0-1-7	4	2	8
07	0	7	0-2-1-7	4	3	12
08	0	8	0-1-7-8	45	3	135
08	0	8	0-2-1-7-8	45	4	180
09	0	9	0-1-7-9	35	3	105
09	0	9	0-2-1-7-9	35	4	140
010	0	10	0-2-5-10	39	3	117
010	0	10	0-1-2-5-10	39	4	156
011	0	11	0-1-7-8-11	26	4	104
011	0	11	0-2-1-7-8-11	26	5	130
012	0	12	0-1-7-8-11-12	46	5	230
012	0	12	0-2-1-7-8-11-12	46	6	276
013	0	13	0-1-7-9-14-13	18	5	90
013	0	13	0-1-7-8-11-12-13	18	6	108
014	0	14	0-1-7-9-14	22	4	88
014	0	14	0-2-5-10-15-14	22	5	110
015	0	15	0-2-5-10-15	48	4	192
015	0	15	0-1-7-9-14-15	48	5	240
016	0	16	0-1-7-8-11-12-16	47	6	282
016	0	16	0-2-1-7-8-11-12-16	47	7	329
017	0	17	0-2-5-10-15-17	15	5	75
017	0	17	0-1-7-9-14-15-17	15	6	90
018	0	18	0-1-7-8-11-12-16-18	22	7	154
018	0	18	0-2-1-7-8-11-12-16-18	22	8	176
019	0	19	0-2-5-10-15-17-19	20	6	120
019	0	19	0-1-7-9-14-15-17-19	20	7	140
020	0	20	0-2-5-10-15-17-19-20	9	7	63
020	0	20	0-1-7-8-11-12-16-18-20	9	8	72
10	1	0	1-0	0	1	0
10	1	0	1-2-0	0	2	0
12	1	2	1-2	33	1	33
12	1	2	1-0-2	33	2	66
13	1	3	1-3	32	1	32
13	1	3	1-2-5-4-3	32	4	128
14	1	4	1-3-4	24	2	48
14	1	4	1-2-5-4	24	3	72
15	1	5	1-2-5	29	2	58
15	1	5	1-0-2-5	29	3	87
16	1	6	1-7-6	14	2	28
16	1	6	1-2-5-6	14	3	42
17	1	7	1-7	13	1	13
17	1	7	1-2-5-6-7	13	4	52
18	1	8	1-7-8	25	2	50
18	1	8	1-2-5-6-7-8	25	5	125
19	1	9	1-7-9	5	2	10
19	1	9	1-2-5-6-7-9	5	5	25
110	1	10	1-2-5-10	45	3	135
110	1	10	1-0-2-5-10	45	4	180
111	1	11	1-7-8-11	40	3	120
111	1	11	1-7-9-14-13-12-11	40	6	240
112	1	12	1-7-8-11-12	39	4	156
112	1	12	1-7-9-14-13-12	39	5	195
113	1	13	1-7-9-14-13	37	4	148
113	1	13	1-7-8-11-12-13	37	5	185
114	1	14	1-7-9-14	31	3	93
114	1	14	1-2-5-10-15-14	31	5	155
115	1	15	1-7-9-14-15	1	4	4
115	1	15	1-2-5-10-15	1	4	4
116	1	16	1-7-8-11-12-16	38	5	190
116	1	16	1-7-9-14-13-12-16	38	6	228
117	1	17	1-7-9-14-15-17	45	5	225
117	1	17	1-2-5-10-15-17	45	5	225
118	1	18	1-7-8-11-12-16-18	6	6	36
118	1	18	1-7-9-14-13-12-16-18	6	7	42
119	1	19	1-7-9-14-15-17-19	35	6	210
119	1	19	1-2-5-10-15-17-19	35	6	210
120	1	20	1-7-8-11-12-16-18-20	15	7	105
120	1	20	1-2-5-10-15-17-19-20	15	7	105
20	2	0	2-0	47	1	47
20	2	0	2-1-0	47	2	94
21	2	1	2-1	20	1	20
21	2	1	2-0-1	20	2	40
23	2	3	2-1-3	47	2	94
23	2	3	2-0-1-3	47	3	141
24	2	4	2-5-4	26	2	52
24	2	4	2-1-3-4	26	3	78
25	2	5	2-5	30	1	30
25	2	5	2-1-3-4-5	30	4	120
26	2	6	2-5-6	0	2	0
26	2	6	2-1-7-6	0	3	0
27	2	7	2-1-7	44	2	88
27	2	7	2-0-1-7	44	3	132
28	2	8	2-1-7-8	27	3	81
28	2	8	2-0-1-7-8	27	4	108
29	2	9	2-1-7-9	37	3	111
29	2	9	2-0-1-7-9	37	4	148
210	2	10	2-5-10	46	2	92
210	2	10	2-1-3-4-5-10	46	5	230
211	2	11	2-1-7-8-11	46	4	184
211	2	11	2-0-1-7-8-11	46	5	230
212	2	12	2-1-7-8-11-12	14	5	70
212	2	12	2-0-1-7-8-11-12	14	6	84
213	2	13	2-5-10-15-14-13	35	5	175
213	2	13	2-1-7-9-14-13	35	5	175
214	2	14	2-5-10-15-14	39	4	156
214	2	14	2-1-7-9-14	39	4	156
215	2	15	2-5-10-15	35	3	105
215	2	15	2-1-7-9-14-15	35	5	175
216	2	16	2-1-7-8-11-12-16	18	6	108
216	2	16	2-0-1-7-8-11-12-16	18	7	126
217	2	17	2-5-10-15-17	15	4	60
217	2	17	2-1-7-9-14-15-17	15	6	90
218	2	18	2-1-7-8-11-12-16-18	18	7	126
218	2	18	2-5-10-15-17-19-20-18	18	7	126
219	2	19	2-5-10-15-17-19	14	5	70
219	2	19	2-1-7-9-14-15-17-19	14	7	98
220	2	20	2-5-10-15-17-19-20	32	6	192
220	2	20	2-1-7-8-11-12-16-18-20	32	8	256
30	3	0	3-1-0	2	2	4
30	3	0	3-1-2-0	2	3	6
31	3	1	3-1	12	1	12
31	3	1	3-4-5-2-1	12	4	48
32	3	2	3-1-2	34	2	68
32	3	2	3-1-0-2	34	3	102
34	3	4	3-4	2	1	2
34	3	4	3-1-2-5-4	2	4	8
35	3	5	3-4-5	15	2	30
35	3	5	3-1-2-5	15	3	45
36	3	6	3-4-5-6	14	3	42
36	3	6	3-1-7-6	14	3	42
37	3	7	3-1-7	6	2	12
37	3	7	3-4-5-6-7	6	4	24
38	3	8	3-1-7-8	20	3	60
38	3	8	3-4-5-6-7-8	20	5	100
39	3	9	3-1-7-9	14	3	42
39	3	9	3-4-5-6-7-9	14	5	70
310	3	10	3-4-5-10	32	3	96
310	3	10	3-1-2-5-10	32	4	128
311	3	11	3-1-7-8-11	30	4	120
311	3	11	3-4-5-6-7-8-11	30	6	180
312	3	12	3-1-7-8-11-12	12	5	60
312	3	12	3-1-7-9-14-13-12	12	6	72
313	3	13	3-1-7-9-14-13	45	5	225
313	3	13	3-1-7-8-11-12-13	45	6	270
314	3	14	3-1-7-9-14	31	4	124
314	3	14	3-4-5-10-15-14	31	5	155
315	3	15	3-4-5-10-15	9	4	36
315	3	15	3-1-7-9-14-15	9	5	45
316	3	16	3-1-7-8-11-12-16	33	6	198
316	3	16	3-1-7-9-14-13-12-16	33	7	231
317	3	17	3-4-5-10-15-17	29	5	145
317	3	17	3-1-7-9-14-15-17	29	6	174
318	3	18	3-1-7-8-11-12-16-18	30	7	210
318	3	18	3-1-7-9-14-13-12-16-18	30	8	240
319	3	19	3-4-5-10-15-17-19	19	6	114
319	3	19	3-1-7-9-14-15-17-19	19	7	133
320	3	20	3-4-5-10-15-17-19-20	18	7	126
320	3	20	3-1-7-8-11-12-16-18-20	18	8	144
40	4	0	4-3-1-0	10	3	30
40	4	0	4-5-2-0	10	3	30
41	4	1	4-3-1	4	2	8
41	4	1	4-5-2-1	4	3	12
42	4	2	4-5-2	16	2	32
42	4	2	4-3-1-2	16	3	48
43	4	3	4-3	19	1	19
43	4	3	4-5-2-1-3	19	4	76
45	4	5	4-5	40	1	40
45	4	5	4-3-1-2-5	40	4	160
46	4	6	4-5-6	48	2	96
46	4	6	4-3-1-7-6	48	4	192
47	4	7	4-3-1-7	31	3	93
47	4	7	4-5-6-7	31	3	93
48	4	8	4-3-1-7-8	22	4	88
48	4	8	4-5-6-7-8	22	4	88
49	4	9	4-3-1-7-9	45	4	180
49	4	9	4-5-6-7-9	45	4	180
410	4	10	4-5-10	7	2	14
410	4	10	4-3-1-2-5-10	7	5	35
411	4	11	4-3-1-7-8-11	6	5	30
411	4	11	4-5-6-7-8-11	6	5	30
412	4	12	4-3-1-7-8-11-12	10	6	60
412	4	12	4-5-10-15-14-13-12	10	6	60
413	4	13	4-5-10-15-14-13	20	5	100
413	4	13	4-3-1-7-9-14-13	20	6	120
414	4	14	4-5-10-15-14	21	4	84
414	4	14	4-3-1-7-9-14	21	5	105
415	4	15	4-5-10-15	6	3	18
415	4	15	4-3-1-7-9-14-15	6	6	36
416	4	16	4-3-1-7-8-11-12-16	27	7	189
416	4	16	4-5-10-15-14-13-12-16	27	7	189
417	4	17	4-5-10-15-17	10	4	40
417	4	17	4-3-1-7-9-14-15-17	10	7	70
418	4	18	4-5-10-15-17-19-20-18	13	7	91
418	4	18	4-3-1-7-8-11-12-16-18	13	8	104
419	4	19	4-5-10-15-17-19	23	5	115
419	4	19	4-3-1-7-9-14-15-17-19	23	8	184
420	4	20	4-5-10-15-17-19-20	7	6	42
420	4	20	4-3-1-7-8-11-12-16-18-20	7	9	63
50	5	0	5-2-0	42	2	84
50	5	0	5-2-1-0	42	3	126
51	5	1	5-2-1	20	2	40
51	5	1	5-2-0-1	20	3	60
52	5	2	5-2	14	1	14
52	5	2	5-4-3-1-2	14	4	56
53	5	3	5-4-3	26	2	52
53	5	3	5-2-1-3	26	3	78
54	5	4	5-4	39	1	39
54	5	4	5-2-1-3-4	39	4	156
56	5	6	5-6	38	1	38
56	5	6	5-2-1-7-6	38	4	152
57	5	7	5-6-7	18	2	36
57	5	7	5-2-1-7	18	3	54
58	5	8	5-6-7-8	39	3	117
58	5	8	5-2-1-7-8	39	4	156
59	5	9	5-6-7-9	13	3	39
59	5	9	5-10-15-14-9	13	4	52
510	5	10	5-10	7	1	7
510	5	10	5-6-7-9-14-15-10	7	6	42
511	5	11	5-6-7-8-11	23	4	92
511	5	11	5-2-1-7-8-11	23	5	115
512	5	12	5-6-7-8-11-12	44	5	220
512	5	12	5-10-15-14-13-12	44	5	220
513	5	13	5-10-15-14-13	28	4	112
513	5	13	5-6-7-9-14-13	28	5	140
514	5	14	5-10-15-14	24	3	72
514	5	14	5-6-7-9-14	24	4	96
515	5	15	5-10-15	6	2	12
515	5	15	5-6-7-9-14-15	6	5	30
516	5	16	5-6-7-8-11-12-16	0	6	0
516	5	16	5-10-15-14-13-12-16	0	6	0
517	5	17	5-10-15-17	26	3	78
517	5	17	5-6-7-9-14-15-17	26	6	156
518	5	18	5-10-15-17-19-20-18	23	6	138
518	5	18	5-6-7-8-11-12-16-18	23	7	161
519	5	19	5-10-15-17-19	31	4	124
519	5	19	5-6-7-9-14-15-17-19	31	7	217
520	5	20	5-10-15-17-19-20	21	5	105
520	5	20	5-6-7-8-11-12-16-18-20	21	8	168
60	6	0	6-7-1-0	6	3	18
60	6	0	6-5-2-0	6	3	18
61	6	1	6-7-1	48	2	96
61	6	1	6-5-2-1	48	3	144
62	6	2	6-5-2	24	2	48
62	6	2	6-7-1-2	24	3	72
63	6	3	6-7-1-3	13	3	39
63	6	3	6-5-4-3	13	3	39
64	6	4	6-5-4	27	2	54
64	6	4	6-7-1-3-4	27	4	108
65	6	5	6-5	35	1	35
65	6	5	6-7-1-2-5	35	4	140
67	6	7	6-7	24	1	24
67	6	7	6-5-2-1-7	24	4	96
68	6	8	6-7-8	23	2	46
68	6	8	6-5-2-1-7-8	23	5	115
69	6	9	6-7-9	26	2	52
69	6	9	6-5-10-15-14-9	26	5	130
610	6	10	6-5-10	11	2	22
610	6	10	6-7-9-14-15-10	11	5	55
611	6	11	6-7-8-11	24	3	72
611	6	11	6-7-9-14-13-12-11	24	6	144
612	6	12	6-7-8-11-12	28	4	112
612	6	12	6-7-9-14-13-12	28	5	140
613	6	13	6-7-9-14-13	17	4	68
613	6	13	6-7-8-11-12-13	17	5	85
614	6	14	6-7-9-14	9	3	27
614	6	14	6-5-10-15-14	9	4	36
615	6	15	6-5-10-15	41	3	123
615	6	15	6-7-9-14-15	41	4	164
616	6	16	6-7-8-11-12-16	33	5	165
616	6	16	6-7-9-14-13-12-16	33	6	198
617	6	17	6-5-10-15-17	29	4	116
617	6	17	6-7-9-14-15-17	29	5	145
618	6	18	6-7-8-11-12-16-18	19	6	114
618	6	18	6-7-9-14-13-12-16-18	19	7	133
619	6	19	6-5-10-15-17-19	23	5	115
619	6	19	6-7-9-14-15-17-19	23	6	138
620	6	20	6-5-10-15-17-19-20	27	6	162
620	6	20	6-7-8-11-12-16-18-20	27	7	189
70	7	0	7-1-0	42	2	84
70	7	0	7-1-2-0	42	3	126
71	7	1	7-1	37	1	37
71	7	1	7-6-5-2-1	37	4	148
72	7	2	7-1-2	37	2	74
72	7	2	7-1-0-2	37	3	111
73	7	3	7-1-3	43	2	86
73	7	3	7-6-5-4-3	43	4	172
74	7	4	7-1-3-4	2	3	6
74	7	4	7-6-5-4	2	3	6
75	7	5	7-6-5	19	2	38
75	7	5	7-1-2-5	19	3	57
76	7	6	7-6	34	1	34
76	7	6	7-1-2-5-6	34	4	136
78	7	8	7-8	31	1	31
78	7	8	7-9-14-13-12-11-8	31	6	186
79	7	9	7-9	9	1	9
79	7	9	7-8-11-12-13-14-9	9	6	54
710	7	10	7-6-5-10	7	3	21
710	7	10	7-9-14-15-10	7	4	28
711	7	11	7-8-11	45	2	90
711	7	11	7-9-14-13-12-11	45	5	225
712	7	12	7-8-11-12	26	3	78
712	7	12	7-9-14-13-12	26	4	104
713	7	13	7-9-14-13	22	3	66
713	7	13	7-8-11-12-13	22	4	88
714	7	14	7-9-14	24	2	48
714	7	14	7-8-11-12-13-14	24	5	120
715	7	15	7-9-14-15	27	3	81
715	7	15	7-6-5-10-15	27	4	108
716	7	16	7-8-11-12-16	24	4	96
716	7	16	7-9-14-13-12-16	24	5	120
717	7	17	7-9-14-15-17	37	4	148
717	7	17	7-6-5-10-15-17	37	5	185
718	7	18	7-8-11-12-16-18	28	5	140
718	7	18	7-9-14-13-12-16-18	28	6	168
719	7	19	7-9-14-15-17-19	29	5	145
719	7	19	7-6-5-10-15-17-19	29	6	174
720	7	20	7-8-11-12-16-18-20	40	6	240
720	7	20	7-9-14-15-17-19-20	40	6	240
80	8	0	8-7-1-0	12	3	36
80	8	0	8-7-1-2-0	12	4	48
81	8	1	8-7-1	36	2	72
81	8	1	8-7-6-5-2-1	36	5	180
82	8	2	8-7-1-2	14	3	42
82	8	2	8-7-1-0-2	14	4	56
83	8	3	8-7-1-3	21	3	63
83	8	3	8-7-6-5-4-3	21	5	105
84	8	4	8-7-1-3-4	38	4	152
84	8	4	8-7-6-5-4	38	4	152
85	8	5	8-7-6-5	7	3	21
85	8	5	8-7-1-2-5	7	4	28
86	8	6	8-7-6	17	2	34
86	8	6	8-7-1-2-5-6	17	5	85
87	8	7	8-7	23	1	23
87	8	7	8-11-12-13-14-9-7	23	6	138
89	8	9	8-7-9	11	2	22
89	8	9	8-11-12-13-14-9	11	5	55
810	8	10	8-7-6-5-10	32	4	128
810	8	10	8-7-9-14-15-10	32	5	160
811	8	11	8-11	31	1	31
811	8	11	8-7-9-14-13-12-11	31	6	186
812	8	12	8-11-12	9	2	18
812	8	12	8-7-9-14-13-12	9	5	45
813	8	13	8-11-12-13	19	3	57
813	8	13	8-7-9-14-13	19	4	76
814	8	14	8-7-9-14	44	3	132
814	8	14	8-11-12-13-14	44	4	176
815	8	15	8-7-9-14-15	32	4	128
815	8	15	8-11-12-13-14-15	32	5	160
816	8	16	8-11-12-16	12	3	36
816	8	16	8-7-9-14-13-12-16	12	6	72
817	8	17	8-7-9-14-15-17	48	5	240
817	8	17	8-11-12-13-14-15-17	48	6	288
818	8	18	8-11-12-16-18	47	4	188
818	8	18	8-7-9-14-13-12-16-18	47	7	329
819	8	19	8-7-9-14-15-17-19	20	6	120
819	8	19	8-11-12-16-18-20-19	20	6	120
820	8	20	8-11-12-16-18-20	42	5	210
820	8	20	8-7-9-14-15-17-19-20	42	7	294
90	9	0	9-7-1-0	11	3	33
90	9	0	9-7-1-2-0	11	4	44
91	9	1	9-7-1	35	2	70
91	9	1	9-7-6-5-2-1	35	5	175
92	9	2	9-7-1-2	1	3	3
92	9	2	9-7-1-0-2	1	4	4
93	9	3	9-7-1-3	1	3	3
93	9	3	9-7-6-5-4-3	1	5	5
94	9	4	9-7-1-3-4	18	4	72
94	9	4	9-7-6-5-4	18	4	72
95	9	5	9-7-6-5	6	3	18
95	9	5	9-7-1-2-5	6	4	24
96	9	6	9-7-6	30	2	60
96	9	6	9-7-1-2-5-6	30	5	150
97	9	7	9-7	11	1	11
97	9	7	9-14-15-10-5-6-7	11	6	66
98	9	8	9-7-8	39	2	78
98	9	8	9-14-13-12-11-8	39	5	195
910	9	10	9-14-15-10	38	3	114
910	9	10	9-7-6-5-10	38	4	152
911	9	11	9-7-8-11	37	3	111
911	9	11	9-14-13-12-11	37	4	148
912	9	12	9-14-13-12	32	3	96
912	9	12	9-7-8-11-12	32	4	128
913	9	13	9-14-13	7	2	14
913	9	13	9-7-8-11-12-13	7	5	35
914	9	14	9-14	40	1	40
914	9	14	9-7-8-11-12-13-14	40	6	240
915	9	15	9-14-15	29	2	58
915	9	15	9-7-6-5-10-15	29	5	145
916	9	16	9-14-13-12-16	5	4	20
916	9	16	9-7-8-11-12-16	5	5	25
917	9	17	9-14-15-17	1	3	3
917	9	17	9-7-6-5-10-15-17	1	6	6
918	9	18	9-14-13-12-16-18	7	5	35
918	9	18	9-7-8-11-12-16-18	7	6	42
919	9	19	9-14-15-17-19	5	4	20
919	9	19	9-7-6-5-10-15-17-19	5	7	35
920	9	20	9-14-15-17-19-20	21	5	105
920	9	20	9-14-13-12-16-18-20	21	6	126
100	10	0	10-5-2-0	34	3	102
100	10	0	10-5-2-1-0	34	4	136
101	10	1	10-5-2-1	7	3	21
101	10	1	10-5-2-0-1	7	4	28
102	10	2	10-5-2	9	2	18
102	10	2	10-5-4-3-1-2	9	5	45
103	10	3	10-5-4-3	33	3	99
103	10	3	10-5-2-1-3	33	4	132
104	10	4	10-5-4	25	2	50
104	10	4	10-5-2-1-3-4	25	5	125
105	10	5	10-5	48	1	48
105	10	5	10-15-14-9-7-6-5	48	6	288
106	10	6	10-5-6	15	2	30
106	10	6	10-5-2-1-7-6	15	5	75
107	10	7	10-5-6-7	46	3	138
107	10	7	10-5-2-1-7	46	4	184
108	10	8	10-5-6-7-8	33	4	132
108	10	8	10-5-2-1-7-8	33	5	165
109	10	9	10-15-14-9	11	3	33
109	10	9	10-5-6-7-9	11	4	44
1011	10	11	10-15-14-13-12-11	4	5	20
1011	10	11	10-5-6-7-8-11	4	5	20
1012	10	12	10-15-14-13-12	28	4	112
1012	10	12	10-5-6-7-8-11-12	28	6	168
1013	10	13	10-15-14-13	5	3	15
1013	10	13	10-5-6-7-9-14-13	5	6	30
1014	10	14	10-15-14	36	2	72
1014	10	14	10-5-6-7-9-14	36	5	180
1015	10	15	10-15	15	1	15
1015	10	15	10-5-6-7-9-14-15	15	6	90
1016	10	16	10-15-14-13-12-16	35	5	175
1016	10	16	10-15-17-19-20-18-16	35	6	210
1017	10	17	10-15-17	40	2	80
1017	10	17	10-5-6-7-9-14-15-17	40	7	280
1018	10	18	10-15-17-19-20-18	2	5	10
1018	10	18	10-15-14-13-12-16-18	2	6	12
1019	10	19	10-15-17-19	8	3	24
1019	10	19	10-5-6-7-9-14-15-17-19	8	8	64
1020	10	20	10-15-17-19-20	1	4	4
1020	10	20	10-15-14-13-12-16-18-20	1	7	7
110	11	0	11-8-7-1-0	5	4	20
110	11	0	11-8-7-1-2-0	5	5	25
111	11	1	11-8-7-1	3	3	9
111	11	1	11-8-7-6-5-2-1	3	6	18
112	11	2	11-8-7-1-2	45	4	180
112	11	2	11-8-7-1-0-2	45	5	225
113	11	3	11-8-7-1-3	38	4	152
113	11	3	11-8-7-6-5-4-3	38	6	228
114	11	4	11-8-7-1-3-4	41	5	205
114	11	4	11-8-7-6-5-4	41	5	205
115	11	5	11-8-7-6-5	3	4	12
115	11	5	11-8-7-1-2-5	3	5	15
116	11	6	11-8-7-6	10	3	30
116	11	6	11-8-7-1-2-5-6	10	6	60
117	11	7	11-8-7	25	2	50
117	11	7	11-12-13-14-9-7	25	5	125
118	11	8	11-8	7	1	7
118	11	8	11-12-13-14-9-7-8	7	6	42
119	11	9	11-8-7-9	43	3	129
119	11	9	11-12-13-14-9	43	4	172
1110	11	10	11-12-13-14-15-10	38	5	190
1110	11	10	11-8-7-6-5-10	38	5	190
1112	11	12	11-12	36	1	36
1112	11	12	11-8-7-9-14-13-12	36	6	216
1113	11	13	11-12-13	4	2	8
1113	11	13	11-8-7-9-14-13	4	5	20
1114	11	14	11-12-13-14	36	3	108
1114	11	14	11-8-7-9-14	36	4	144
1115	11	15	11-12-13-14-15	40	4	160
1115	11	15	11-8-7-9-14-15	40	5	200
1116	11	16	11-12-16	48	2	96
1116	11	16	11-8-7-9-14-13-12-16	48	7	336
1117	11	17	11-12-13-14-15-17	32	5	160
1117	11	17	11-8-7-9-14-15-17	32	6	192
1118	11	18	11-12-16-18	32	3	96
1118	11	18	11-8-7-9-14-13-12-16-18	32	8	256
1119	11	19	11-12-16-18-20-19	31	5	155
1119	11	19	11-12-13-14-15-17-19	31	6	186
1120	11	20	11-12-16-18-20	29	4	116
1120	11	20	11-12-13-14-15-17-19-20	29	7	203
120	12	0	12-11-8-7-1-0	17	5	85
120	12	0	12-13-14-9-7-1-0	17	6	102
121	12	1	12-11-8-7-1	46	4	184
121	12	1	12-13-14-9-7-1	46	5	230
122	12	2	12-11-8-7-1-2	0	5	0
122	12	2	12-11-8-7-1-0-2	0	6	0
123	12	3	12-11-8-7-1-3	26	5	130
123	12	3	12-13-14-9-7-1-3	26	6	156
124	12	4	12-11-8-7-1-3-4	0	6	0
124	12	4	12-13-14-15-10-5-4	0	6	0
125	12	5	12-11-8-7-6-5	22	5	110
125	12	5	12-13-14-15-10-5	22	5	110
126	12	6	12-11-8-7-6	18	4	72
126	12	6	12-13-14-9-7-6	18	5	90
127	12	7	12-11-8-7	6	3	18
127	12	7	12-13-14-9-7	6	4	24
128	12	8	12-11-8	32	2	64
128	12	8	12-13-14-9-7-8	32	5	160
129	12	9	12-13-14-9	5	3	15
129	12	9	12-11-8-7-9	5	4	20
1210	12	10	12-13-14-15-10	26	4	104
1210	12	10	12-11-8-7-6-5-10	26	6	156
1211	12	11	12-11	34	1	34
1211	12	11	12-13-14-9-7-8-11	34	6	204
1213	12	13	12-13	13	1	13
1213	12	13	12-11-8-7-9-14-13	13	6	78
1214	12	14	12-13-14	24	2	48
1214	12	14	12-11-8-7-9-14	24	5	120
1215	12	15	12-13-14-15	7	3	21
1215	12	15	12-11-8-7-9-14-15	7	6	42
1216	12	16	12-16	46	1	46
1216	12	16	12-13-14-15-17-19-20-18-16	46	8	368
1217	12	17	12-13-14-15-17	19	4	76
1217	12	17	12-16-18-20-19-17	19	5	95
1218	12	18	12-16-18	37	2	74
1218	12	18	12-13-14-15-17-19-20-18	37	7	259
1219	12	19	12-16-18-20-19	16	4	64
1219	12	19	12-13-14-15-17-19	16	5	80
1220	12	20	12-16-18-20	27	3	81
1220	12	20	12-13-14-15-17-19-20	27	6	162
130	13	0	13-14-9-7-1-0	15	5	75
130	13	0	13-12-11-8-7-1-0	15	6	90
131	13	1	13-14-9-7-1	4	4	16
131	13	1	13-12-11-8-7-1	4	5	20
132	13	2	13-14-9-7-1-2	47	5	235
132	13	2	13-14-15-10-5-2	47	5	235
133	13	3	13-14-9-7-1-3	17	5	85
133	13	3	13-12-11-8-7-1-3	17	6	102
134	13	4	13-14-15-10-5-4	4	5	20
134	13	4	13-14-9-7-1-3-4	4	6	24
135	13	5	13-14-15-10-5	11	4	44
135	13	5	13-14-9-7-6-5	11	5	55
136	13	6	13-14-9-7-6	35	4	140
136	13	6	13-14-15-10-5-6	35	5	175
137	13	7	13-14-9-7	26	3	78
137	13	7	13-12-11-8-7	26	4	104
138	13	8	13-12-11-8	18	3	54
138	13	8	13-14-9-7-8	18	4	72
139	13	9	13-14-9	20	2	40
139	13	9	13-12-11-8-7-9	20	5	100
1310	13	10	13-14-15-10	29	3	87
1310	13	10	13-14-9-7-6-5-10	29	6	174
1311	13	11	13-12-11	15	2	30
1311	13	11	13-14-9-7-8-11	15	5	75
1312	13	12	13-12	30	1	30
1312	13	12	13-14-9-7-8-11-12	30	6	180
1314	13	14	13-14	27	1	27
1314	13	14	13-12-11-8-7-9-14	27	6	162
1315	13	15	13-14-15	44	2	88
1315	13	15	13-12-11-8-7-9-14-15	44	7	308
1316	13	16	13-12-16	13	2	26
1316	13	16	13-14-9-7-8-11-12-16	13	7	91
1317	13	17	13-14-15-17	7	3	21
1317	13	17	13-12-16-18-20-19-17	7	6	42
1318	13	18	13-12-16-18	16	3	48
1318	13	18	13-14-15-17-19-20-18	16	6	96
1319	13	19	13-14-15-17-19	8	4	32
1319	13	19	13-12-16-18-20-19	8	5	40
1320	13	20	13-12-16-18-20	15	4	60
1320	13	20	13-14-15-17-19-20	15	5	75
140	14	0	14-9-7-1-0	45	4	180
140	14	0	14-9-7-1-2-0	45	5	225
141	14	1	14-9-7-1	17	3	51
141	14	1	14-15-10-5-2-1	17	5	85
142	14	2	14-9-7-1-2	39	4	156
142	14	2	14-15-10-5-2	39	4	156
143	14	3	14-9-7-1-3	30	4	120
143	14	3	14-15-10-5-4-3	30	5	150
144	14	4	14-15-10-5-4	32	4	128
144	14	4	14-9-7-1-3-4	32	5	160
145	14	5	14-15-10-5	12	3	36
145	14	5	14-9-7-6-5	12	4	48
146	14	6	14-9-7-6	28	3	84
146	14	6	14-15-10-5-6	28	4	112
147	14	7	14-9-7	10	2	20
147	14	7	14-15-10-5-6-7	10	5	50
148	14	8	14-9-7-8	41	3	123
148	14	8	14-13-12-11-8	41	4	164
149	14	9	14-9	39	1	39
149	14	9	14-15-10-5-6-7-9	39	6	234
1410	14	10	14-15-10	24	2	48
1410	14	10	14-9-7-6-5-10	24	5	120
1411	14	11	14-13-12-11	24	3	72
1411	14	11	14-9-7-8-11	24	4	96
1412	14	12	14-13-12	13	2	26
1412	14	12	14-9-7-8-11-12	13	5	65
1413	14	13	14-13	32	1	32
1413	14	13	14-9-7-8-11-12-13	32	6	192
1415	14	15	14-15	32	1	32
1415	14	15	14-9-7-6-5-10-15	32	6	192
1416	14	16	14-13-12-16	2	3	6
1416	14	16	14-9-7-8-11-12-16	2	6	12
1417	14	17	14-15-17	9	2	18
1417	14	17	14-9-7-6-5-10-15-17	9	7	63
1418	14	18	14-13-12-16-18	37	4	148
1418	14	18	14-15-17-19-20-18	37	5	185
1419	14	19	14-15-17-19	42	3	126
1419	14	19	14-13-12-16-18-20-19	42	6	252
1420	14	20	14-15-17-19-20	0	4	0
1420	14	20	14-13-12-16-18-20	0	5	0
150	15	0	15-10-5-2-0	7	4	28
150	15	0	15-10-5-2-1-0	7	5	35
151	15	1	15-10-5-2-1	22	4	88
151	15	1	15-14-9-7-1	22	4	88
152	15	2	15-10-5-2	22	3	66
152	15	2	15-14-9-7-1-2	22	5	110
153	15	3	15-10-5-4-3	37	4	148
153	15	3	15-10-5-2-1-3	37	5	185
154	15	4	15-10-5-4	35	3	105
154	15	4	15-10-5-2-1-3-4	35	6	210
155	15	5	15-10-5	3	2	6
155	15	5	15-14-9-7-6-5	3	5	15
156	15	6	15-10-5-6	17	3	51
156	15	6	15-14-9-7-6	17	4	68
157	15	7	15-14-9-7	4	3	12
157	15	7	15-10-5-6-7	4	4	16
158	15	8	15-14-9-7-8	8	4	32
158	15	8	15-14-13-12-11-8	8	5	40
159	15	9	15-14-9	21	2	42
159	15	9	15-10-5-6-7-9	21	5	105
1510	15	10	15-10	5	1	5
1510	15	10	15-14-9-7-6-5-10	5	6	30
1511	15	11	15-14-13-12-11	18	4	72
1511	15	11	15-14-9-7-8-11	18	5	90
1512	15	12	15-14-13-12	17	3	51
1512	15	12	15-14-9-7-8-11-12	17	6	102
1513	15	13	15-14-13	28	2	56
1513	15	13	15-14-9-7-8-11-12-13	28	7	196
1514	15	14	15-14	44	1	44
1514	15	14	15-10-5-6-7-9-14	44	6	264
1516	15	16	15-14-13-12-16	2	4	8
1516	15	16	15-17-19-20-18-16	2	5	10
1517	15	17	15-17	17	1	17
1517	15	17	15-14-13-12-16-18-20-19-17	17	8	136
1518	15	18	15-17-19-20-18	37	4	148
1518	15	18	15-14-13-12-16-18	37	5	185
1519	15	19	15-17-19	34	2	68
1519	15	19	15-14-13-12-16-18-20-19	34	7	238
1520	15	20	15-17-19-20	5	3	15
1520	15	20	15-14-13-12-16-18-20	5	6	30
160	16	0	16-12-11-8-7-1-0	15	6	90
160	16	0	16-12-13-14-9-7-1-0	15	7	105
161	16	1	16-12-11-8-7-1	22	5	110
161	16	1	16-12-13-14-9-7-1	22	6	132
162	16	2	16-12-11-8-7-1-2	10	6	60
162	16	2	16-12-11-8-7-1-0-2	10	7	70
163	16	3	16-12-11-8-7-1-3	46	6	276
163	16	3	16-12-13-14-9-7-1-3	46	7	322
164	16	4	16-12-11-8-7-1-3-4	12	7	84
164	16	4	16-12-13-14-15-10-5-4	12	7	84
165	16	5	16-12-11-8-7-6-5	16	6	96
165	16	5	16-12-13-14-15-10-5	16	6	96
166	16	6	16-12-11-8-7-6	23	5	115
166	16	6	16-12-13-14-9-7-6	23	6	138
167	16	7	16-12-11-8-7	35	4	140
167	16	7	16-12-13-14-9-7	35	5	175
168	16	8	16-12-11-8	43	3	129
168	16	8	16-12-13-14-9-7-8	43	6	258
169	16	9	16-12-13-14-9	12	4	48
169	16	9	16-12-11-8-7-9	12	5	60
1610	16	10	16-12-13-14-15-10	43	5	215
1610	16	10	16-18-20-19-17-15-10	43	6	258
1611	16	11	16-12-11	3	2	6
1611	16	11	16-12-13-14-9-7-8-11	3	7	21
1612	16	12	16-12	42	1	42
1612	16	12	16-18-20-19-17-15-14-13-12	42	8	336
1613	16	13	16-12-13	25	2	50
1613	16	13	16-18-20-19-17-15-14-13	25	7	175
1614	16	14	16-12-13-14	43	3	129
1614	16	14	16-18-20-19-17-15-14	43	6	258
1615	16	15	16-12-13-14-15	9	4	36
1615	16	15	16-18-20-19-17-15	9	5	45
1617	16	17	16-18-20-19-17	28	4	112
1617	16	17	16-12-13-14-15-17	28	5	140
1618	16	18	16-18	41	1	41
1618	16	18	16-12-13-14-15-17-19-20-18	41	8	328
1619	16	19	16-18-20-19	47	3	141
1619	16	19	16-12-13-14-15-17-19	47	6	282
1620	16	20	16-18-20	32	2	64
1620	16	20	16-12-13-14-15-17-19-20	32	7	224
170	17	0	17-15-10-5-2-0	1	5	5
170	17	0	17-15-10-5-2-1-0	1	6	6
171	17	1	17-15-10-5-2-1	48	5	240
171	17	1	17-15-14-9-7-1	48	5	240
172	17	2	17-15-10-5-2	40	4	160
172	17	2	17-15-14-9-7-1-2	40	6	240
173	17	3	17-15-10-5-4-3	17	5	85
173	17	3	17-15-10-5-2-1-3	17	6	102
174	17	4	17-15-10-5-4	22	4	88
174	17	4	17-15-10-5-2-1-3-4	22	7	154
175	17	5	17-15-10-5	19	3	57
175	17	5	17-15-14-9-7-6-5	19	6	114
176	17	6	17-15-10-5-6	0	4	0
176	17	6	17-15-14-9-7-6	0	5	0
177	17	7	17-15-14-9-7	16	4	64
177	17	7	17-15-10-5-6-7	16	5	80
178	17	8	17-15-14-9-7-8	1	5	5
178	17	8	17-15-14-13-12-11-8	1	6	6
179	17	9	17-15-14-9	17	3	51
179	17	9	17-15-10-5-6-7-9	17	6	102
1710	17	10	17-15-10	19	2	38
1710	17	10	17-15-14-9-7-6-5-10	19	7	133
1711	17	11	17-15-14-13-12-11	17	5	85
1711	17	11	17-19-20-18-16-12-11	17	6	102
1712	17	12	17-15-14-13-12	9	4	36
1712	17	12	17-19-20-18-16-12	9	5	45
1713	17	13	17-15-14-13	4	3	12
1713	17	13	17-19-20-18-16-12-13	4	6	24
1714	17	14	17-15-14	42	2	84
1714	17	14	17-19-20-18-16-12-13-14	42	7	294
1715	17	15	17-15	47	1	47
1715	17	15	17-19-20-18-16-12-13-14-15	47	8	376
1716	17	16	17-19-20-18-16	29	4	116
1716	17	16	17-15-14-13-12-16	29	5	145
1718	17	18	17-19-20-18	9	3	27
1718	17	18	17-15-14-13-12-16-18	9	6	54
1719	17	19	17-19	17	1	17
1719	17	19	17-15-14-13-12-16-18-20-19	17	8	136
1720	17	20	17-19-20	0	2	0
1720	17	20	17-15-14-13-12-16-18-20	0	7	0
180	18	0	18-16-12-11-8-7-1-0	40	7	280
180	18	0	18-16-12-13-14-9-7-1-0	40	8	320
181	18	1	18-16-12-11-8-7-1	24	6	144
181	18	1	18-16-12-13-14-9-7-1	24	7	168
182	18	2	18-16-12-11-8-7-1-2	3	7	21
182	18	2	18-20-19-17-15-10-5-2	3	7	21
183	18	3	18-16-12-11-8-7-1-3	45	7	315
183	18	3	18-16-12-13-14-9-7-1-3	45	8	360
184	18	4	18-20-19-17-15-10-5-4	34	7	238
184	18	4	18-16-12-11-8-7-1-3-4	34	8	272
185	18	5	18-20-19-17-15-10-5	11	6	66
185	18	5	18-16-12-11-8-7-6-5	11	7	77
186	18	6	18-16-12-11-8-7-6	37	6	222
186	18	6	18-20-19-17-15-10-5-6	37	7	259
187	18	7	18-16-12-11-8-7	45	5	225
187	18	7	18-16-12-13-14-9-7	45	6	270
188	18	8	18-16-12-11-8	31	4	124
188	18	8	18-16-12-13-14-9-7-8	31	7	217
189	18	9	18-16-12-13-14-9	17	5	85
189	18	9	18-20-19-17-15-14-9	17	6	102
1810	18	10	18-20-19-17-15-10	39	5	195
1810	18	10	18-16-12-13-14-15-10	39	6	234
1811	18	11	18-16-12-11	34	3	102
1811	18	11	18-20-19-17-15-14-13-12-11	34	8	272
1812	18	12	18-16-12	24	2	48
1812	18	12	18-20-19-17-15-14-13-12	24	7	168
1813	18	13	18-16-12-13	3	3	9
1813	18	13	18-20-19-17-15-14-13	3	6	18
1814	18	14	18-16-12-13-14	18	4	72
1814	18	14	18-20-19-17-15-14	18	5	90
1815	18	15	18-20-19-17-15	47	4	188
1815	18	15	18-16-12-13-14-15	47	5	235
1816	18	16	18-16	12	1	12
1816	18	16	18-20-19-17-15-14-13-12-16	12	8	96
1817	18	17	18-20-19-17	48	3	144
1817	18	17	18-16-12-13-14-15-17	48	6	288
1819	18	19	18-20-19	43	2	86
1819	18	19	18-16-12-13-14-15-17-19	43	7	301
1820	18	20	18-20	45	1	45
1820	18	20	18-16-12-13-14-15-17-19-20	45	8	360
190	19	0	19-17-15-10-5-2-0	10	6	60
190	19	0	19-17-15-10-5-2-1-0	10	7	70
191	19	1	19-17-15-10-5-2-1	24	6	144
191	19	1	19-17-15-14-9-7-1	24	6	144
192	19	2	19-17-15-10-5-2	23	5	115
192	19	2	19-17-15-14-9-7-1-2	23	7	161
193	19	3	19-17-15-10-5-4-3	48	6	288
193	19	3	19-17-15-10-5-2-1-3	48	7	336
194	19	4	19-17-15-10-5-4	22	5	110
194	19	4	19-17-15-10-5-2-1-3-4	22	8	176
195	19	5	19-17-15-10-5	2	4	8
195	19	5	19-17-15-14-9-7-6-5	2	7	14
196	19	6	19-17-15-10-5-6	47	5	235
196	19	6	19-17-15-14-9-7-6	47	6	282
197	19	7	19-17-15-14-9-7	32	5	160
197	19	7	19-17-15-10-5-6-7	32	6	192
198	19	8	19-20-18-16-12-11-8	6	6	36
198	19	8	19-17-15-14-9-7-8	6	6	36
199	19	9	19-17-15-14-9	1	4	4
199	19	9	19-20-18-16-12-13-14-9	1	7	7
1910	19	10	19-17-15-10	17	3	51
1910	19	10	19-20-18-16-12-13-14-15-10	17	8	136
1911	19	11	19-20-18-16-12-11	8	5	40
1911	19	11	19-17-15-14-13-12-11	8	6	48
1912	19	12	19-20-18-16-12	30	4	120
1912	19	12	19-17-15-14-13-12	30	5	150
1913	19	13	19-17-15-14-13	41	4	164
1913	19	13	19-20-18-16-12-13	41	5	205
1914	19	14	19-17-15-14	20	3	60
1914	19	14	19-20-18-16-12-13-14	20	6	120
1915	19	15	19-17-15	34	2	68
1915	19	15	19-20-18-16-12-13-14-15	34	7	238
1916	19	16	19-20-18-16	5	3	15
1916	19	16	19-17-15-14-13-12-16	5	6	30
1917	19	17	19-17	41	1	41
1917	19	17	19-20-18-16-12-13-14-15-17	41	8	328
1918	19	18	19-20-18	9	2	18
1918	19	18	19-17-15-14-13-12-16-18	9	7	63
1920	19	20	19-20	18	1	18
1920	19	20	19-17-15-14-13-12-16-18-20	18	8	144
200	20	0	20-19-17-15-10-5-2-0	1	7	7
200	20	0	20-19-17-15-10-5-2-1-0	1	8	8
201	20	1	20-19-17-15-10-5-2-1	2	7	14
201	20	1	20-19-17-15-14-9-7-1	2	7	14
202	20	2	20-19-17-15-10-5-2	16	6	96
202	20	2	20-18-16-12-11-8-7-1-2	16	8	128
203	20	3	20-19-17-15-10-5-4-3	3	7	21
203	20	3	20-19-17-15-10-5-2-1-3	3	8	24
204	20	4	20-19-17-15-10-5-4	25	6	150
204	20	4	20-19-17-15-10-5-2-1-3-4	25	9	225
205	20	5	20-19-17-15-10-5	5	5	25
205	20	5	20-18-16-12-11-8-7-6-5	5	8	40
206	20	6	20-19-17-15-10-5-6	15	6	90
206	20	6	20-18-16-12-11-8-7-6	15	7	105
207	20	7	20-18-16-12-11-8-7	35	6	210
207	20	7	20-19-17-15-14-9-7	35	6	210
208	20	8	20-18-16-12-11-8	48	5	240
208	20	8	20-19-17-15-14-9-7-8	48	7	336
209	20	9	20-19-17-15-14-9	42	5	210
209	20	9	20-18-16-12-13-14-9	42	6	252
2010	20	10	20-19-17-15-10	26	4	104
2010	20	10	20-18-16-12-13-14-15-10	26	7	182
2011	20	11	20-18-16-12-11	23	4	92
2011	20	11	20-19-17-15-14-13-12-11	23	7	161
2012	20	12	20-18-16-12	40	3	120
2012	20	12	20-19-17-15-14-13-12	40	6	240
2013	20	13	20-18-16-12-13	19	4	76
2013	20	13	20-19-17-15-14-13	19	5	95
2014	20	14	20-19-17-15-14	14	4	56
2014	20	14	20-18-16-12-13-14	14	5	70
2015	20	15	20-19-17-15	22	3	66
2015	20	15	20-18-16-12-13-14-15	22	6	132
2016	20	16	20-18-16	2	2	4
2016	20	16	20-19-17-15-14-13-12-16	2	7	14
2017	20	17	20-19-17	20	2	40
2017	20	17	20-18-16-12-13-14-15-17	20	7	140
2018	20	18	20-18	40	1	40
2018	20	18	20-19-17-15-14-13-12-16-18	40	8	320
2019	20	19	20-19	19	1	19
2019	20	19	20-18-16-12-13-14-15-17-19	19	8	152
