01	0	1	0-1	200	1	200
01	0	1	0-2-1	200	2	400
01	0	1	0-2-5-4-3-1	200	5	1000
01	0	1	0-2-5-6-7-1	200	5	1000
01	0	1	0-2-5-10-15-14-9-7-1	200	8	1600
02	0	2	0-2	200	1	200
02	0	2	0-1-2	200	2	400
02	0	2	0-1-3-4-5-2	200	5	1000
02	0	2	0-1-7-6-5-2	200	5	1000
02	0	2	0-1-7-9-14-15-10-5-2	200	8	1600
03	0	3	0-1-3	200	2	400
03	0	3	0-2-1-3	200	3	600
03	0	3	0-2-5-4-3	200	4	800
03	0	3	0-1-2-5-4-3	200	5	1000
03	0	3	0-2-5-6-7-1-3	200	6	1200
04	0	4	0-1-3-4	200	3	600
04	0	4	0-2-5-4	200	3	600
04	0	4	0-2-1-3-4	200	4	800
04	0	4	0-1-2-5-4	200	4	800
04	0	4	0-1-7-6-5-4	200	5	1000
05	0	5	0-2-5	200	2	400
05	0	5	0-1-2-5	200	3	600
05	0	5	0-1-3-4-5	200	4	800
05	0	5	0-1-7-6-5	200	4	800
05	0	5	0-2-1-3-4-5	200	5	1000
06	0	6	0-2-5-6	200	3	600
06	0	6	0-1-7-6	200	3	600
06	0	6	0-1-2-5-6	200	4	800
06	0	6	0-2-1-7-6	200	4	800
06	0	6	0-1-3-4-5-6	200	5	1000
07	0	7	0-1-7	200	2	400
07	0	7	0-2-1-7	200	3	600
07	0	7	0-2-5-6-7	200	4	800
07	0	7	0-1-2-5-6-7	200	5	1000
07	0	7	0-2-5-4-3-1-7	200	6	1200
08	0	8	0-1-7-8	200	3	600
08	0	8	0-2-1-7-8	200	4	800
08	0	8	0-2-5-6-7-8	200	5	1000
08	0	8	0-1-2-5-6-7-8	200	6	1200
08	0	8	0-2-5-4-3-1-7-8	200	7	1400
09	0	9	0-1-7-9	200	3	600
09	0	9	0-2-1-7-9	200	4	800
09	0	9	0-2-5-6-7-9	200	5	1000
09	0	9	0-2-5-10-15-14-9	200	6	1200
09	0	9	0-1-2-5-6-7-9	200	6	1200
010	0	10	0-2-5-10	200	3	600
010	0	10	0-1-2-5-10	200	4	800
010	0	10	0-1-3-4-5-10	200	5	1000
010	0	10	0-1-7-6-5-10	200	5	1000
010	0	10	0-1-7-9-14-15-10	200	6	1200
011	0	11	0-1-7-8-11	200	4	800
011	0	11	0-2-1-7-8-11	200	5	1000
011	0	11	0-2-5-6-7-8-11	200	6	1200
011	0	11	0-1-7-9-14-13-12-11	200	7	1400
011	0	11	0-1-2-5-6-7-8-11	200	7	1400
012	0	12	0-1-7-8-11-12	200	5	1000
012	0	12	0-2-1-7-8-11-12	200	6	1200
012	0	12	0-1-7-9-14-13-12	200	6	1200
012	0	12	0-2-5-6-7-8-11-12	200	7	1400
012	0	12	0-2-1-7-9-14-13-12	200	7	1400
013	0	13	0-1-7-9-14-13	200	5	1000
013	0	13	0-1-7-8-11-12-13	200	6	1200
013	0	13	0-2-1-7-9-14-13	200	6	1200
013	0	13	0-2-5-10-15-14-13	200	6	1200
013	0	13	0-2-1-7-8-11-12-13	200	7	1400
014	0	14	0-1-7-9-14	200	4	800
014	0	14	0-2-5-10-15-14	200	5	1000
014	0	14	0-2-1-7-9-14	200	5	1000
014	0	14	0-1-2-5-10-15-14	200	6	1200
014	0	14	0-2-5-6-7-9-14	200	6	1200
015	0	15	0-2-5-10-15	200	4	800
015	0	15	0-1-7-9-14-15	200	5	1000
015	0	15	0-1-2-5-10-15	200	5	1000
015	0	15	0-2-1-7-9-14-15	200	6	1200
015	0	15	0-1-7-6-5-10-15	200	6	1200
016	0	16	0-1-7-8-11-12-16	200	6	1200
016	0	16	0-2-1-7-8-11-12-16	200	7	1400
016	0	16	0-1-7-9-14-13-12-16	200	7	1400
016	0	16	0-2-5-6-7-8-11-12-16	200	8	1600
016	0	16	0-2-5-10-15-14-13-12-16	200	8	1600
017	0	17	0-2-5-10-15-17	200	5	1000
017	0	17	0-1-7-9-14-15-17	200	6	1200
017	0	17	0-1-2-5-10-15-17	200	6	1200
017	0	17	0-2-1-7-9-14-15-17	200	7	1400
017	0	17	0-1-7-6-5-10-15-17	200	7	1400
018	0	18	0-1-7-8-11-12-16-18	200	7	1400
018	0	18	0-2-1-7-8-11-12-16-18	200	8	1600
018	0	18	0-2-5-10-15-17-19-20-18	200	8	1600
018	0	18	0-1-7-9-14-13-12-16-18	200	8	1600
018	0	18	0-2-5-6-7-8-11-12-16-18	200	9	1800
019	0	19	0-2-5-10-15-17-19	200	6	1200
019	0	19	0-1-7-9-14-15-17-19	200	7	1400
019	0	19	0-1-2-5-10-15-17-19	200	7	1400
019	0	19	0-2-1-7-9-14-15-17-19	200	8	1600
019	0	19	0-1-7-6-5-10-15-17-19	200	8	1600
020	0	20	0-2-5-10-15-17-19-20	200	7	1400
020	0	20	0-1-7-8-11-12-16-18-20	200	8	1600
020	0	20	0-1-2-5-10-15-17-19-20	200	8	1600
020	0	20	0-1-7-9-14-15-17-19-20	200	8	1600
020	0	20	0-2-1-7-8-11-12-16-18-20	200	9	1800
10	1	0	1-0	200	1	200
10	1	0	1-2-0	200	2	400
10	1	0	1-3-4-5-2-0	200	5	1000
10	1	0	1-7-6-5-2-0	200	5	1000
10	1	0	1-7-9-14-15-10-5-2-0	200	8	1600
12	1	2	1-2	200	1	200
12	1	2	1-0-2	200	2	400
12	1	2	1-3-4-5-2	200	4	800
12	1	2	1-7-6-5-2	200	4	800
12	1	2	1-7-9-14-15-10-5-2	200	7	1400
13	1	3	1-3	200	1	200
13	1	3	1-2-5-4-3	200	4	800
13	1	3	1-0-2-5-4-3	200	5	1000
13	1	3	1-7-6-5-4-3	200	5	1000
13	1	3	1-7-9-14-15-10-5-4-3	200	8	1600
14	1	4	1-3-4	200	2	400
14	1	4	1-2-5-4	200	3	600
14	1	4	1-0-2-5-4	200	4	800
14	1	4	1-7-6-5-4	200	4	800
14	1	4	1-7-9-14-15-10-5-4	200	7	1400
15	1	5	1-2-5	200	2	400
15	1	5	1-0-2-5	200	3	600
15	1	5	1-7-6-5	200	3	600
15	1	5	1-3-4-5	200	3	600
15	1	5	1-7-9-14-15-10-5	200	6	1200
16	1	6	1-7-6	200	2	400
16	1	6	1-2-5-6	200	3	600
16	1	6	1-0-2-5-6	200	4	800
16	1	6	1-3-4-5-6	200	4	800
16	1	6	1-7-9-14-15-10-5-6	200	7	1400
17	1	7	1-7	200	1	200
17	1	7	1-2-5-6-7	200	4	800
17	1	7	1-0-2-5-6-7	200	5	1000
17	1	7	1-3-4-5-6-7	200	5	1000
17	1	7	1-2-5-10-15-14-9-7	200	7	1400
18	1	8	1-7-8	200	2	400
18	1	8	1-2-5-6-7-8	200	5	1000
18	1	8	1-0-2-5-6-7-8	200	6	1200
18	1	8	1-3-4-5-6-7-8	200	6	1200
18	1	8	1-7-9-14-13-12-11-8	200	7	1400
19	1	9	1-7-9	200	2	400
19	1	9	1-2-5-6-7-9	200	5	1000
19	1	9	1-2-5-10-15-14-9	200	6	1200
19	1	9	1-3-4-5-6-7-9	200	6	1200
19	1	9	1-0-2-5-6-7-9	200	6	1200
110	1	10	1-2-5-10	200	3	600
110	1	10	1-0-2-5-10	200	4	800
110	1	10	1-3-4-5-10	200	4	800
110	1	10	1-7-6-5-10	200	4	800
110	1	10	1-7-9-14-15-10	200	5	1000
111	1	11	1-7-8-11	200	3	600
111	1	11	1-7-9-14-13-12-11	200	6	1200
111	1	11	1-2-5-6-7-8-11	200	6	1200
111	1	11	1-0-2-5-6-7-8-11	200	7	1400
111	1	11	1-3-4-5-6-7-8-11	200	7	1400
112	1	12	1-7-8-11-12	200	4	800
112	1	12	1-7-9-14-13-12	200	5	1000
112	1	12	1-2-5-6-7-8-11-12	200	7	1400
112	1	12	1-2-5-10-15-14-13-12	200	7	1400
112	1	12	1-0-2-5-6-7-8-11-12	200	8	1600
113	1	13	1-7-9-14-13	200	4	800
113	1	13	1-7-8-11-12-13	200	5	1000
113	1	13	1-2-5-10-15-14-13	200	6	1200
113	1	13	1-0-2-5-10-15-14-13	200	7	1400
113	1	13	1-3-4-5-10-15-14-13	200	7	1400
114	1	14	1-7-9-14	200	3	600
114	1	14	1-2-5-10-15-14	200	5	1000
114	1	14	1-7-8-11-12-13-14	200	6	1200
114	1	14	1-2-5-6-7-9-14	200	6	1200
114	1	14	1-3-4-5-10-15-14	200	6	1200
115	1	15	1-7-9-14-15	200	4	800
115	1	15	1-2-5-10-15	200	4	800
115	1	15	1-0-2-5-10-15	200	5	1000
115	1	15	1-7-6-5-10-15	200	5	1000
115	1	15	1-3-4-5-10-15	200	5	1000
116	1	16	1-7-8-11-12-16	200	5	1000
116	1	16	1-7-9-14-13-12-16	200	6	1200
116	1	16	1-2-5-6-7-8-11-12-16	200	8	1600
116	1	16	1-2-5-10-15-14-13-12-16	200	8	1600
116	1	16	1-0-2-5-6-7-8-11-12-16	200	9	1800
117	1	17	1-7-9-14-15-17	200	5	1000
117	1	17	1-2-5-10-15-17	200	5	1000
117	1	17	1-0-2-5-10-15-17	200	6	1200
117	1	17	1-3-4-5-10-15-17	200	6	1200
117	1	17	1-7-6-5-10-15-17	200	6	1200
118	1	18	1-7-8-11-12-16-18	200	6	1200
118	1	18	1-7-9-14-13-12-16-18	200	7	1400
118	1	18	1-7-9-14-15-17-19-20-18	200	8	1600
118	1	18	1-2-5-10-15-17-19-20-18	200	8	1600
118	1	18	1-2-5-6-7-8-11-12-16-18	200	9	1800
119	1	19	1-7-9-14-15-17-19	200	6	1200
119	1	19	1-2-5-10-15-17-19	200	6	1200
119	1	19	1-0-2-5-10-15-17-19	200	7	1400
119	1	19	1-7-6-5-10-15-17-19	200	7	1400
119	1	19	1-3-4-5-10-15-17-19	200	7	1400
120	1	20	1-7-8-11-12-16-18-20	200	7	1400
120	1	20	1-2-5-10-15-17-19-20	200	7	1400
120	1	20	1-7-9-14-15-17-19-20	200	7	1400
120	1	20	1-7-9-14-13-12-16-18-20	200	8	1600
120	1	20	1-3-4-5-10-15-17-19-20	200	8	1600
20	2	0	2-0	200	1	200
20	2	0	2-1-0	200	2	400
20	2	0	2-5-4-3-1-0	200	5	1000
20	2	0	2-5-6-7-1-0	200	5	1000
20	2	0	2-5-10-15-14-9-7-1-0	200	8	1600
21	2	1	2-1	200	1	200
21	2	1	2-0-1	200	2	400
21	2	1	2-5-4-3-1	200	4	800
21	2	1	2-5-6-7-1	200	4	800
21	2	1	2-5-10-15-14-9-7-1	200	7	1400
23	2	3	2-1-3	200	2	400
23	2	3	2-0-1-3	200	3	600
23	2	3	2-5-4-3	200	3	600
23	2	3	2-5-6-7-1-3	200	5	1000
23	2	3	2-1-7-6-5-4-3	200	6	1200
24	2	4	2-5-4	200	2	400
24	2	4	2-1-3-4	200	3	600
24	2	4	2-0-1-3-4	200	4	800
24	2	4	2-1-7-6-5-4	200	5	1000
24	2	4	2-5-6-7-1-3-4	200	6	1200
25	2	5	2-5	200	1	200
25	2	5	2-1-3-4-5	200	4	800
25	2	5	2-1-7-6-5	200	4	800
25	2	5	2-0-1-3-4-5	200	5	1000
25	2	5	2-0-1-7-6-5	200	5	1000
26	2	6	2-5-6	200	2	400
26	2	6	2-1-7-6	200	3	600
26	2	6	2-0-1-7-6	200	4	800
26	2	6	2-1-3-4-5-6	200	5	1000
26	2	6	2-0-1-3-4-5-6	200	6	1200
27	2	7	2-1-7	200	2	400
27	2	7	2-0-1-7	200	3	600
27	2	7	2-5-6-7	200	3	600
27	2	7	2-5-4-3-1-7	200	5	1000
27	2	7	2-1-3-4-5-6-7	200	6	1200
28	2	8	2-1-7-8	200	3	600
28	2	8	2-0-1-7-8	200	4	800
28	2	8	2-5-6-7-8	200	4	800
28	2	8	2-5-4-3-1-7-8	200	6	1200
28	2	8	2-1-3-4-5-6-7-8	200	7	1400
29	2	9	2-1-7-9	200	3	600
29	2	9	2-0-1-7-9	200	4	800
29	2	9	2-5-6-7-9	200	4	800
29	2	9	2-5-10-15-14-9	200	5	1000
29	2	9	2-5-4-3-1-7-9	200	6	1200
210	2	10	2-5-10	200	2	400
210	2	10	2-1-3-4-5-10	200	5	1000
210	2	10	2-1-7-6-5-10	200	5	1000
210	2	10	2-1-7-9-14-15-10	200	6	1200
210	2	10	2-0-1-7-6-5-10	200	6	1200
211	2	11	2-1-7-8-11	200	4	800
211	2	11	2-0-1-7-8-11	200	5	1000
211	2	11	2-5-6-7-8-11	200	5	1000
211	2	11	2-5-10-15-14-13-12-11	200	7	1400
211	2	11	2-5-4-3-1-7-8-11	200	7	1400
212	2	12	2-1-7-8-11-12	200	5	1000
212	2	12	2-0-1-7-8-11-12	200	6	1200
212	2	12	2-1-7-9-14-13-12	200	6	1200
212	2	12	2-5-10-15-14-13-12	200	6	1200
212	2	12	2-5-6-7-8-11-12	200	6	1200
213	2	13	2-5-10-15-14-13	200	5	1000
213	2	13	2-1-7-9-14-13	200	5	1000
213	2	13	2-1-7-8-11-12-13	200	6	1200
213	2	13	2-5-6-7-9-14-13	200	6	1200
213	2	13	2-0-1-7-9-14-13	200	6	1200
214	2	14	2-5-10-15-14	200	4	800
214	2	14	2-1-7-9-14	200	4	800
214	2	14	2-0-1-7-9-14	200	5	1000
214	2	14	2-5-6-7-9-14	200	5	1000
214	2	14	2-1-7-8-11-12-13-14	200	7	1400
215	2	15	2-5-10-15	200	3	600
215	2	15	2-1-7-9-14-15	200	5	1000
215	2	15	2-0-1-7-9-14-15	200	6	1200
215	2	15	2-1-7-6-5-10-15	200	6	1200
215	2	15	2-1-3-4-5-10-15	200	6	1200
216	2	16	2-1-7-8-11-12-16	200	6	1200
216	2	16	2-0-1-7-8-11-12-16	200	7	1400
216	2	16	2-5-6-7-8-11-12-16	200	7	1400
216	2	16	2-5-10-15-14-13-12-16	200	7	1400
216	2	16	2-1-7-9-14-13-12-16	200	7	1400
217	2	17	2-5-10-15-17	200	4	800
217	2	17	2-1-7-9-14-15-17	200	6	1200
217	2	17	2-0-1-7-9-14-15-17	200	7	1400
217	2	17	2-1-3-4-5-10-15-17	200	7	1400
217	2	17	2-1-7-6-5-10-15-17	200	7	1400
218	2	18	2-1-7-8-11-12-16-18	200	7	1400
218	2	18	2-5-10-15-17-19-20-18	200	7	1400
218	2	18	2-0-1-7-8-11-12-16-18	200	8	1600
218	2	18	2-1-7-9-14-13-12-16-18	200	8	1600
218	2	18	2-5-10-15-14-13-12-16-18	200	8	1600
219	2	19	2-5-10-15-17-19	200	5	1000
219	2	19	2-1-7-9-14-15-17-19	200	7	1400
219	2	19	2-0-1-7-9-14-15-17-19	200	8	1600
219	2	19	2-1-7-6-5-10-15-17-19	200	8	1600
219	2	19	2-1-3-4-5-10-15-17-19	200	8	1600
220	2	20	2-5-10-15-17-19-20	200	6	1200
220	2	20	2-1-7-8-11-12-16-18-20	200	8	1600
220	2	20	2-1-7-9-14-15-17-19-20	200	8	1600
220	2	20	2-0-1-7-8-11-12-16-18-20	200	9	1800
220	2	20	2-1-3-4-5-10-15-17-19-20	200	9	1800
30	3	0	3-1-0	200	2	400
30	3	0	3-1-2-0	200	3	600
30	3	0	3-4-5-2-0	200	4	800
30	3	0	3-4-5-2-1-0	200	5	1000
30	3	0	3-4-5-6-7-1-0	200	6	1200
31	3	1	3-1	200	1	200
31	3	1	3-4-5-2-1	200	4	800
31	3	1	3-4-5-2-0-1	200	5	1000
31	3	1	3-4-5-6-7-1	200	5	1000
31	3	1	3-4-5-10-15-14-9-7-1	200	8	1600
32	3	2	3-1-2	200	2	400
32	3	2	3-1-0-2	200	3	600
32	3	2	3-4-5-2	200	3	600
32	3	2	3-1-7-6-5-2	200	5	1000
32	3	2	3-4-5-6-7-1-2	200	6	1200
34	3	4	3-4	200	1	200
34	3	4	3-1-2-5-4	200	4	800
34	3	4	3-1-0-2-5-4	200	5	1000
34	3	4	3-1-7-6-5-4	200	5	1000
34	3	4	3-1-7-9-14-15-10-5-4	200	8	1600
35	3	5	3-4-5	200	2	400
35	3	5	3-1-2-5	200	3	600
35	3	5	3-1-0-2-5	200	4	800
35	3	5	3-1-7-6-5	200	4	800
35	3	5	3-1-7-9-14-15-10-5	200	7	1400
36	3	6	3-4-5-6	200	3	600
36	3	6	3-1-7-6	200	3	600
36	3	6	3-1-2-5-6	200	4	800
36	3	6	3-1-0-2-5-6	200	5	1000
36	3	6	3-4-5-2-1-7-6	200	6	1200
37	3	7	3-1-7	200	2	400
37	3	7	3-4-5-6-7	200	4	800
37	3	7	3-4-5-2-1-7	200	5	1000
37	3	7	3-1-2-5-6-7	200	5	1000
37	3	7	3-4-5-2-0-1-7	200	6	1200
38	3	8	3-1-7-8	200	3	600
38	3	8	3-4-5-6-7-8	200	5	1000
38	3	8	3-4-5-2-1-7-8	200	6	1200
38	3	8	3-1-2-5-6-7-8	200	6	1200
38	3	8	3-4-5-2-0-1-7-8	200	7	1400
39	3	9	3-1-7-9	200	3	600
39	3	9	3-4-5-6-7-9	200	5	1000
39	3	9	3-4-5-10-15-14-9	200	6	1200
39	3	9	3-1-2-5-6-7-9	200	6	1200
39	3	9	3-4-5-2-1-7-9	200	6	1200
310	3	10	3-4-5-10	200	3	600
310	3	10	3-1-2-5-10	200	4	800
310	3	10	3-1-0-2-5-10	200	5	1000
310	3	10	3-1-7-6-5-10	200	5	1000
310	3	10	3-1-7-9-14-15-10	200	6	1200
311	3	11	3-1-7-8-11	200	4	800
311	3	11	3-4-5-6-7-8-11	200	6	1200
311	3	11	3-1-7-9-14-13-12-11	200	7	1400
311	3	11	3-1-2-5-6-7-8-11	200	7	1400
311	3	11	3-4-5-2-1-7-8-11	200	7	1400
312	3	12	3-1-7-8-11-12	200	5	1000
312	3	12	3-1-7-9-14-13-12	200	6	1200
312	3	12	3-4-5-6-7-8-11-12	200	7	1400
312	3	12	3-4-5-10-15-14-13-12	200	7	1400
312	3	12	3-4-5-2-1-7-8-11-12	200	8	1600
313	3	13	3-1-7-9-14-13	200	5	1000
313	3	13	3-1-7-8-11-12-13	200	6	1200
313	3	13	3-4-5-10-15-14-13	200	6	1200
313	3	13	3-1-2-5-10-15-14-13	200	7	1400
313	3	13	3-4-5-6-7-9-14-13	200	7	1400
314	3	14	3-1-7-9-14	200	4	800
314	3	14	3-4-5-10-15-14	200	5	1000
314	3	14	3-1-2-5-10-15-14	200	6	1200
314	3	14	3-4-5-6-7-9-14	200	6	1200
314	3	14	3-1-7-8-11-12-13-14	200	7	1400
315	3	15	3-4-5-10-15	200	4	800
315	3	15	3-1-7-9-14-15	200	5	1000
315	3	15	3-1-2-5-10-15	200	5	1000
315	3	15	3-1-0-2-5-10-15	200	6	1200
315	3	15	3-1-7-6-5-10-15	200	6	1200
316	3	16	3-1-7-8-11-12-16	200	6	1200
316	3	16	3-1-7-9-14-13-12-16	200	7	1400
316	3	16	3-4-5-6-7-8-11-12-16	200	8	1600
316	3	16	3-4-5-10-15-14-13-12-16	200	8	1600
316	3	16	3-4-5-2-1-7-8-11-12-16	200	9	1800
317	3	17	3-4-5-10-15-17	200	5	1000
317	3	17	3-1-7-9-14-15-17	200	6	1200
317	3	17	3-1-2-5-10-15-17	200	6	1200
317	3	17	3-1-0-2-5-10-15-17	200	7	1400
317	3	17	3-1-7-6-5-10-15-17	200	7	1400
318	3	18	3-1-7-8-11-12-16-18	200	7	1400
318	3	18	3-1-7-9-14-13-12-16-18	200	8	1600
318	3	18	3-4-5-10-15-17-19-20-18	200	8	1600
318	3	18	3-4-5-6-7-8-11-12-16-18	200	9	1800
318	3	18	3-1-2-5-10-15-17-19-20-18	200	9	1800
319	3	19	3-4-5-10-15-17-19	200	6	1200
319	3	19	3-1-7-9-14-15-17-19	200	7	1400
319	3	19	3-1-2-5-10-15-17-19	200	7	1400
319	3	19	3-1-0-2-5-10-15-17-19	200	8	1600
319	3	19	3-1-7-6-5-10-15-17-19	200	8	1600
320	3	20	3-4-5-10-15-17-19-20	200	7	1400
320	3	20	3-1-7-8-11-12-16-18-20	200	8	1600
320	3	20	3-1-2-5-10-15-17-19-20	200	8	1600
320	3	20	3-1-7-9-14-15-17-19-20	200	8	1600
320	3	20	3-1-7-9-14-13-12-16-18-20	200	9	1800
40	4	0	4-3-1-0	200	3	600
40	4	0	4-5-2-0	200	3	600
40	4	0	4-5-2-1-0	200	4	800
40	4	0	4-3-1-2-0	200	4	800
40	4	0	4-5-6-7-1-0	200	5	1000
41	4	1	4-3-1	200	2	400
41	4	1	4-5-2-1	200	3	600
41	4	1	4-5-2-0-1	200	4	800
41	4	1	4-5-6-7-1	200	4	800
41	4	1	4-5-10-15-14-9-7-1	200	7	1400
42	4	2	4-5-2	200	2	400
42	4	2	4-3-1-2	200	3	600
42	4	2	4-3-1-0-2	200	4	800
42	4	2	4-5-6-7-1-2	200	5	1000
42	4	2	4-5-6-7-1-0-2	200	6	1200
43	4	3	4-3	200	1	200
43	4	3	4-5-2-1-3	200	4	800
43	4	3	4-5-2-0-1-3	200	5	1000
43	4	3	4-5-6-7-1-3	200	5	1000
43	4	3	4-5-10-15-14-9-7-1-3	200	8	1600
45	4	5	4-5	200	1	200
45	4	5	4-3-1-2-5	200	4	800
45	4	5	4-3-1-0-2-5	200	5	1000
45	4	5	4-3-1-7-6-5	200	5	1000
45	4	5	4-3-1-7-9-14-15-10-5	200	8	1600
46	4	6	4-5-6	200	2	400
46	4	6	4-3-1-7-6	200	4	800
46	4	6	4-3-1-2-5-6	200	5	1000
46	4	6	4-5-2-1-7-6	200	5	1000
46	4	6	4-3-1-0-2-5-6	200	6	1200
47	4	7	4-3-1-7	200	3	600
47	4	7	4-5-6-7	200	3	600
47	4	7	4-5-2-1-7	200	4	800
47	4	7	4-5-2-0-1-7	200	5	1000
47	4	7	4-3-1-2-5-6-7	200	6	1200
48	4	8	4-3-1-7-8	200	4	800
48	4	8	4-5-6-7-8	200	4	800
48	4	8	4-5-2-1-7-8	200	5	1000
48	4	8	4-5-2-0-1-7-8	200	6	1200
48	4	8	4-3-1-2-5-6-7-8	200	7	1400
49	4	9	4-3-1-7-9	200	4	800
49	4	9	4-5-6-7-9	200	4	800
49	4	9	4-5-10-15-14-9	200	5	1000
49	4	9	4-5-2-1-7-9	200	5	1000
49	4	9	4-5-2-0-1-7-9	200	6	1200
410	4	10	4-5-10	200	2	400
410	4	10	4-3-1-2-5-10	200	5	1000
410	4	10	4-3-1-0-2-5-10	200	6	1200
410	4	10	4-3-1-7-6-5-10	200	6	1200
410	4	10	4-3-1-7-9-14-15-10	200	7	1400
411	4	11	4-3-1-7-8-11	200	5	1000
411	4	11	4-5-6-7-8-11	200	5	1000
411	4	11	4-5-2-1-7-8-11	200	6	1200
411	4	11	4-5-10-15-14-13-12-11	200	7	1400
411	4	11	4-5-2-0-1-7-8-11	200	7	1400
412	4	12	4-3-1-7-8-11-12	200	6	1200
412	4	12	4-5-10-15-14-13-12	200	6	1200
412	4	12	4-5-6-7-8-11-12	200	6	1200
412	4	12	4-5-2-1-7-8-11-12	200	7	1400
412	4	12	4-5-6-7-9-14-13-12	200	7	1400
413	4	13	4-5-10-15-14-13	200	5	1000
413	4	13	4-3-1-7-9-14-13	200	6	1200
413	4	13	4-5-6-7-9-14-13	200	6	1200
413	4	13	4-3-1-7-8-11-12-13	200	7	1400
413	4	13	4-5-2-1-7-9-14-13	200	7	1400
414	4	14	4-5-10-15-14	200	4	800
414	4	14	4-3-1-7-9-14	200	5	1000
414	4	14	4-5-6-7-9-14	200	5	1000
414	4	14	4-5-2-1-7-9-14	200	6	1200
414	4	14	4-3-1-2-5-10-15-14	200	7	1400
415	4	15	4-5-10-15	200	3	600
415	4	15	4-3-1-7-9-14-15	200	6	1200
415	4	15	4-3-1-2-5-10-15	200	6	1200
415	4	15	4-5-6-7-9-14-15	200	6	1200
415	4	15	4-5-2-1-7-9-14-15	200	7	1400
416	4	16	4-3-1-7-8-11-12-16	200	7	1400
416	4	16	4-5-10-15-14-13-12-16	200	7	1400
416	4	16	4-5-6-7-8-11-12-16	200	7	1400
416	4	16	4-5-2-1-7-8-11-12-16	200	8	1600
416	4	16	4-5-10-15-17-19-20-18-16	200	8	1600
417	4	17	4-5-10-15-17	200	4	800
417	4	17	4-3-1-7-9-14-15-17	200	7	1400
417	4	17	4-5-6-7-9-14-15-17	200	7	1400
417	4	17	4-3-1-2-5-10-15-17	200	7	1400
417	4	17	4-5-2-1-7-9-14-15-17	200	8	1600
418	4	18	4-5-10-15-17-19-20-18	200	7	1400
418	4	18	4-3-1-7-8-11-12-16-18	200	8	1600
418	4	18	4-5-6-7-8-11-12-16-18	200	8	1600
418	4	18	4-5-10-15-14-13-12-16-18	200	8	1600
418	4	18	4-5-2-1-7-8-11-12-16-18	200	9	1800
419	4	19	4-5-10-15-17-19	200	5	1000
419	4	19	4-3-1-7-9-14-15-17-19	200	8	1600
419	4	19	4-3-1-2-5-10-15-17-19	200	8	1600
419	4	19	4-5-6-7-9-14-15-17-19	200	8	1600
419	4	19	4-5-2-1-7-9-14-15-17-19	200	9	1800
420	4	20	4-5-10-15-17-19-20	200	6	1200
420	4	20	4-3-1-7-8-11-12-16-18-20	200	9	1800
420	4	20	4-5-6-7-9-14-15-17-19-20	200	9	1800
420	4	20	4-3-1-2-5-10-15-17-19-20	200	9	1800
420	4	20	4-3-1-7-9-14-15-17-19-20	200	9	1800
50	5	0	5-2-0	200	2	400
50	5	0	5-2-1-0	200	3	600
50	5	0	5-4-3-1-0	200	4	800
50	5	0	5-6-7-1-0	200	4	800
50	5	0	5-4-3-1-2-0	200	5	1000
51	5	1	5-2-1	200	2	400
51	5	1	5-2-0-1	200	3	600
51	5	1	5-6-7-1	200	3	600
51	5	1	5-4-3-1	200	3	600
51	5	1	5-10-15-14-9-7-1	200	6	1200
52	5	2	5-2	200	1	200
52	5	2	5-4-3-1-2	200	4	800
52	5	2	5-6-7-1-2	200	4	800
52	5	2	5-4-3-1-0-2	200	5	1000
52	5	2	5-6-7-1-0-2	200	5	1000
53	5	3	5-4-3	200	2	400
53	5	3	5-2-1-3	200	3	600
53	5	3	5-2-0-1-3	200	4	800
53	5	3	5-6-7-1-3	200	4	800
53	5	3	5-10-15-14-9-7-1-3	200	7	1400
54	5	4	5-4	200	1	200
54	5	4	5-2-1-3-4	200	4	800
54	5	4	5-2-0-1-3-4	200	5	1000
54	5	4	5-6-7-1-3-4	200	5	1000
54	5	4	5-10-15-14-9-7-1-3-4	200	8	1600
56	5	6	5-6	200	1	200
56	5	6	5-2-1-7-6	200	4	800
56	5	6	5-2-0-1-7-6	200	5	1000
56	5	6	5-4-3-1-7-6	200	5	1000
56	5	6	5-10-15-14-9-7-6	200	6	1200
57	5	7	5-6-7	200	2	400
57	5	7	5-2-1-7	200	3	600
57	5	7	5-2-0-1-7	200	4	800
57	5	7	5-4-3-1-7	200	4	800
57	5	7	5-10-15-14-9-7	200	5	1000
58	5	8	5-6-7-8	200	3	600
58	5	8	5-2-1-7-8	200	4	800
58	5	8	5-2-0-1-7-8	200	5	1000
58	5	8	5-4-3-1-7-8	200	5	1000
58	5	8	5-10-15-14-9-7-8	200	6	1200
59	5	9	5-6-7-9	200	3	600
59	5	9	5-10-15-14-9	200	4	800
59	5	9	5-2-1-7-9	200	4	800
59	5	9	5-2-0-1-7-9	200	5	1000
59	5	9	5-4-3-1-7-9	200	5	1000
510	5	10	5-10	200	1	200
510	5	10	5-6-7-9-14-15-10	200	6	1200
510	5	10	5-2-1-7-9-14-15-10	200	7	1400
510	5	10	5-2-0-1-7-9-14-15-10	200	8	1600
510	5	10	5-4-3-1-7-9-14-15-10	200	8	1600
511	5	11	5-6-7-8-11	200	4	800
511	5	11	5-2-1-7-8-11	200	5	1000
511	5	11	5-10-15-14-13-12-11	200	6	1200
511	5	11	5-4-3-1-7-8-11	200	6	1200
511	5	11	5-2-0-1-7-8-11	200	6	1200
512	5	12	5-6-7-8-11-12	200	5	1000
512	5	12	5-10-15-14-13-12	200	5	1000
512	5	12	5-2-1-7-8-11-12	200	6	1200
512	5	12	5-6-7-9-14-13-12	200	6	1200
512	5	12	5-2-0-1-7-8-11-12	200	7	1400
513	5	13	5-10-15-14-13	200	4	800
513	5	13	5-6-7-9-14-13	200	5	1000
513	5	13	5-6-7-8-11-12-13	200	6	1200
513	5	13	5-2-1-7-9-14-13	200	6	1200
513	5	13	5-2-1-7-8-11-12-13	200	7	1400
514	5	14	5-10-15-14	200	3	600
514	5	14	5-6-7-9-14	200	4	800
514	5	14	5-2-1-7-9-14	200	5	1000
514	5	14	5-2-0-1-7-9-14	200	6	1200
514	5	14	5-4-3-1-7-9-14	200	6	1200
515	5	15	5-10-15	200	2	400
515	5	15	5-6-7-9-14-15	200	5	1000
515	5	15	5-2-1-7-9-14-15	200	6	1200
515	5	15	5-2-0-1-7-9-14-15	200	7	1400
515	5	15	5-4-3-1-7-9-14-15	200	7	1400
516	5	16	5-6-7-8-11-12-16	200	6	1200
516	5	16	5-10-15-14-13-12-16	200	6	1200
516	5	16	5-2-1-7-8-11-12-16	200	7	1400
516	5	16	5-10-15-17-19-20-18-16	200	7	1400
516	5	16	5-6-7-9-14-13-12-16	200	7	1400
517	5	17	5-10-15-17	200	3	600
517	5	17	5-6-7-9-14-15-17	200	6	1200
517	5	17	5-2-1-7-9-14-15-17	200	7	1400
517	5	17	5-2-0-1-7-9-14-15-17	200	8	1600
517	5	17	5-4-3-1-7-9-14-15-17	200	8	1600
518	5	18	5-10-15-17-19-20-18	200	6	1200
518	5	18	5-6-7-8-11-12-16-18	200	7	1400
518	5	18	5-10-15-14-13-12-16-18	200	7	1400
518	5	18	5-2-1-7-8-11-12-16-18	200	8	1600
518	5	18	5-6-7-9-14-13-12-16-18	200	8	1600
519	5	19	5-10-15-17-19	200	4	800
519	5	19	5-6-7-9-14-15-17-19	200	7	1400
519	5	19	5-2-1-7-9-14-15-17-19	200	8	1600
519	5	19	5-2-0-1-7-9-14-15-17-19	200	9	1800
519	5	19	5-10-15-14-13-12-16-18-20-19	200	9	1800
520	5	20	5-10-15-17-19-20	200	5	1000
520	5	20	5-6-7-8-11-12-16-18-20	200	8	1600
520	5	20	5-6-7-9-14-15-17-19-20	200	8	1600
520	5	20	5-10-15-14-13-12-16-18-20	200	8	1600
520	5	20	5-2-1-7-8-11-12-16-18-20	200	9	1800
60	6	0	6-7-1-0	200	3	600
60	6	0	6-5-2-0	200	3	600
60	6	0	6-5-2-1-0	200	4	800
60	6	0	6-7-1-2-0	200	4	800
60	6	0	6-5-4-3-1-0	200	5	1000
61	6	1	6-7-1	200	2	400
61	6	1	6-5-2-1	200	3	600
61	6	1	6-5-2-0-1	200	4	800
61	6	1	6-5-4-3-1	200	4	800
61	6	1	6-5-10-15-14-9-7-1	200	7	1400
62	6	2	6-5-2	200	2	400
62	6	2	6-7-1-2	200	3	600
62	6	2	6-7-1-0-2	200	4	800
62	6	2	6-5-4-3-1-2	200	5	1000
62	6	2	6-5-4-3-1-0-2	200	6	1200
63	6	3	6-7-1-3	200	3	600
63	6	3	6-5-4-3	200	3	600
63	6	3	6-5-2-1-3	200	4	800
63	6	3	6-5-2-0-1-3	200	5	1000
63	6	3	6-7-1-2-5-4-3	200	6	1200
64	6	4	6-5-4	200	2	400
64	6	4	6-7-1-3-4	200	4	800
64	6	4	6-5-2-1-3-4	200	5	1000
64	6	4	6-7-1-2-5-4	200	5	1000
64	6	4	6-5-2-0-1-3-4	200	6	1200
65	6	5	6-5	200	1	200
65	6	5	6-7-1-2-5	200	4	800
65	6	5	6-7-1-0-2-5	200	5	1000
65	6	5	6-7-1-3-4-5	200	5	1000
65	6	5	6-7-9-14-15-10-5	200	6	1200
67	6	7	6-7	200	1	200
67	6	7	6-5-2-1-7	200	4	800
67	6	7	6-5-2-0-1-7	200	5	1000
67	6	7	6-5-4-3-1-7	200	5	1000
67	6	7	6-5-10-15-14-9-7	200	6	1200
68	6	8	6-7-8	200	2	400
68	6	8	6-5-2-1-7-8	200	5	1000
68	6	8	6-5-2-0-1-7-8	200	6	1200
68	6	8	6-5-4-3-1-7-8	200	6	1200
68	6	8	6-7-9-14-13-12-11-8	200	7	1400
69	6	9	6-7-9	200	2	400
69	6	9	6-5-10-15-14-9	200	5	1000
69	6	9	6-5-2-1-7-9	200	5	1000
69	6	9	6-5-2-0-1-7-9	200	6	1200
69	6	9	6-5-4-3-1-7-9	200	6	1200
610	6	10	6-5-10	200	2	400
610	6	10	6-7-9-14-15-10	200	5	1000
610	6	10	6-7-1-2-5-10	200	5	1000
610	6	10	6-7-1-0-2-5-10	200	6	1200
610	6	10	6-7-1-3-4-5-10	200	6	1200
611	6	11	6-7-8-11	200	3	600
611	6	11	6-7-9-14-13-12-11	200	6	1200
611	6	11	6-5-2-1-7-8-11	200	6	1200
611	6	11	6-5-10-15-14-13-12-11	200	7	1400
611	6	11	6-5-4-3-1-7-8-11	200	7	1400
612	6	12	6-7-8-11-12	200	4	800
612	6	12	6-7-9-14-13-12	200	5	1000
612	6	12	6-5-10-15-14-13-12	200	6	1200
612	6	12	6-5-2-1-7-8-11-12	200	7	1400
612	6	12	6-5-2-0-1-7-8-11-12	200	8	1600
613	6	13	6-7-9-14-13	200	4	800
613	6	13	6-7-8-11-12-13	200	5	1000
613	6	13	6-5-10-15-14-13	200	5	1000
613	6	13	6-5-2-1-7-9-14-13	200	7	1400
613	6	13	6-5-2-1-7-8-11-12-13	200	8	1600
614	6	14	6-7-9-14	200	3	600
614	6	14	6-5-10-15-14	200	4	800
614	6	14	6-7-8-11-12-13-14	200	6	1200
614	6	14	6-5-2-1-7-9-14	200	6	1200
614	6	14	6-7-1-2-5-10-15-14	200	7	1400
615	6	15	6-5-10-15	200	3	600
615	6	15	6-7-9-14-15	200	4	800
615	6	15	6-7-1-2-5-10-15	200	6	1200
615	6	15	6-7-8-11-12-13-14-15	200	7	1400
615	6	15	6-7-1-3-4-5-10-15	200	7	1400
616	6	16	6-7-8-11-12-16	200	5	1000
616	6	16	6-7-9-14-13-12-16	200	6	1200
616	6	16	6-5-10-15-14-13-12-16	200	7	1400
616	6	16	6-5-2-1-7-8-11-12-16	200	8	1600
616	6	16	6-5-10-15-17-19-20-18-16	200	8	1600
617	6	17	6-5-10-15-17	200	4	800
617	6	17	6-7-9-14-15-17	200	5	1000
617	6	17	6-7-1-2-5-10-15-17	200	7	1400
617	6	17	6-7-8-11-12-13-14-15-17	200	8	1600
617	6	17	6-7-1-3-4-5-10-15-17	200	8	1600
618	6	18	6-7-8-11-12-16-18	200	6	1200
618	6	18	6-7-9-14-13-12-16-18	200	7	1400
618	6	18	6-5-10-15-17-19-20-18	200	7	1400
618	6	18	6-5-10-15-14-13-12-16-18	200	8	1600
618	6	18	6-7-9-14-15-17-19-20-18	200	8	1600
619	6	19	6-5-10-15-17-19	200	5	1000
619	6	19	6-7-9-14-15-17-19	200	6	1200
619	6	19	6-7-1-2-5-10-15-17-19	200	8	1600
619	6	19	6-7-8-11-12-16-18-20-19	200	8	1600
619	6	19	6-7-8-11-12-13-14-15-17-19	200	9	1800
620	6	20	6-5-10-15-17-19-20	200	6	1200
620	6	20	6-7-8-11-12-16-18-20	200	7	1400
620	6	20	6-7-9-14-15-17-19-20	200	7	1400
620	6	20	6-7-9-14-13-12-16-18-20	200	8	1600
620	6	20	6-5-10-15-14-13-12-16-18-20	200	9	1800
70	7	0	7-1-0	200	2	400
70	7	0	7-1-2-0	200	3	600
70	7	0	7-6-5-2-0	200	4	800
70	7	0	7-6-5-2-1-0	200	5	1000
70	7	0	7-6-5-4-3-1-0	200	6	1200
71	7	1	7-1	200	1	200
71	7	1	7-6-5-2-1	200	4	800
71	7	1	7-6-5-2-0-1	200	5	1000
71	7	1	7-6-5-4-3-1	200	5	1000
71	7	1	7-9-14-15-10-5-2-1	200	7	1400
72	7	2	7-1-2	200	2	400
72	7	2	7-1-0-2	200	3	600
72	7	2	7-6-5-2	200	3	600
72	7	2	7-1-3-4-5-2	200	5	1000
72	7	2	7-6-5-4-3-1-2	200	6	1200
73	7	3	7-1-3	200	2	400
73	7	3	7-6-5-4-3	200	4	800
73	7	3	7-6-5-2-1-3	200	5	1000
73	7	3	7-1-2-5-4-3	200	5	1000
73	7	3	7-6-5-2-0-1-3	200	6	1200
74	7	4	7-1-3-4	200	3	600
74	7	4	7-6-5-4	200	3	600
74	7	4	7-1-2-5-4	200	4	800
74	7	4	7-1-0-2-5-4	200	5	1000
74	7	4	7-6-5-2-1-3-4	200	6	1200
75	7	5	7-6-5	200	2	400
75	7	5	7-1-2-5	200	3	600
75	7	5	7-1-0-2-5	200	4	800
75	7	5	7-1-3-4-5	200	4	800
75	7	5	7-9-14-15-10-5	200	5	1000
76	7	6	7-6	200	1	200
76	7	6	7-1-2-5-6	200	4	800
76	7	6	7-1-0-2-5-6	200	5	1000
76	7	6	7-1-3-4-5-6	200	5	1000
76	7	6	7-9-14-15-10-5-6	200	6	1200
78	7	8	7-8	200	1	200
78	7	8	7-9-14-13-12-11-8	200	6	1200
78	7	8	7-6-5-10-15-14-13-12-11-8	200	9	1800
78	7	8	7-1-2-5-10-15-14-13-12-11-8	200	10	2000
78	7	8	7-1-0-2-5-10-15-14-13-12-11-8	200	11	2200
79	7	9	7-9	200	1	200
79	7	9	7-8-11-12-13-14-9	200	6	1200
79	7	9	7-6-5-10-15-14-9	200	6	1200
79	7	9	7-1-2-5-10-15-14-9	200	7	1400
79	7	9	7-1-0-2-5-10-15-14-9	200	8	1600
710	7	10	7-6-5-10	200	3	600
710	7	10	7-9-14-15-10	200	4	800
710	7	10	7-1-2-5-10	200	4	800
710	7	10	7-1-0-2-5-10	200	5	1000
710	7	10	7-1-3-4-5-10	200	5	1000
711	7	11	7-8-11	200	2	400
711	7	11	7-9-14-13-12-11	200	5	1000
711	7	11	7-6-5-10-15-14-13-12-11	200	8	1600
711	7	11	7-1-2-5-10-15-14-13-12-11	200	9	1800
711	7	11	7-1-0-2-5-10-15-14-13-12-11	200	10	2000
712	7	12	7-8-11-12	200	3	600
712	7	12	7-9-14-13-12	200	4	800
712	7	12	7-6-5-10-15-14-13-12	200	7	1400
712	7	12	7-1-2-5-10-15-14-13-12	200	8	1600
712	7	12	7-1-0-2-5-10-15-14-13-12	200	9	1800
713	7	13	7-9-14-13	200	3	600
713	7	13	7-8-11-12-13	200	4	800
713	7	13	7-6-5-10-15-14-13	200	6	1200
713	7	13	7-1-2-5-10-15-14-13	200	7	1400
713	7	13	7-1-0-2-5-10-15-14-13	200	8	1600
714	7	14	7-9-14	200	2	400
714	7	14	7-8-11-12-13-14	200	5	1000
714	7	14	7-6-5-10-15-14	200	5	1000
714	7	14	7-1-2-5-10-15-14	200	6	1200
714	7	14	7-1-0-2-5-10-15-14	200	7	1400
715	7	15	7-9-14-15	200	3	600
715	7	15	7-6-5-10-15	200	4	800
715	7	15	7-1-2-5-10-15	200	5	1000
715	7	15	7-8-11-12-13-14-15	200	6	1200
715	7	15	7-1-3-4-5-10-15	200	6	1200
716	7	16	7-8-11-12-16	200	4	800
716	7	16	7-9-14-13-12-16	200	5	1000
716	7	16	7-6-5-10-15-14-13-12-16	200	8	1600
716	7	16	7-9-14-15-17-19-20-18-16	200	8	1600
716	7	16	7-1-2-5-10-15-14-13-12-16	200	9	1800
717	7	17	7-9-14-15-17	200	4	800
717	7	17	7-6-5-10-15-17	200	5	1000
717	7	17	7-1-2-5-10-15-17	200	6	1200
717	7	17	7-8-11-12-13-14-15-17	200	7	1400
717	7	17	7-1-3-4-5-10-15-17	200	7	1400
718	7	18	7-8-11-12-16-18	200	5	1000
718	7	18	7-9-14-13-12-16-18	200	6	1200
718	7	18	7-9-14-15-17-19-20-18	200	7	1400
718	7	18	7-6-5-10-15-17-19-20-18	200	8	1600
718	7	18	7-6-5-10-15-14-13-12-16-18	200	9	1800
719	7	19	7-9-14-15-17-19	200	5	1000
719	7	19	7-6-5-10-15-17-19	200	6	1200
719	7	19	7-1-2-5-10-15-17-19	200	7	1400
719	7	19	7-8-11-12-16-18-20-19	200	7	1400
719	7	19	7-8-11-12-13-14-15-17-19	200	8	1600
720	7	20	7-8-11-12-16-18-20	200	6	1200
720	7	20	7-9-14-15-17-19-20	200	6	1200
720	7	20	7-9-14-13-12-16-18-20	200	7	1400
720	7	20	7-6-5-10-15-17-19-20	200	7	1400
720	7	20	7-1-2-5-10-15-17-19-20	200	8	1600
80	8	0	8-7-1-0	200	3	600
80	8	0	8-7-1-2-0	200	4	800
80	8	0	8-7-6-5-2-0	200	5	1000
80	8	0	8-7-6-5-2-1-0	200	6	1200
80	8	0	8-7-6-5-4-3-1-0	200	7	1400
81	8	1	8-7-1	200	2	400
81	8	1	8-7-6-5-2-1	200	5	1000
81	8	1	8-7-6-5-2-0-1	200	6	1200
81	8	1	8-7-6-5-4-3-1	200	6	1200
81	8	1	8-11-12-13-14-9-7-1	200	7	1400
82	8	2	8-7-1-2	200	3	600
82	8	2	8-7-1-0-2	200	4	800
82	8	2	8-7-6-5-2	200	4	800
82	8	2	8-7-1-3-4-5-2	200	6	1200
82	8	2	8-7-6-5-4-3-1-2	200	7	1400
83	8	3	8-7-1-3	200	3	600
83	8	3	8-7-6-5-4-3	200	5	1000
83	8	3	8-7-6-5-2-1-3	200	6	1200
83	8	3	8-7-1-2-5-4-3	200	6	1200
83	8	3	8-7-6-5-2-0-1-3	200	7	1400
84	8	4	8-7-1-3-4	200	4	800
84	8	4	8-7-6-5-4	200	4	800
84	8	4	8-7-1-2-5-4	200	5	1000
84	8	4	8-7-1-0-2-5-4	200	6	1200
84	8	4	8-7-6-5-2-1-3-4	200	7	1400
85	8	5	8-7-6-5	200	3	600
85	8	5	8-7-1-2-5	200	4	800
85	8	5	8-7-1-0-2-5	200	5	1000
85	8	5	8-7-1-3-4-5	200	5	1000
85	8	5	8-7-9-14-15-10-5	200	6	1200
86	8	6	8-7-6	200	2	400
86	8	6	8-7-1-2-5-6	200	5	1000
86	8	6	8-7-1-0-2-5-6	200	6	1200
86	8	6	8-7-1-3-4-5-6	200	6	1200
86	8	6	8-7-9-14-15-10-5-6	200	7	1400
87	8	7	8-7	200	1	200
87	8	7	8-11-12-13-14-9-7	200	6	1200
87	8	7	8-11-12-13-14-15-10-5-6-7	200	9	1800
87	8	7	8-11-12-13-14-15-10-5-2-1-7	200	10	2000
87	8	7	8-11-12-13-14-15-10-5-2-0-1-7	200	11	2200
89	8	9	8-7-9	200	2	400
89	8	9	8-11-12-13-14-9	200	5	1000
89	8	9	8-7-6-5-10-15-14-9	200	7	1400
89	8	9	8-7-1-2-5-10-15-14-9	200	8	1600
89	8	9	8-7-1-3-4-5-10-15-14-9	200	9	1800
810	8	10	8-7-6-5-10	200	4	800
810	8	10	8-7-9-14-15-10	200	5	1000
810	8	10	8-7-1-2-5-10	200	5	1000
810	8	10	8-11-12-13-14-15-10	200	6	1200
810	8	10	8-7-1-3-4-5-10	200	6	1200
811	8	11	8-11	200	1	200
811	8	11	8-7-9-14-13-12-11	200	6	1200
811	8	11	8-7-6-5-10-15-14-13-12-11	200	9	1800
811	8	11	8-7-1-2-5-10-15-14-13-12-11	200	10	2000
811	8	11	8-7-1-0-2-5-10-15-14-13-12-11	200	11	2200
812	8	12	8-11-12	200	2	400
812	8	12	8-7-9-14-13-12	200	5	1000
812	8	12	8-7-6-5-10-15-14-13-12	200	8	1600
812	8	12	8-7-1-2-5-10-15-14-13-12	200	9	1800
812	8	12	8-7-1-0-2-5-10-15-14-13-12	200	10	2000
813	8	13	8-11-12-13	200	3	600
813	8	13	8-7-9-14-13	200	4	800
813	8	13	8-7-6-5-10-15-14-13	200	7	1400
813	8	13	8-7-1-2-5-10-15-14-13	200	8	1600
813	8	13	8-7-1-0-2-5-10-15-14-13	200	9	1800
814	8	14	8-7-9-14	200	3	600
814	8	14	8-11-12-13-14	200	4	800
814	8	14	8-7-6-5-10-15-14	200	6	1200
814	8	14	8-7-1-2-5-10-15-14	200	7	1400
814	8	14	8-7-1-0-2-5-10-15-14	200	8	1600
815	8	15	8-7-9-14-15	200	4	800
815	8	15	8-11-12-13-14-15	200	5	1000
815	8	15	8-7-6-5-10-15	200	5	1000
815	8	15	8-7-1-2-5-10-15	200	6	1200
815	8	15	8-7-1-0-2-5-10-15	200	7	1400
816	8	16	8-11-12-16	200	3	600
816	8	16	8-7-9-14-13-12-16	200	6	1200
816	8	16	8-7-6-5-10-15-14-13-12-16	200	9	1800
816	8	16	8-7-9-14-15-17-19-20-18-16	200	9	1800
816	8	16	8-7-1-2-5-10-15-14-13-12-16	200	10	2000
817	8	17	8-7-9-14-15-17	200	5	1000
817	8	17	8-11-12-13-14-15-17	200	6	1200
817	8	17	8-7-6-5-10-15-17	200	6	1200
817	8	17	8-7-1-2-5-10-15-17	200	7	1400
817	8	17	8-11-12-16-18-20-19-17	200	7	1400
818	8	18	8-11-12-16-18	200	4	800
818	8	18	8-7-9-14-13-12-16-18	200	7	1400
818	8	18	8-7-9-14-15-17-19-20-18	200	8	1600
818	8	18	8-11-12-13-14-15-17-19-20-18	200	9	1800
818	8	18	8-7-6-5-10-15-17-19-20-18	200	9	1800
819	8	19	8-7-9-14-15-17-19	200	6	1200
819	8	19	8-11-12-16-18-20-19	200	6	1200
819	8	19	8-11-12-13-14-15-17-19	200	7	1400
819	8	19	8-7-6-5-10-15-17-19	200	7	1400
819	8	19	8-7-1-2-5-10-15-17-19	200	8	1600
820	8	20	8-11-12-16-18-20	200	5	1000
820	8	20	8-7-9-14-15-17-19-20	200	7	1400
820	8	20	8-7-9-14-13-12-16-18-20	200	8	1600
820	8	20	8-7-6-5-10-15-17-19-20	200	8	1600
820	8	20	8-11-12-13-14-15-17-19-20	200	8	1600
90	9	0	9-7-1-0	200	3	600
90	9	0	9-7-1-2-0	200	4	800
90	9	0	9-7-6-5-2-0	200	5	1000
90	9	0	9-7-6-5-2-1-0	200	6	1200
90	9	0	9-14-15-10-5-2-0	200	6	1200
91	9	1	9-7-1	200	2	400
91	9	1	9-7-6-5-2-1	200	5	1000
91	9	1	9-7-6-5-2-0-1	200	6	1200
91	9	1	9-7-6-5-4-3-1	200	6	1200
91	9	1	9-14-15-10-5-2-1	200	6	1200
92	9	2	9-7-1-2	200	3	600
92	9	2	9-7-1-0-2	200	4	800
92	9	2	9-7-6-5-2	200	4	800
92	9	2	9-14-15-10-5-2	200	5	1000
92	9	2	9-7-1-3-4-5-2	200	6	1200
93	9	3	9-7-1-3	200	3	600
93	9	3	9-7-6-5-4-3	200	5	1000
93	9	3	9-7-6-5-2-1-3	200	6	1200
93	9	3	9-14-15-10-5-4-3	200	6	1200
93	9	3	9-7-1-2-5-4-3	200	6	1200
94	9	4	9-7-1-3-4	200	4	800
94	9	4	9-7-6-5-4	200	4	800
94	9	4	9-7-1-2-5-4	200	5	1000
94	9	4	9-14-15-10-5-4	200	5	1000
94	9	4	9-7-1-0-2-5-4	200	6	1200
95	9	5	9-7-6-5	200	3	600
95	9	5	9-7-1-2-5	200	4	800
95	9	5	9-14-15-10-5	200	4	800
95	9	5	9-7-1-0-2-5	200	5	1000
95	9	5	9-7-1-3-4-5	200	5	1000
96	9	6	9-7-6	200	2	400
96	9	6	9-7-1-2-5-6	200	5	1000
96	9	6	9-14-15-10-5-6	200	5	1000
96	9	6	9-7-1-0-2-5-6	200	6	1200
96	9	6	9-7-1-3-4-5-6	200	6	1200
97	9	7	9-7	200	1	200
97	9	7	9-14-15-10-5-6-7	200	6	1200
97	9	7	9-14-13-12-11-8-7	200	6	1200
97	9	7	9-14-15-10-5-2-1-7	200	7	1400
97	9	7	9-14-15-10-5-2-0-1-7	200	8	1600
98	9	8	9-7-8	200	2	400
98	9	8	9-14-13-12-11-8	200	5	1000
98	9	8	9-14-15-10-5-6-7-8	200	7	1400
98	9	8	9-14-15-10-5-2-1-7-8	200	8	1600
98	9	8	9-14-15-10-5-2-0-1-7-8	200	9	1800
910	9	10	9-14-15-10	200	3	600
910	9	10	9-7-6-5-10	200	4	800
910	9	10	9-7-1-2-5-10	200	5	1000
910	9	10	9-7-1-0-2-5-10	200	6	1200
910	9	10	9-7-1-3-4-5-10	200	6	1200
911	9	11	9-7-8-11	200	3	600
911	9	11	9-14-13-12-11	200	4	800
911	9	11	9-14-15-10-5-6-7-8-11	200	8	1600
911	9	11	9-7-6-5-10-15-14-13-12-11	200	9	1800
911	9	11	9-14-15-10-5-2-1-7-8-11	200	9	1800
912	9	12	9-14-13-12	200	3	600
912	9	12	9-7-8-11-12	200	4	800
912	9	12	9-7-6-5-10-15-14-13-12	200	8	1600
912	9	12	9-14-15-17-19-20-18-16-12	200	8	1600
912	9	12	9-14-15-10-5-6-7-8-11-12	200	9	1800
913	9	13	9-14-13	200	2	400
913	9	13	9-7-8-11-12-13	200	5	1000
913	9	13	9-7-6-5-10-15-14-13	200	7	1400
913	9	13	9-7-1-2-5-10-15-14-13	200	8	1600
913	9	13	9-14-15-17-19-20-18-16-12-13	200	9	1800
914	9	14	9-14	200	1	200
914	9	14	9-7-8-11-12-13-14	200	6	1200
914	9	14	9-7-6-5-10-15-14	200	6	1200
914	9	14	9-7-1-2-5-10-15-14	200	7	1400
914	9	14	9-7-1-0-2-5-10-15-14	200	8	1600
915	9	15	9-14-15	200	2	400
915	9	15	9-7-6-5-10-15	200	5	1000
915	9	15	9-7-1-2-5-10-15	200	6	1200
915	9	15	9-7-8-11-12-13-14-15	200	7	1400
915	9	15	9-7-1-3-4-5-10-15	200	7	1400
916	9	16	9-14-13-12-16	200	4	800
916	9	16	9-7-8-11-12-16	200	5	1000
916	9	16	9-14-15-17-19-20-18-16	200	7	1400
916	9	16	9-7-6-5-10-15-14-13-12-16	200	9	1800
916	9	16	9-14-15-10-5-6-7-8-11-12-16	200	10	2000
917	9	17	9-14-15-17	200	3	600
917	9	17	9-7-6-5-10-15-17	200	6	1200
917	9	17	9-7-1-2-5-10-15-17	200	7	1400
917	9	17	9-7-8-11-12-13-14-15-17	200	8	1600
917	9	17	9-14-13-12-16-18-20-19-17	200	8	1600
918	9	18	9-14-13-12-16-18	200	5	1000
918	9	18	9-7-8-11-12-16-18	200	6	1200
918	9	18	9-14-15-17-19-20-18	200	6	1200
918	9	18	9-7-6-5-10-15-17-19-20-18	200	9	1800
918	9	18	9-7-6-5-10-15-14-13-12-16-18	200	10	2000
919	9	19	9-14-15-17-19	200	4	800
919	9	19	9-7-6-5-10-15-17-19	200	7	1400
919	9	19	9-14-13-12-16-18-20-19	200	7	1400
919	9	19	9-7-1-2-5-10-15-17-19	200	8	1600
919	9	19	9-7-8-11-12-16-18-20-19	200	8	1600
920	9	20	9-14-15-17-19-20	200	5	1000
920	9	20	9-14-13-12-16-18-20	200	6	1200
920	9	20	9-7-8-11-12-16-18-20	200	7	1400
920	9	20	9-7-6-5-10-15-17-19-20	200	8	1600
920	9	20	9-7-1-2-5-10-15-17-19-20	200	9	1800
100	10	0	10-5-2-0	200	3	600
100	10	0	10-5-2-1-0	200	4	800
100	10	0	10-5-4-3-1-0	200	5	1000
100	10	0	10-5-6-7-1-0	200	5	1000
100	10	0	10-15-14-9-7-1-0	200	6	1200
101	10	1	10-5-2-1	200	3	600
101	10	1	10-5-2-0-1	200	4	800
101	10	1	10-5-6-7-1	200	4	800
101	10	1	10-5-4-3-1	200	4	800
101	10	1	10-15-14-9-7-1	200	5	1000
102	10	2	10-5-2	200	2	400
102	10	2	10-5-4-3-1-2	200	5	1000
102	10	2	10-5-6-7-1-2	200	5	1000
102	10	2	10-5-4-3-1-0-2	200	6	1200
102	10	2	10-15-14-9-7-1-2	200	6	1200
103	10	3	10-5-4-3	200	3	600
103	10	3	10-5-2-1-3	200	4	800
103	10	3	10-5-2-0-1-3	200	5	1000
103	10	3	10-5-6-7-1-3	200	5	1000
103	10	3	10-15-14-9-7-1-3	200	6	1200
104	10	4	10-5-4	200	2	400
104	10	4	10-5-2-1-3-4	200	5	1000
104	10	4	10-5-2-0-1-3-4	200	6	1200
104	10	4	10-5-6-7-1-3-4	200	6	1200
104	10	4	10-15-14-9-7-1-3-4	200	7	1400
105	10	5	10-5	200	1	200
105	10	5	10-15-14-9-7-6-5	200	6	1200
105	10	5	10-15-14-9-7-1-2-5	200	7	1400
105	10	5	10-15-14-9-7-1-0-2-5	200	8	1600
105	10	5	10-15-14-9-7-1-3-4-5	200	8	1600
106	10	6	10-5-6	200	2	400
106	10	6	10-5-2-1-7-6	200	5	1000
106	10	6	10-15-14-9-7-6	200	5	1000
106	10	6	10-5-2-0-1-7-6	200	6	1200
106	10	6	10-5-4-3-1-7-6	200	6	1200
107	10	7	10-5-6-7	200	3	600
107	10	7	10-5-2-1-7	200	4	800
107	10	7	10-15-14-9-7	200	4	800
107	10	7	10-5-2-0-1-7	200	5	1000
107	10	7	10-5-4-3-1-7	200	5	1000
108	10	8	10-5-6-7-8	200	4	800
108	10	8	10-5-2-1-7-8	200	5	1000
108	10	8	10-15-14-9-7-8	200	5	1000
108	10	8	10-15-14-13-12-11-8	200	6	1200
108	10	8	10-5-4-3-1-7-8	200	6	1200
109	10	9	10-15-14-9	200	3	600
109	10	9	10-5-6-7-9	200	4	800
109	10	9	10-5-2-1-7-9	200	5	1000
109	10	9	10-5-2-0-1-7-9	200	6	1200
109	10	9	10-5-4-3-1-7-9	200	6	1200
1011	10	11	10-15-14-13-12-11	200	5	1000
1011	10	11	10-5-6-7-8-11	200	5	1000
1011	10	11	10-5-2-1-7-8-11	200	6	1200
1011	10	11	10-15-14-9-7-8-11	200	6	1200
1011	10	11	10-5-2-0-1-7-8-11	200	7	1400
1012	10	12	10-15-14-13-12	200	4	800
1012	10	12	10-5-6-7-8-11-12	200	6	1200
1012	10	12	10-5-2-1-7-8-11-12	200	7	1400
1012	10	12	10-15-17-19-20-18-16-12	200	7	1400
1012	10	12	10-5-6-7-9-14-13-12	200	7	1400
1013	10	13	10-15-14-13	200	3	600
1013	10	13	10-5-6-7-9-14-13	200	6	1200
1013	10	13	10-5-6-7-8-11-12-13	200	7	1400
1013	10	13	10-5-2-1-7-9-14-13	200	7	1400
1013	10	13	10-5-2-1-7-8-11-12-13	200	8	1600
1014	10	14	10-15-14	200	2	400
1014	10	14	10-5-6-7-9-14	200	5	1000
1014	10	14	10-5-2-1-7-9-14	200	6	1200
1014	10	14	10-5-2-0-1-7-9-14	200	7	1400
1014	10	14	10-5-4-3-1-7-9-14	200	7	1400
1015	10	15	10-15	200	1	200
1015	10	15	10-5-6-7-9-14-15	200	6	1200
1015	10	15	10-5-2-1-7-9-14-15	200	7	1400
1015	10	15	10-5-2-0-1-7-9-14-15	200	8	1600
1015	10	15	10-5-4-3-1-7-9-14-15	200	8	1600
1016	10	16	10-15-14-13-12-16	200	5	1000
1016	10	16	10-15-17-19-20-18-16	200	6	1200
1016	10	16	10-5-6-7-8-11-12-16	200	7	1400
1016	10	16	10-5-2-1-7-8-11-12-16	200	8	1600
1016	10	16	10-15-14-9-7-8-11-12-16	200	8	1600
1017	10	17	10-15-17	200	2	400
1017	10	17	10-5-6-7-9-14-15-17	200	7	1400
1017	10	17	10-5-2-1-7-9-14-15-17	200	8	1600
1017	10	17	10-5-2-0-1-7-9-14-15-17	200	9	1800
1017	10	17	10-15-14-13-12-16-18-20-19-17	200	9	1800
1018	10	18	10-15-17-19-20-18	200	5	1000
1018	10	18	10-15-14-13-12-16-18	200	6	1200
1018	10	18	10-5-6-7-8-11-12-16-18	200	8	1600
1018	10	18	10-5-2-1-7-8-11-12-16-18	200	9	1800
1018	10	18	10-5-6-7-9-14-13-12-16-18	200	9	1800
1019	10	19	10-15-17-19	200	3	600
1019	10	19	10-5-6-7-9-14-15-17-19	200	8	1600
1019	10	19	10-15-14-13-12-16-18-20-19	200	8	1600
1019	10	19	10-5-2-1-7-9-14-15-17-19	200	9	1800
1019	10	19	10-5-2-0-1-7-9-14-15-17-19	200	10	2000
1020	10	20	10-15-17-19-20	200	4	800
1020	10	20	10-15-14-13-12-16-18-20	200	7	1400
1020	10	20	10-5-6-7-8-11-12-16-18-20	200	9	1800
1020	10	20	10-5-6-7-9-14-15-17-19-20	200	9	1800
1020	10	20	10-5-2-1-7-8-11-12-16-18-20	200	10	2000
110	11	0	11-8-7-1-0	200	4	800
110	11	0	11-8-7-1-2-0	200	5	1000
110	11	0	11-8-7-6-5-2-0	200	6	1200
110	11	0	11-8-7-6-5-2-1-0	200	7	1400
110	11	0	11-12-13-14-9-7-1-0	200	7	1400
111	11	1	11-8-7-1	200	3	600
111	11	1	11-8-7-6-5-2-1	200	6	1200
111	11	1	11-12-13-14-9-7-1	200	6	1200
111	11	1	11-8-7-6-5-2-0-1	200	7	1400
111	11	1	11-8-7-6-5-4-3-1	200	7	1400
112	11	2	11-8-7-1-2	200	4	800
112	11	2	11-8-7-1-0-2	200	5	1000
112	11	2	11-8-7-6-5-2	200	5	1000
112	11	2	11-12-13-14-9-7-1-2	200	7	1400
112	11	2	11-12-13-14-15-10-5-2	200	7	1400
113	11	3	11-8-7-1-3	200	4	800
113	11	3	11-8-7-6-5-4-3	200	6	1200
113	11	3	11-8-7-6-5-2-1-3	200	7	1400
113	11	3	11-8-7-1-2-5-4-3	200	7	1400
113	11	3	11-12-13-14-9-7-1-3	200	7	1400
114	11	4	11-8-7-1-3-4	200	5	1000
114	11	4	11-8-7-6-5-4	200	5	1000
114	11	4	11-8-7-1-2-5-4	200	6	1200
114	11	4	11-8-7-1-0-2-5-4	200	7	1400
114	11	4	11-12-13-14-15-10-5-4	200	7	1400
115	11	5	11-8-7-6-5	200	4	800
115	11	5	11-8-7-1-2-5	200	5	1000
115	11	5	11-8-7-1-0-2-5	200	6	1200
115	11	5	11-12-13-14-15-10-5	200	6	1200
115	11	5	11-8-7-1-3-4-5	200	6	1200
116	11	6	11-8-7-6	200	3	600
116	11	6	11-8-7-1-2-5-6	200	6	1200
116	11	6	11-12-13-14-9-7-6	200	6	1200
116	11	6	11-8-7-1-0-2-5-6	200	7	1400
116	11	6	11-8-7-1-3-4-5-6	200	7	1400
117	11	7	11-8-7	200	2	400
117	11	7	11-12-13-14-9-7	200	5	1000
117	11	7	11-12-13-14-15-10-5-6-7	200	8	1600
117	11	7	11-12-13-14-15-10-5-2-1-7	200	9	1800
117	11	7	11-12-13-14-15-10-5-2-0-1-7	200	10	2000
118	11	8	11-8	200	1	200
118	11	8	11-12-13-14-9-7-8	200	6	1200
118	11	8	11-12-13-14-15-10-5-6-7-8	200	9	1800
118	11	8	11-12-13-14-15-10-5-2-1-7-8	200	10	2000
118	11	8	11-12-13-14-15-10-5-2-0-1-7-8	200	11	2200
119	11	9	11-8-7-9	200	3	600
119	11	9	11-12-13-14-9	200	4	800
119	11	9	11-8-7-6-5-10-15-14-9	200	8	1600
119	11	9	11-12-16-18-20-19-17-15-14-9	200	9	1800
119	11	9	11-12-13-14-15-10-5-6-7-9	200	9	1800
1110	11	10	11-12-13-14-15-10	200	5	1000
1110	11	10	11-8-7-6-5-10	200	5	1000
1110	11	10	11-8-7-9-14-15-10	200	6	1200
1110	11	10	11-8-7-1-2-5-10	200	6	1200
1110	11	10	11-8-7-1-0-2-5-10	200	7	1400
1112	11	12	11-12	200	1	200
1112	11	12	11-8-7-9-14-13-12	200	6	1200
1112	11	12	11-8-7-6-5-10-15-14-13-12	200	9	1800
1112	11	12	11-8-7-1-2-5-10-15-14-13-12	200	10	2000
1112	11	12	11-8-7-1-0-2-5-10-15-14-13-12	200	11	2200
1113	11	13	11-12-13	200	2	400
1113	11	13	11-8-7-9-14-13	200	5	1000
1113	11	13	11-8-7-6-5-10-15-14-13	200	8	1600
1113	11	13	11-12-16-18-20-19-17-15-14-13	200	9	1800
1113	11	13	11-8-7-1-2-5-10-15-14-13	200	9	1800
1114	11	14	11-12-13-14	200	3	600
1114	11	14	11-8-7-9-14	200	4	800
1114	11	14	11-8-7-6-5-10-15-14	200	7	1400
1114	11	14	11-12-16-18-20-19-17-15-14	200	8	1600
1114	11	14	11-8-7-1-2-5-10-15-14	200	8	1600
1115	11	15	11-12-13-14-15	200	4	800
1115	11	15	11-8-7-9-14-15	200	5	1000
1115	11	15	11-8-7-6-5-10-15	200	6	1200
1115	11	15	11-12-16-18-20-19-17-15	200	7	1400
1115	11	15	11-8-7-1-2-5-10-15	200	7	1400
1116	11	16	11-12-16	200	2	400
1116	11	16	11-8-7-9-14-13-12-16	200	7	1400
1116	11	16	11-12-13-14-15-17-19-20-18-16	200	9	1800
1116	11	16	11-8-7-6-5-10-15-14-13-12-16	200	10	2000
1116	11	16	11-8-7-9-14-15-17-19-20-18-16	200	10	2000
1117	11	17	11-12-13-14-15-17	200	5	1000
1117	11	17	11-8-7-9-14-15-17	200	6	1200
1117	11	17	11-12-16-18-20-19-17	200	6	1200
1117	11	17	11-8-7-6-5-10-15-17	200	7	1400
1117	11	17	11-8-7-1-2-5-10-15-17	200	8	1600
1118	11	18	11-12-16-18	200	3	600
1118	11	18	11-8-7-9-14-13-12-16-18	200	8	1600
1118	11	18	11-12-13-14-15-17-19-20-18	200	8	1600
1118	11	18	11-8-7-9-14-15-17-19-20-18	200	9	1800
1118	11	18	11-8-7-6-5-10-15-17-19-20-18	200	10	2000
1119	11	19	11-12-16-18-20-19	200	5	1000
1119	11	19	11-12-13-14-15-17-19	200	6	1200
1119	11	19	11-8-7-9-14-15-17-19	200	7	1400
1119	11	19	11-8-7-6-5-10-15-17-19	200	8	1600
1119	11	19	11-8-7-1-2-5-10-15-17-19	200	9	1800
1120	11	20	11-12-16-18-20	200	4	800
1120	11	20	11-12-13-14-15-17-19-20	200	7	1400
1120	11	20	11-8-7-9-14-15-17-19-20	200	8	1600
1120	11	20	11-8-7-9-14-13-12-16-18-20	200	9	1800
1120	11	20	11-8-7-6-5-10-15-17-19-20	200	9	1800
120	12	0	12-11-8-7-1-0	200	5	1000
120	12	0	12-13-14-9-7-1-0	200	6	1200
120	12	0	12-11-8-7-1-2-0	200	6	1200
120	12	0	12-13-14-9-7-1-2-0	200	7	1400
120	12	0	12-11-8-7-6-5-2-0	200	7	1400
121	12	1	12-11-8-7-1	200	4	800
121	12	1	12-13-14-9-7-1	200	5	1000
121	12	1	12-11-8-7-6-5-2-1	200	7	1400
121	12	1	12-13-14-15-10-5-2-1	200	7	1400
121	12	1	12-11-8-7-6-5-2-0-1	200	8	1600
122	12	2	12-11-8-7-1-2	200	5	1000
122	12	2	12-11-8-7-1-0-2	200	6	1200
122	12	2	12-13-14-15-10-5-2	200	6	1200
122	12	2	12-11-8-7-6-5-2	200	6	1200
122	12	2	12-13-14-9-7-1-2	200	6	1200
123	12	3	12-11-8-7-1-3	200	5	1000
123	12	3	12-13-14-9-7-1-3	200	6	1200
123	12	3	12-11-8-7-6-5-4-3	200	7	1400
123	12	3	12-13-14-15-10-5-4-3	200	7	1400
123	12	3	12-13-14-15-10-5-2-1-3	200	8	1600
124	12	4	12-11-8-7-1-3-4	200	6	1200
124	12	4	12-13-14-15-10-5-4	200	6	1200
124	12	4	12-11-8-7-6-5-4	200	6	1200
124	12	4	12-13-14-9-7-1-3-4	200	7	1400
124	12	4	12-13-14-9-7-6-5-4	200	7	1400
125	12	5	12-11-8-7-6-5	200	5	1000
125	12	5	12-13-14-15-10-5	200	5	1000
125	12	5	12-11-8-7-1-2-5	200	6	1200
125	12	5	12-13-14-9-7-6-5	200	6	1200
125	12	5	12-11-8-7-1-0-2-5	200	7	1400
126	12	6	12-11-8-7-6	200	4	800
126	12	6	12-13-14-9-7-6	200	5	1000
126	12	6	12-13-14-15-10-5-6	200	6	1200
126	12	6	12-11-8-7-1-2-5-6	200	7	1400
126	12	6	12-11-8-7-1-0-2-5-6	200	8	1600
127	12	7	12-11-8-7	200	3	600
127	12	7	12-13-14-9-7	200	4	800
127	12	7	12-13-14-15-10-5-6-7	200	7	1400
127	12	7	12-13-14-15-10-5-2-1-7	200	8	1600
127	12	7	12-13-14-15-10-5-2-0-1-7	200	9	1800
128	12	8	12-11-8	200	2	400
128	12	8	12-13-14-9-7-8	200	5	1000
128	12	8	12-13-14-15-10-5-6-7-8	200	8	1600
128	12	8	12-13-14-15-10-5-2-1-7-8	200	9	1800
128	12	8	12-13-14-15-10-5-2-0-1-7-8	200	10	2000
129	12	9	12-13-14-9	200	3	600
129	12	9	12-11-8-7-9	200	4	800
129	12	9	12-16-18-20-19-17-15-14-9	200	8	1600
129	12	9	12-13-14-15-10-5-6-7-9	200	8	1600
129	12	9	12-11-8-7-6-5-10-15-14-9	200	9	1800
1210	12	10	12-13-14-15-10	200	4	800
1210	12	10	12-11-8-7-6-5-10	200	6	1200
1210	12	10	12-11-8-7-9-14-15-10	200	7	1400
1210	12	10	12-13-14-9-7-6-5-10	200	7	1400
1210	12	10	12-11-8-7-1-2-5-10	200	7	1400
1211	12	11	12-11	200	1	200
1211	12	11	12-13-14-9-7-8-11	200	6	1200
1211	12	11	12-13-14-15-10-5-6-7-8-11	200	9	1800
1211	12	11	12-13-14-15-10-5-2-1-7-8-11	200	10	2000
1211	12	11	12-13-14-15-10-5-2-0-1-7-8-11	200	11	2200
1213	12	13	12-13	200	1	200
1213	12	13	12-11-8-7-9-14-13	200	6	1200
1213	12	13	12-16-18-20-19-17-15-14-13	200	8	1600
1213	12	13	12-11-8-7-6-5-10-15-14-13	200	9	1800
1213	12	13	12-11-8-7-1-2-5-10-15-14-13	200	10	2000
1214	12	14	12-13-14	200	2	400
1214	12	14	12-11-8-7-9-14	200	5	1000
1214	12	14	12-16-18-20-19-17-15-14	200	7	1400
1214	12	14	12-11-8-7-6-5-10-15-14	200	8	1600
1214	12	14	12-11-8-7-1-2-5-10-15-14	200	9	1800
1215	12	15	12-13-14-15	200	3	600
1215	12	15	12-11-8-7-9-14-15	200	6	1200
1215	12	15	12-16-18-20-19-17-15	200	6	1200
1215	12	15	12-11-8-7-6-5-10-15	200	7	1400
1215	12	15	12-11-8-7-1-2-5-10-15	200	8	1600
1216	12	16	12-16	200	1	200
1216	12	16	12-13-14-15-17-19-20-18-16	200	8	1600
1216	12	16	12-11-8-7-9-14-15-17-19-20-18-16	200	11	2200
1216	12	16	12-11-8-7-6-5-10-15-17-19-20-18-16	200	12	2400
1216	12	16	12-11-8-7-1-2-5-10-15-17-19-20-18-16	200	13	2600
1217	12	17	12-13-14-15-17	200	4	800
1217	12	17	12-16-18-20-19-17	200	5	1000
1217	12	17	12-11-8-7-9-14-15-17	200	7	1400
1217	12	17	12-11-8-7-6-5-10-15-17	200	8	1600
1217	12	17	12-11-8-7-1-2-5-10-15-17	200	9	1800
1218	12	18	12-16-18	200	2	400
1218	12	18	12-13-14-15-17-19-20-18	200	7	1400
1218	12	18	12-11-8-7-9-14-15-17-19-20-18	200	10	2000
1218	12	18	12-11-8-7-6-5-10-15-17-19-20-18	200	11	2200
1218	12	18	12-11-8-7-1-2-5-10-15-17-19-20-18	200	12	2400
1219	12	19	12-16-18-20-19	200	4	800
1219	12	19	12-13-14-15-17-19	200	5	1000
1219	12	19	12-11-8-7-9-14-15-17-19	200	8	1600
1219	12	19	12-11-8-7-6-5-10-15-17-19	200	9	1800
1219	12	19	12-11-8-7-1-2-5-10-15-17-19	200	10	2000
1220	12	20	12-16-18-20	200	3	600
1220	12	20	12-13-14-15-17-19-20	200	6	1200
1220	12	20	12-11-8-7-9-14-15-17-19-20	200	9	1800
1220	12	20	12-11-8-7-6-5-10-15-17-19-20	200	10	2000
1220	12	20	12-11-8-7-1-2-5-10-15-17-19-20	200	11	2200
130	13	0	13-14-9-7-1-0	200	5	1000
130	13	0	13-12-11-8-7-1-0	200	6	1200
130	13	0	13-14-15-10-5-2-0	200	6	1200
130	13	0	13-14-9-7-1-2-0	200	6	1200
130	13	0	13-14-15-10-5-2-1-0	200	7	1400
131	13	1	13-14-9-7-1	200	4	800
131	13	1	13-12-11-8-7-1	200	5	1000
131	13	1	13-14-15-10-5-2-1	200	6	1200
131	13	1	13-14-15-10-5-2-0-1	200	7	1400
131	13	1	13-14-15-10-5-6-7-1	200	7	1400
132	13	2	13-14-9-7-1-2	200	5	1000
132	13	2	13-14-15-10-5-2	200	5	1000
132	13	2	13-14-9-7-1-0-2	200	6	1200
132	13	2	13-14-9-7-6-5-2	200	6	1200
132	13	2	13-12-11-8-7-1-2	200	6	1200
133	13	3	13-14-9-7-1-3	200	5	1000
133	13	3	13-12-11-8-7-1-3	200	6	1200
133	13	3	13-14-15-10-5-4-3	200	6	1200
133	13	3	13-14-15-10-5-2-1-3	200	7	1400
133	13	3	13-14-9-7-6-5-4-3	200	7	1400
134	13	4	13-14-15-10-5-4	200	5	1000
134	13	4	13-14-9-7-1-3-4	200	6	1200
134	13	4	13-14-9-7-6-5-4	200	6	1200
134	13	4	13-12-11-8-7-1-3-4	200	7	1400
134	13	4	13-12-11-8-7-6-5-4	200	7	1400
135	13	5	13-14-15-10-5	200	4	800
135	13	5	13-14-9-7-6-5	200	5	1000
135	13	5	13-14-9-7-1-2-5	200	6	1200
135	13	5	13-12-11-8-7-6-5	200	6	1200
135	13	5	13-14-9-7-1-0-2-5	200	7	1400
136	13	6	13-14-9-7-6	200	4	800
136	13	6	13-14-15-10-5-6	200	5	1000
136	13	6	13-12-11-8-7-6	200	5	1000
136	13	6	13-14-9-7-1-2-5-6	200	7	1400
136	13	6	13-14-9-7-1-0-2-5-6	200	8	1600
137	13	7	13-14-9-7	200	3	600
137	13	7	13-12-11-8-7	200	4	800
137	13	7	13-14-15-10-5-6-7	200	6	1200
137	13	7	13-14-15-10-5-2-1-7	200	7	1400
137	13	7	13-14-15-10-5-2-0-1-7	200	8	1600
138	13	8	13-12-11-8	200	3	600
138	13	8	13-14-9-7-8	200	4	800
138	13	8	13-14-15-10-5-6-7-8	200	7	1400
138	13	8	13-14-15-10-5-2-1-7-8	200	8	1600
138	13	8	13-14-15-10-5-2-0-1-7-8	200	9	1800
139	13	9	13-14-9	200	2	400
139	13	9	13-12-11-8-7-9	200	5	1000
139	13	9	13-14-15-10-5-6-7-9	200	7	1400
139	13	9	13-14-15-10-5-2-1-7-9	200	8	1600
139	13	9	13-12-16-18-20-19-17-15-14-9	200	9	1800
1310	13	10	13-14-15-10	200	3	600
1310	13	10	13-14-9-7-6-5-10	200	6	1200
1310	13	10	13-14-9-7-1-2-5-10	200	7	1400
1310	13	10	13-12-11-8-7-6-5-10	200	7	1400
1310	13	10	13-12-11-8-7-9-14-15-10	200	8	1600
1311	13	11	13-12-11	200	2	400
1311	13	11	13-14-9-7-8-11	200	5	1000
1311	13	11	13-14-15-10-5-6-7-8-11	200	8	1600
1311	13	11	13-14-15-17-19-20-18-16-12-11	200	9	1800
1311	13	11	13-14-15-10-5-2-1-7-8-11	200	9	1800
1312	13	12	13-12	200	1	200
1312	13	12	13-14-9-7-8-11-12	200	6	1200
1312	13	12	13-14-15-17-19-20-18-16-12	200	8	1600
1312	13	12	13-14-15-10-5-6-7-8-11-12	200	9	1800
1312	13	12	13-14-15-10-5-2-1-7-8-11-12	200	10	2000
1314	13	14	13-14	200	1	200
1314	13	14	13-12-11-8-7-9-14	200	6	1200
1314	13	14	13-12-16-18-20-19-17-15-14	200	8	1600
1314	13	14	13-12-11-8-7-6-5-10-15-14	200	9	1800
1314	13	14	13-12-11-8-7-1-2-5-10-15-14	200	10	2000
1315	13	15	13-14-15	200	2	400
1315	13	15	13-12-11-8-7-9-14-15	200	7	1400
1315	13	15	13-14-9-7-6-5-10-15	200	7	1400
1315	13	15	13-12-16-18-20-19-17-15	200	7	1400
1315	13	15	13-14-9-7-1-2-5-10-15	200	8	1600
1316	13	16	13-12-16	200	2	400
1316	13	16	13-14-9-7-8-11-12-16	200	7	1400
1316	13	16	13-14-15-17-19-20-18-16	200	7	1400
1316	13	16	13-14-15-10-5-6-7-8-11-12-16	200	10	2000
1316	13	16	13-14-15-10-5-2-1-7-8-11-12-16	200	11	2200
1317	13	17	13-14-15-17	200	3	600
1317	13	17	13-12-16-18-20-19-17	200	6	1200
1317	13	17	13-12-11-8-7-9-14-15-17	200	8	1600
1317	13	17	13-14-9-7-6-5-10-15-17	200	8	1600
1317	13	17	13-14-9-7-1-2-5-10-15-17	200	9	1800
1318	13	18	13-12-16-18	200	3	600
1318	13	18	13-14-15-17-19-20-18	200	6	1200
1318	13	18	13-14-9-7-8-11-12-16-18	200	8	1600
1318	13	18	13-14-15-10-5-6-7-8-11-12-16-18	200	11	2200
1318	13	18	13-14-9-7-6-5-10-15-17-19-20-18	200	11	2200
1319	13	19	13-14-15-17-19	200	4	800
1319	13	19	13-12-16-18-20-19	200	5	1000
1319	13	19	13-12-11-8-7-9-14-15-17-19	200	9	1800
1319	13	19	13-14-9-7-6-5-10-15-17-19	200	9	1800
1319	13	19	13-14-9-7-1-2-5-10-15-17-19	200	10	2000
1320	13	20	13-12-16-18-20	200	4	800
1320	13	20	13-14-15-17-19-20	200	5	1000
1320	13	20	13-14-9-7-8-11-12-16-18-20	200	9	1800
1320	13	20	13-12-11-8-7-9-14-15-17-19-20	200	10	2000
1320	13	20	13-14-9-7-6-5-10-15-17-19-20	200	10	2000
140	14	0	14-9-7-1-0	200	4	800
140	14	0	14-9-7-1-2-0	200	5	1000
140	14	0	14-15-10-5-2-0	200	5	1000
140	14	0	14-15-10-5-2-1-0	200	6	1200
140	14	0	14-9-7-6-5-2-0	200	6	1200
141	14	1	14-9-7-1	200	3	600
141	14	1	14-15-10-5-2-1	200	5	1000
141	14	1	14-15-10-5-2-0-1	200	6	1200
141	14	1	14-13-12-11-8-7-1	200	6	1200
141	14	1	14-15-10-5-6-7-1	200	6	1200
142	14	2	14-9-7-1-2	200	4	800
142	14	2	14-15-10-5-2	200	4	800
142	14	2	14-9-7-1-0-2	200	5	1000
142	14	2	14-9-7-6-5-2	200	5	1000
142	14	2	14-15-10-5-4-3-1-2	200	7	1400
143	14	3	14-9-7-1-3	200	4	800
143	14	3	14-15-10-5-4-3	200	5	1000
143	14	3	14-15-10-5-2-1-3	200	6	1200
143	14	3	14-9-7-6-5-4-3	200	6	1200
143	14	3	14-15-10-5-2-0-1-3	200	7	1400
144	14	4	14-15-10-5-4	200	4	800
144	14	4	14-9-7-1-3-4	200	5	1000
144	14	4	14-9-7-6-5-4	200	5	1000
144	14	4	14-9-7-1-2-5-4	200	6	1200
144	14	4	14-15-10-5-2-1-3-4	200	7	1400
145	14	5	14-15-10-5	200	3	600
145	14	5	14-9-7-6-5	200	4	800
145	14	5	14-9-7-1-2-5	200	5	1000
145	14	5	14-9-7-1-0-2-5	200	6	1200
145	14	5	14-9-7-1-3-4-5	200	6	1200
146	14	6	14-9-7-6	200	3	600
146	14	6	14-15-10-5-6	200	4	800
146	14	6	14-9-7-1-2-5-6	200	6	1200
146	14	6	14-13-12-11-8-7-6	200	6	1200
146	14	6	14-9-7-1-0-2-5-6	200	7	1400
147	14	7	14-9-7	200	2	400
147	14	7	14-15-10-5-6-7	200	5	1000
147	14	7	14-13-12-11-8-7	200	5	1000
147	14	7	14-15-10-5-2-1-7	200	6	1200
147	14	7	14-15-10-5-2-0-1-7	200	7	1400
148	14	8	14-9-7-8	200	3	600
148	14	8	14-13-12-11-8	200	4	800
148	14	8	14-15-10-5-6-7-8	200	6	1200
148	14	8	14-15-10-5-2-1-7-8	200	7	1400
148	14	8	14-15-10-5-2-0-1-7-8	200	8	1600
149	14	9	14-9	200	1	200
149	14	9	14-15-10-5-6-7-9	200	6	1200
149	14	9	14-13-12-11-8-7-9	200	6	1200
149	14	9	14-15-10-5-2-1-7-9	200	7	1400
149	14	9	14-15-10-5-2-0-1-7-9	200	8	1600
1410	14	10	14-15-10	200	2	400
1410	14	10	14-9-7-6-5-10	200	5	1000
1410	14	10	14-9-7-1-2-5-10	200	6	1200
1410	14	10	14-9-7-1-0-2-5-10	200	7	1400
1410	14	10	14-9-7-1-3-4-5-10	200	7	1400
1411	14	11	14-13-12-11	200	3	600
1411	14	11	14-9-7-8-11	200	4	800
1411	14	11	14-15-10-5-6-7-8-11	200	7	1400
1411	14	11	14-15-17-19-20-18-16-12-11	200	8	1600
1411	14	11	14-15-10-5-2-1-7-8-11	200	8	1600
1412	14	12	14-13-12	200	2	400
1412	14	12	14-9-7-8-11-12	200	5	1000
1412	14	12	14-15-17-19-20-18-16-12	200	7	1400
1412	14	12	14-15-10-5-6-7-8-11-12	200	8	1600
1412	14	12	14-15-10-5-2-1-7-8-11-12	200	9	1800
1413	14	13	14-13	200	1	200
1413	14	13	14-9-7-8-11-12-13	200	6	1200
1413	14	13	14-15-17-19-20-18-16-12-13	200	8	1600
1413	14	13	14-15-10-5-6-7-8-11-12-13	200	9	1800
1413	14	13	14-15-10-5-2-1-7-8-11-12-13	200	10	2000
1415	14	15	14-15	200	1	200
1415	14	15	14-9-7-6-5-10-15	200	6	1200
1415	14	15	14-9-7-1-2-5-10-15	200	7	1400
1415	14	15	14-13-12-16-18-20-19-17-15	200	8	1600
1415	14	15	14-9-7-1-3-4-5-10-15	200	8	1600
1416	14	16	14-13-12-16	200	3	600
1416	14	16	14-9-7-8-11-12-16	200	6	1200
1416	14	16	14-15-17-19-20-18-16	200	6	1200
1416	14	16	14-15-10-5-6-7-8-11-12-16	200	9	1800
1416	14	16	14-15-10-5-2-1-7-8-11-12-16	200	10	2000
1417	14	17	14-15-17	200	2	400
1417	14	17	14-9-7-6-5-10-15-17	200	7	1400
1417	14	17	14-13-12-16-18-20-19-17	200	7	1400
1417	14	17	14-9-7-1-2-5-10-15-17	200	8	1600
1417	14	17	14-9-7-1-0-2-5-10-15-17	200	9	1800
1418	14	18	14-13-12-16-18	200	4	800
1418	14	18	14-15-17-19-20-18	200	5	1000
1418	14	18	14-9-7-8-11-12-16-18	200	7	1400
1418	14	18	14-15-10-5-6-7-8-11-12-16-18	200	10	2000
1418	14	18	14-9-7-6-5-10-15-17-19-20-18	200	10	2000
1419	14	19	14-15-17-19	200	3	600
1419	14	19	14-13-12-16-18-20-19	200	6	1200
1419	14	19	14-9-7-6-5-10-15-17-19	200	8	1600
1419	14	19	14-9-7-1-2-5-10-15-17-19	200	9	1800
1419	14	19	14-9-7-8-11-12-16-18-20-19	200	9	1800
1420	14	20	14-15-17-19-20	200	4	800
1420	14	20	14-13-12-16-18-20	200	5	1000
1420	14	20	14-9-7-8-11-12-16-18-20	200	8	1600
1420	14	20	14-9-7-6-5-10-15-17-19-20	200	9	1800
1420	14	20	14-9-7-1-2-5-10-15-17-19-20	200	10	2000
150	15	0	15-10-5-2-0	200	4	800
150	15	0	15-10-5-2-1-0	200	5	1000
150	15	0	15-14-9-7-1-0	200	5	1000
150	15	0	15-10-5-4-3-1-0	200	6	1200
150	15	0	15-14-9-7-1-2-0	200	6	1200
151	15	1	15-10-5-2-1	200	4	800
151	15	1	15-14-9-7-1	200	4	800
151	15	1	15-10-5-2-0-1	200	5	1000
151	15	1	15-10-5-6-7-1	200	5	1000
151	15	1	15-10-5-4-3-1	200	5	1000
152	15	2	15-10-5-2	200	3	600
152	15	2	15-14-9-7-1-2	200	5	1000
152	15	2	15-14-9-7-1-0-2	200	6	1200
152	15	2	15-14-9-7-6-5-2	200	6	1200
152	15	2	15-10-5-6-7-1-2	200	6	1200
153	15	3	15-10-5-4-3	200	4	800
153	15	3	15-10-5-2-1-3	200	5	1000
153	15	3	15-14-9-7-1-3	200	5	1000
153	15	3	15-10-5-2-0-1-3	200	6	1200
153	15	3	15-10-5-6-7-1-3	200	6	1200
154	15	4	15-10-5-4	200	3	600
154	15	4	15-10-5-2-1-3-4	200	6	1200
154	15	4	15-14-9-7-6-5-4	200	6	1200
154	15	4	15-14-9-7-1-3-4	200	6	1200
154	15	4	15-10-5-2-0-1-3-4	200	7	1400
155	15	5	15-10-5	200	2	400
155	15	5	15-14-9-7-6-5	200	5	1000
155	15	5	15-14-9-7-1-2-5	200	6	1200
155	15	5	15-14-9-7-1-0-2-5	200	7	1400
155	15	5	15-14-9-7-1-3-4-5	200	7	1400
156	15	6	15-10-5-6	200	3	600
156	15	6	15-14-9-7-6	200	4	800
156	15	6	15-10-5-2-1-7-6	200	6	1200
156	15	6	15-14-9-7-1-2-5-6	200	7	1400
156	15	6	15-10-5-4-3-1-7-6	200	7	1400
157	15	7	15-14-9-7	200	3	600
157	15	7	15-10-5-6-7	200	4	800
157	15	7	15-10-5-2-1-7	200	5	1000
157	15	7	15-10-5-2-0-1-7	200	6	1200
157	15	7	15-14-13-12-11-8-7	200	6	1200
158	15	8	15-14-9-7-8	200	4	800
158	15	8	15-14-13-12-11-8	200	5	1000
158	15	8	15-10-5-6-7-8	200	5	1000
158	15	8	15-10-5-2-1-7-8	200	6	1200
158	15	8	15-10-5-2-0-1-7-8	200	7	1400
159	15	9	15-14-9	200	2	400
159	15	9	15-10-5-6-7-9	200	5	1000
159	15	9	15-10-5-2-1-7-9	200	6	1200
159	15	9	15-10-5-2-0-1-7-9	200	7	1400
159	15	9	15-10-5-4-3-1-7-9	200	7	1400
1510	15	10	15-10	200	1	200
1510	15	10	15-14-9-7-6-5-10	200	6	1200
1510	15	10	15-14-9-7-1-2-5-10	200	7	1400
1510	15	10	15-14-9-7-1-0-2-5-10	200	8	1600
1510	15	10	15-14-9-7-1-3-4-5-10	200	8	1600
1511	15	11	15-14-13-12-11	200	4	800
1511	15	11	15-14-9-7-8-11	200	5	1000
1511	15	11	15-10-5-6-7-8-11	200	6	1200
1511	15	11	15-17-19-20-18-16-12-11	200	7	1400
1511	15	11	15-10-5-2-1-7-8-11	200	7	1400
1512	15	12	15-14-13-12	200	3	600
1512	15	12	15-14-9-7-8-11-12	200	6	1200
1512	15	12	15-17-19-20-18-16-12	200	6	1200
1512	15	12	15-10-5-6-7-8-11-12	200	7	1400
1512	15	12	15-10-5-2-1-7-8-11-12	200	8	1600
1513	15	13	15-14-13	200	2	400
1513	15	13	15-14-9-7-8-11-12-13	200	7	1400
1513	15	13	15-10-5-6-7-9-14-13	200	7	1400
1513	15	13	15-17-19-20-18-16-12-13	200	7	1400
1513	15	13	15-10-5-6-7-8-11-12-13	200	8	1600
1514	15	14	15-14	200	1	200
1514	15	14	15-10-5-6-7-9-14	200	6	1200
1514	15	14	15-10-5-2-1-7-9-14	200	7	1400
1514	15	14	15-17-19-20-18-16-12-13-14	200	8	1600
1514	15	14	15-10-5-4-3-1-7-9-14	200	8	1600
1516	15	16	15-14-13-12-16	200	4	800
1516	15	16	15-17-19-20-18-16	200	5	1000
1516	15	16	15-14-9-7-8-11-12-16	200	7	1400
1516	15	16	15-10-5-6-7-8-11-12-16	200	8	1600
1516	15	16	15-10-5-2-1-7-8-11-12-16	200	9	1800
1517	15	17	15-17	200	1	200
1517	15	17	15-14-13-12-16-18-20-19-17	200	8	1600
1517	15	17	15-14-9-7-8-11-12-16-18-20-19-17	200	11	2200
1517	15	17	15-10-5-6-7-8-11-12-16-18-20-19-17	200	12	2400
1517	15	17	15-10-5-2-1-7-8-11-12-16-18-20-19-17	200	13	2600
1518	15	18	15-17-19-20-18	200	4	800
1518	15	18	15-14-13-12-16-18	200	5	1000
1518	15	18	15-14-9-7-8-11-12-16-18	200	8	1600
1518	15	18	15-10-5-6-7-8-11-12-16-18	200	9	1800
1518	15	18	15-10-5-2-1-7-8-11-12-16-18	200	10	2000
1519	15	19	15-17-19	200	2	400
1519	15	19	15-14-13-12-16-18-20-19	200	7	1400
1519	15	19	15-14-9-7-8-11-12-16-18-20-19	200	10	2000
1519	15	19	15-10-5-6-7-8-11-12-16-18-20-19	200	11	2200
1519	15	19	15-10-5-2-1-7-8-11-12-16-18-20-19	200	12	2400
1520	15	20	15-17-19-20	200	3	600
1520	15	20	15-14-13-12-16-18-20	200	6	1200
1520	15	20	15-14-9-7-8-11-12-16-18-20	200	9	1800
1520	15	20	15-10-5-6-7-8-11-12-16-18-20	200	10	2000
1520	15	20	15-10-5-2-1-7-8-11-12-16-18-20	200	11	2200
160	16	0	16-12-11-8-7-1-0	200	6	1200
160	16	0	16-12-13-14-9-7-1-0	200	7	1400
160	16	0	16-12-11-8-7-1-2-0	200	7	1400
160	16	0	16-12-13-14-9-7-1-2-0	200	8	1600
160	16	0	16-12-11-8-7-6-5-2-0	200	8	1600
161	16	1	16-12-11-8-7-1	200	5	1000
161	16	1	16-12-13-14-9-7-1	200	6	1200
161	16	1	16-12-11-8-7-6-5-2-1	200	8	1600
161	16	1	16-12-13-14-15-10-5-2-1	200	8	1600
161	16	1	16-12-11-8-7-6-5-2-0-1	200	9	1800
162	16	2	16-12-11-8-7-1-2	200	6	1200
162	16	2	16-12-11-8-7-1-0-2	200	7	1400
162	16	2	16-12-13-14-15-10-5-2	200	7	1400
162	16	2	16-12-11-8-7-6-5-2	200	7	1400
162	16	2	16-12-13-14-9-7-1-2	200	7	1400
163	16	3	16-12-11-8-7-1-3	200	6	1200
163	16	3	16-12-13-14-9-7-1-3	200	7	1400
163	16	3	16-12-11-8-7-6-5-4-3	200	8	1600
163	16	3	16-12-13-14-15-10-5-4-3	200	8	1600
163	16	3	16-12-13-14-15-10-5-2-1-3	200	9	1800
164	16	4	16-12-11-8-7-1-3-4	200	7	1400
164	16	4	16-12-13-14-15-10-5-4	200	7	1400
164	16	4	16-12-11-8-7-6-5-4	200	7	1400
164	16	4	16-12-13-14-9-7-1-3-4	200	8	1600
164	16	4	16-12-13-14-9-7-6-5-4	200	8	1600
165	16	5	16-12-11-8-7-6-5	200	6	1200
165	16	5	16-12-13-14-15-10-5	200	6	1200
165	16	5	16-12-11-8-7-1-2-5	200	7	1400
165	16	5	16-18-20-19-17-15-10-5	200	7	1400
165	16	5	16-12-13-14-9-7-6-5	200	7	1400
166	16	6	16-12-11-8-7-6	200	5	1000
166	16	6	16-12-13-14-9-7-6	200	6	1200
166	16	6	16-12-13-14-15-10-5-6	200	7	1400
166	16	6	16-12-11-8-7-1-2-5-6	200	8	1600
166	16	6	16-18-20-19-17-15-10-5-6	200	8	1600
167	16	7	16-12-11-8-7	200	4	800
167	16	7	16-12-13-14-9-7	200	5	1000
167	16	7	16-12-13-14-15-10-5-6-7	200	8	1600
167	16	7	16-18-20-19-17-15-14-9-7	200	8	1600
167	16	7	16-12-13-14-15-10-5-2-1-7	200	9	1800
168	16	8	16-12-11-8	200	3	600
168	16	8	16-12-13-14-9-7-8	200	6	1200
168	16	8	16-12-13-14-15-10-5-6-7-8	200	9	1800
168	16	8	16-18-20-19-17-15-14-9-7-8	200	9	1800
168	16	8	16-18-20-19-17-15-14-13-12-11-8	200	10	2000
169	16	9	16-12-13-14-9	200	4	800
169	16	9	16-12-11-8-7-9	200	5	1000
169	16	9	16-18-20-19-17-15-14-9	200	7	1400
169	16	9	16-12-13-14-15-10-5-6-7-9	200	9	1800
169	16	9	16-12-11-8-7-6-5-10-15-14-9	200	10	2000
1610	16	10	16-12-13-14-15-10	200	5	1000
1610	16	10	16-18-20-19-17-15-10	200	6	1200
1610	16	10	16-12-11-8-7-6-5-10	200	7	1400
1610	16	10	16-12-11-8-7-9-14-15-10	200	8	1600
1610	16	10	16-12-13-14-9-7-6-5-10	200	8	1600
1611	16	11	16-12-11	200	2	400
1611	16	11	16-12-13-14-9-7-8-11	200	7	1400
1611	16	11	16-18-20-19-17-15-14-13-12-11	200	9	1800
1611	16	11	16-12-13-14-15-10-5-6-7-8-11	200	10	2000
1611	16	11	16-18-20-19-17-15-14-9-7-8-11	200	10	2000
1612	16	12	16-12	200	1	200
1612	16	12	16-18-20-19-17-15-14-13-12	200	8	1600
1612	16	12	16-18-20-19-17-15-14-9-7-8-11-12	200	11	2200
1612	16	12	16-18-20-19-17-15-10-5-6-7-8-11-12	200	12	2400
1612	16	12	16-18-20-19-17-15-10-5-2-1-7-8-11-12	200	13	2600
1613	16	13	16-12-13	200	2	400
1613	16	13	16-18-20-19-17-15-14-13	200	7	1400
1613	16	13	16-12-11-8-7-9-14-13	200	7	1400
1613	16	13	16-12-11-8-7-6-5-10-15-14-13	200	10	2000
1613	16	13	16-12-11-8-7-1-2-5-10-15-14-13	200	11	2200
1614	16	14	16-12-13-14	200	3	600
1614	16	14	16-18-20-19-17-15-14	200	6	1200
1614	16	14	16-12-11-8-7-9-14	200	6	1200
1614	16	14	16-12-11-8-7-6-5-10-15-14	200	9	1800
1614	16	14	16-12-11-8-7-1-2-5-10-15-14	200	10	2000
1615	16	15	16-12-13-14-15	200	4	800
1615	16	15	16-18-20-19-17-15	200	5	1000
1615	16	15	16-12-11-8-7-9-14-15	200	7	1400
1615	16	15	16-12-11-8-7-6-5-10-15	200	8	1600
1615	16	15	16-12-11-8-7-1-2-5-10-15	200	9	1800
1617	16	17	16-18-20-19-17	200	4	800
1617	16	17	16-12-13-14-15-17	200	5	1000
1617	16	17	16-12-11-8-7-9-14-15-17	200	8	1600
1617	16	17	16-12-11-8-7-6-5-10-15-17	200	9	1800
1617	16	17	16-12-11-8-7-1-2-5-10-15-17	200	10	2000
1618	16	18	16-18	200	1	200
1618	16	18	16-12-13-14-15-17-19-20-18	200	8	1600
1618	16	18	16-12-11-8-7-9-14-15-17-19-20-18	200	11	2200
1618	16	18	16-12-11-8-7-6-5-10-15-17-19-20-18	200	12	2400
1618	16	18	16-12-11-8-7-1-2-5-10-15-17-19-20-18	200	13	2600
1619	16	19	16-18-20-19	200	3	600
1619	16	19	16-12-13-14-15-17-19	200	6	1200
1619	16	19	16-12-11-8-7-9-14-15-17-19	200	9	1800
1619	16	19	16-12-11-8-7-6-5-10-15-17-19	200	10	2000
1619	16	19	16-12-11-8-7-1-2-5-10-15-17-19	200	11	2200
1620	16	20	16-18-20	200	2	400
1620	16	20	16-12-13-14-15-17-19-20	200	7	1400
1620	16	20	16-12-11-8-7-9-14-15-17-19-20	200	10	2000
1620	16	20	16-12-11-8-7-6-5-10-15-17-19-20	200	11	2200
1620	16	20	16-12-11-8-7-1-2-5-10-15-17-19-20	200	12	2400
170	17	0	17-15-10-5-2-0	200	5	1000
170	17	0	17-15-10-5-2-1-0	200	6	1200
170	17	0	17-15-14-9-7-1-0	200	6	1200
170	17	0	17-15-10-5-4-3-1-0	200	7	1400
170	17	0	17-15-14-9-7-1-2-0	200	7	1400
171	17	1	17-15-10-5-2-1	200	5	1000
171	17	1	17-15-14-9-7-1	200	5	1000
171	17	1	17-15-10-5-2-0-1	200	6	1200
171	17	1	17-15-10-5-6-7-1	200	6	1200
171	17	1	17-15-10-5-4-3-1	200	6	1200
172	17	2	17-15-10-5-2	200	4	800
172	17	2	17-15-14-9-7-1-2	200	6	1200
172	17	2	17-15-14-9-7-1-0-2	200	7	1400
172	17	2	17-15-14-9-7-6-5-2	200	7	1400
172	17	2	17-15-10-5-6-7-1-2	200	7	1400
173	17	3	17-15-10-5-4-3	200	5	1000
173	17	3	17-15-10-5-2-1-3	200	6	1200
173	17	3	17-15-14-9-7-1-3	200	6	1200
173	17	3	17-15-10-5-2-0-1-3	200	7	1400
173	17	3	17-15-10-5-6-7-1-3	200	7	1400
174	17	4	17-15-10-5-4	200	4	800
174	17	4	17-15-10-5-2-1-3-4	200	7	1400
174	17	4	17-15-14-9-7-6-5-4	200	7	1400
174	17	4	17-15-14-9-7-1-3-4	200	7	1400
174	17	4	17-15-10-5-2-0-1-3-4	200	8	1600
175	17	5	17-15-10-5	200	3	600
175	17	5	17-15-14-9-7-6-5	200	6	1200
175	17	5	17-15-14-9-7-1-2-5	200	7	1400
175	17	5	17-15-14-9-7-1-0-2-5	200	8	1600
175	17	5	17-15-14-9-7-1-3-4-5	200	8	1600
176	17	6	17-15-10-5-6	200	4	800
176	17	6	17-15-14-9-7-6	200	5	1000
176	17	6	17-15-10-5-2-1-7-6	200	7	1400
176	17	6	17-15-14-9-7-1-2-5-6	200	8	1600
176	17	6	17-15-10-5-4-3-1-7-6	200	8	1600
177	17	7	17-15-14-9-7	200	4	800
177	17	7	17-15-10-5-6-7	200	5	1000
177	17	7	17-15-10-5-2-1-7	200	6	1200
177	17	7	17-15-10-5-2-0-1-7	200	7	1400
177	17	7	17-15-14-13-12-11-8-7	200	7	1400
178	17	8	17-15-14-9-7-8	200	5	1000
178	17	8	17-15-14-13-12-11-8	200	6	1200
178	17	8	17-15-10-5-6-7-8	200	6	1200
178	17	8	17-19-20-18-16-12-11-8	200	7	1400
178	17	8	17-15-10-5-2-1-7-8	200	7	1400
179	17	9	17-15-14-9	200	3	600
179	17	9	17-15-10-5-6-7-9	200	6	1200
179	17	9	17-15-10-5-2-1-7-9	200	7	1400
179	17	9	17-19-20-18-16-12-13-14-9	200	8	1600
179	17	9	17-15-10-5-4-3-1-7-9	200	8	1600
1710	17	10	17-15-10	200	2	400
1710	17	10	17-15-14-9-7-6-5-10	200	7	1400
1710	17	10	17-15-14-9-7-1-2-5-10	200	8	1600
1710	17	10	17-19-20-18-16-12-13-14-15-10	200	9	1800
1710	17	10	17-15-14-9-7-1-3-4-5-10	200	9	1800
1711	17	11	17-15-14-13-12-11	200	5	1000
1711	17	11	17-19-20-18-16-12-11	200	6	1200
1711	17	11	17-15-14-9-7-8-11	200	6	1200
1711	17	11	17-15-10-5-6-7-8-11	200	7	1400
1711	17	11	17-15-10-5-2-1-7-8-11	200	8	1600
1712	17	12	17-15-14-13-12	200	4	800
1712	17	12	17-19-20-18-16-12	200	5	1000
1712	17	12	17-15-14-9-7-8-11-12	200	7	1400
1712	17	12	17-15-10-5-6-7-8-11-12	200	8	1600
1712	17	12	17-15-10-5-2-1-7-8-11-12	200	9	1800
1713	17	13	17-15-14-13	200	3	600
1713	17	13	17-19-20-18-16-12-13	200	6	1200
1713	17	13	17-15-14-9-7-8-11-12-13	200	8	1600
1713	17	13	17-15-10-5-6-7-9-14-13	200	8	1600
1713	17	13	17-15-10-5-6-7-8-11-12-13	200	9	1800
1714	17	14	17-15-14	200	2	400
1714	17	14	17-19-20-18-16-12-13-14	200	7	1400
1714	17	14	17-15-10-5-6-7-9-14	200	7	1400
1714	17	14	17-15-10-5-2-1-7-9-14	200	8	1600
1714	17	14	17-15-10-5-2-0-1-7-9-14	200	9	1800
1715	17	15	17-15	200	1	200
1715	17	15	17-19-20-18-16-12-13-14-15	200	8	1600
1715	17	15	17-19-20-18-16-12-11-8-7-9-14-15	200	11	2200
1715	17	15	17-19-20-18-16-12-11-8-7-6-5-10-15	200	12	2400
1715	17	15	17-19-20-18-16-12-11-8-7-1-2-5-10-15	200	13	2600
1716	17	16	17-19-20-18-16	200	4	800
1716	17	16	17-15-14-13-12-16	200	5	1000
1716	17	16	17-15-14-9-7-8-11-12-16	200	8	1600
1716	17	16	17-15-10-5-6-7-8-11-12-16	200	9	1800
1716	17	16	17-15-10-5-2-1-7-8-11-12-16	200	10	2000
1718	17	18	17-19-20-18	200	3	600
1718	17	18	17-15-14-13-12-16-18	200	6	1200
1718	17	18	17-15-14-9-7-8-11-12-16-18	200	9	1800
1718	17	18	17-15-10-5-6-7-8-11-12-16-18	200	10	2000
1718	17	18	17-15-10-5-2-1-7-8-11-12-16-18	200	11	2200
1719	17	19	17-19	200	1	200
1719	17	19	17-15-14-13-12-16-18-20-19	200	8	1600
1719	17	19	17-15-14-9-7-8-11-12-16-18-20-19	200	11	2200
1719	17	19	17-15-10-5-6-7-8-11-12-16-18-20-19	200	12	2400
1719	17	19	17-15-10-5-2-1-7-8-11-12-16-18-20-19	200	13	2600
1720	17	20	17-19-20	200	2	400
1720	17	20	17-15-14-13-12-16-18-20	200	7	1400
1720	17	20	17-15-14-9-7-8-11-12-16-18-20	200	10	2000
1720	17	20	17-15-10-5-6-7-8-11-12-16-18-20	200	11	2200
1720	17	20	17-15-10-5-2-1-7-8-11-12-16-18-20	200	12	2400
180	18	0	18-16-12-11-8-7-1-0	200	7	1400
180	18	0	18-16-12-13-14-9-7-1-0	200	8	1600
180	18	0	18-20-19-17-15-10-5-2-0	200	8	1600
180	18	0	18-16-12-11-8-7-1-2-0	200	8	1600
180	18	0	18-20-19-17-15-10-5-2-1-0	200	9	1800
181	18	1	18-16-12-11-8-7-1	200	6	1200
181	18	1	18-16-12-13-14-9-7-1	200	7	1400
181	18	1	18-20-19-17-15-10-5-2-1	200	8	1600
181	18	1	18-20-19-17-15-14-9-7-1	200	8	1600
181	18	1	18-20-19-17-15-10-5-2-0-1	200	9	1800
182	18	2	18-16-12-11-8-7-1-2	200	7	1400
182	18	2	18-20-19-17-15-10-5-2	200	7	1400
182	18	2	18-16-12-11-8-7-1-0-2	200	8	1600
182	18	2	18-16-12-13-14-15-10-5-2	200	8	1600
182	18	2	18-16-12-11-8-7-6-5-2	200	8	1600
183	18	3	18-16-12-11-8-7-1-3	200	7	1400
183	18	3	18-16-12-13-14-9-7-1-3	200	8	1600
183	18	3	18-20-19-17-15-10-5-4-3	200	8	1600
183	18	3	18-20-19-17-15-10-5-2-1-3	200	9	1800
183	18	3	18-16-12-13-14-15-10-5-4-3	200	9	1800
184	18	4	18-20-19-17-15-10-5-4	200	7	1400
184	18	4	18-16-12-11-8-7-1-3-4	200	8	1600
184	18	4	18-16-12-13-14-15-10-5-4	200	8	1600
184	18	4	18-16-12-11-8-7-6-5-4	200	8	1600
184	18	4	18-16-12-13-14-9-7-1-3-4	200	9	1800
185	18	5	18-20-19-17-15-10-5	200	6	1200
185	18	5	18-16-12-11-8-7-6-5	200	7	1400
185	18	5	18-16-12-13-14-15-10-5	200	7	1400
185	18	5	18-16-12-11-8-7-1-2-5	200	8	1600
185	18	5	18-16-12-13-14-9-7-6-5	200	8	1600
186	18	6	18-16-12-11-8-7-6	200	6	1200
186	18	6	18-20-19-17-15-10-5-6	200	7	1400
186	18	6	18-16-12-13-14-9-7-6	200	7	1400
186	18	6	18-16-12-13-14-15-10-5-6	200	8	1600
186	18	6	18-20-19-17-15-14-9-7-6	200	8	1600
187	18	7	18-16-12-11-8-7	200	5	1000
187	18	7	18-16-12-13-14-9-7	200	6	1200
187	18	7	18-20-19-17-15-14-9-7	200	7	1400
187	18	7	18-20-19-17-15-10-5-6-7	200	8	1600
187	18	7	18-20-19-17-15-10-5-2-1-7	200	9	1800
188	18	8	18-16-12-11-8	200	4	800
188	18	8	18-16-12-13-14-9-7-8	200	7	1400
188	18	8	18-20-19-17-15-14-9-7-8	200	8	1600
188	18	8	18-20-19-17-15-14-13-12-11-8	200	9	1800
188	18	8	18-20-19-17-15-10-5-6-7-8	200	9	1800
189	18	9	18-16-12-13-14-9	200	5	1000
189	18	9	18-20-19-17-15-14-9	200	6	1200
189	18	9	18-16-12-11-8-7-9	200	6	1200
189	18	9	18-20-19-17-15-10-5-6-7-9	200	9	1800
189	18	9	18-20-19-17-15-10-5-2-1-7-9	200	10	2000
1810	18	10	18-20-19-17-15-10	200	5	1000
1810	18	10	18-16-12-13-14-15-10	200	6	1200
1810	18	10	18-16-12-11-8-7-6-5-10	200	8	1600
1810	18	10	18-16-12-11-8-7-9-14-15-10	200	9	1800
1810	18	10	18-16-12-13-14-9-7-6-5-10	200	9	1800
1811	18	11	18-16-12-11	200	3	600
1811	18	11	18-20-19-17-15-14-13-12-11	200	8	1600
1811	18	11	18-16-12-13-14-9-7-8-11	200	8	1600
1811	18	11	18-20-19-17-15-14-9-7-8-11	200	9	1800
1811	18	11	18-20-19-17-15-10-5-6-7-8-11	200	10	2000
1812	18	12	18-16-12	200	2	400
1812	18	12	18-20-19-17-15-14-13-12	200	7	1400
1812	18	12	18-20-19-17-15-14-9-7-8-11-12	200	10	2000
1812	18	12	18-20-19-17-15-10-5-6-7-8-11-12	200	11	2200
1812	18	12	18-20-19-17-15-10-5-2-1-7-8-11-12	200	12	2400
1813	18	13	18-16-12-13	200	3	600
1813	18	13	18-20-19-17-15-14-13	200	6	1200
1813	18	13	18-16-12-11-8-7-9-14-13	200	8	1600
1813	18	13	18-20-19-17-15-14-9-7-8-11-12-13	200	11	2200
1813	18	13	18-20-19-17-15-10-5-6-7-9-14-13	200	11	2200
1814	18	14	18-16-12-13-14	200	4	800
1814	18	14	18-20-19-17-15-14	200	5	1000
1814	18	14	18-16-12-11-8-7-9-14	200	7	1400
1814	18	14	18-16-12-11-8-7-6-5-10-15-14	200	10	2000
1814	18	14	18-20-19-17-15-10-5-6-7-9-14	200	10	2000
1815	18	15	18-20-19-17-15	200	4	800
1815	18	15	18-16-12-13-14-15	200	5	1000
1815	18	15	18-16-12-11-8-7-9-14-15	200	8	1600
1815	18	15	18-16-12-11-8-7-6-5-10-15	200	9	1800
1815	18	15	18-16-12-11-8-7-1-2-5-10-15	200	10	2000
1816	18	16	18-16	200	1	200
1816	18	16	18-20-19-17-15-14-13-12-16	200	8	1600
1816	18	16	18-20-19-17-15-14-9-7-8-11-12-16	200	11	2200
1816	18	16	18-20-19-17-15-10-5-6-7-8-11-12-16	200	12	2400
1816	18	16	18-20-19-17-15-10-5-2-1-7-8-11-12-16	200	13	2600
1817	18	17	18-20-19-17	200	3	600
1817	18	17	18-16-12-13-14-15-17	200	6	1200
1817	18	17	18-16-12-11-8-7-9-14-15-17	200	9	1800
1817	18	17	18-16-12-11-8-7-6-5-10-15-17	200	10	2000
1817	18	17	18-16-12-11-8-7-1-2-5-10-15-17	200	11	2200
1819	18	19	18-20-19	200	2	400
1819	18	19	18-16-12-13-14-15-17-19	200	7	1400
1819	18	19	18-16-12-11-8-7-9-14-15-17-19	200	10	2000
1819	18	19	18-16-12-11-8-7-6-5-10-15-17-19	200	11	2200
1819	18	19	18-16-12-11-8-7-1-2-5-10-15-17-19	200	12	2400
1820	18	20	18-20	200	1	200
1820	18	20	18-16-12-13-14-15-17-19-20	200	8	1600
1820	18	20	18-16-12-11-8-7-9-14-15-17-19-20	200	11	2200
1820	18	20	18-16-12-11-8-7-6-5-10-15-17-19-20	200	12	2400
1820	18	20	18-16-12-11-8-7-1-2-5-10-15-17-19-20	200	13	2600
190	19	0	19-17-15-10-5-2-0	200	6	1200
190	19	0	19-17-15-10-5-2-1-0	200	7	1400
190	19	0	19-17-15-14-9-7-1-0	200	7	1400
190	19	0	19-17-15-10-5-4-3-1-0	200	8	1600
190	19	0	19-17-15-14-9-7-1-2-0	200	8	1600
191	19	1	19-17-15-10-5-2-1	200	6	1200
191	19	1	19-17-15-14-9-7-1	200	6	1200
191	19	1	19-17-15-10-5-2-0-1	200	7	1400
191	19	1	19-17-15-10-5-6-7-1	200	7	1400
191	19	1	19-17-15-10-5-4-3-1	200	7	1400
192	19	2	19-17-15-10-5-2	200	5	1000
192	19	2	19-17-15-14-9-7-1-2	200	7	1400
192	19	2	19-17-15-14-9-7-1-0-2	200	8	1600
192	19	2	19-17-15-14-9-7-6-5-2	200	8	1600
192	19	2	19-17-15-10-5-6-7-1-2	200	8	1600
193	19	3	19-17-15-10-5-4-3	200	6	1200
193	19	3	19-17-15-10-5-2-1-3	200	7	1400
193	19	3	19-17-15-14-9-7-1-3	200	7	1400
193	19	3	19-17-15-10-5-2-0-1-3	200	8	1600
193	19	3	19-17-15-10-5-6-7-1-3	200	8	1600
194	19	4	19-17-15-10-5-4	200	5	1000
194	19	4	19-17-15-10-5-2-1-3-4	200	8	1600
194	19	4	19-17-15-14-9-7-6-5-4	200	8	1600
194	19	4	19-17-15-14-9-7-1-3-4	200	8	1600
194	19	4	19-17-15-10-5-2-0-1-3-4	200	9	1800
195	19	5	19-17-15-10-5	200	4	800
195	19	5	19-17-15-14-9-7-6-5	200	7	1400
195	19	5	19-17-15-14-9-7-1-2-5	200	8	1600
195	19	5	19-17-15-14-9-7-1-0-2-5	200	9	1800
195	19	5	19-20-18-16-12-13-14-15-10-5	200	9	1800
196	19	6	19-17-15-10-5-6	200	5	1000
196	19	6	19-17-15-14-9-7-6	200	6	1200
196	19	6	19-17-15-10-5-2-1-7-6	200	8	1600
196	19	6	19-20-18-16-12-11-8-7-6	200	8	1600
196	19	6	19-17-15-14-9-7-1-2-5-6	200	9	1800
197	19	7	19-17-15-14-9-7	200	5	1000
197	19	7	19-17-15-10-5-6-7	200	6	1200
197	19	7	19-17-15-10-5-2-1-7	200	7	1400
197	19	7	19-20-18-16-12-11-8-7	200	7	1400
197	19	7	19-17-15-10-5-2-0-1-7	200	8	1600
198	19	8	19-20-18-16-12-11-8	200	6	1200
198	19	8	19-17-15-14-9-7-8	200	6	1200
198	19	8	19-17-15-14-13-12-11-8	200	7	1400
198	19	8	19-17-15-10-5-6-7-8	200	7	1400
198	19	8	19-17-15-10-5-2-1-7-8	200	8	1600
199	19	9	19-17-15-14-9	200	4	800
199	19	9	19-20-18-16-12-13-14-9	200	7	1400
199	19	9	19-17-15-10-5-6-7-9	200	7	1400
199	19	9	19-17-15-10-5-2-1-7-9	200	8	1600
199	19	9	19-20-18-16-12-11-8-7-9	200	8	1600
1910	19	10	19-17-15-10	200	3	600
1910	19	10	19-20-18-16-12-13-14-15-10	200	8	1600
1910	19	10	19-17-15-14-9-7-6-5-10	200	8	1600
1910	19	10	19-17-15-14-9-7-1-2-5-10	200	9	1800
1910	19	10	19-17-15-14-9-7-1-0-2-5-10	200	10	2000
1911	19	11	19-20-18-16-12-11	200	5	1000
1911	19	11	19-17-15-14-13-12-11	200	6	1200
1911	19	11	19-17-15-14-9-7-8-11	200	7	1400
1911	19	11	19-17-15-10-5-6-7-8-11	200	8	1600
1911	19	11	19-17-15-10-5-2-1-7-8-11	200	9	1800
1912	19	12	19-20-18-16-12	200	4	800
1912	19	12	19-17-15-14-13-12	200	5	1000
1912	19	12	19-17-15-14-9-7-8-11-12	200	8	1600
1912	19	12	19-17-15-10-5-6-7-8-11-12	200	9	1800
1912	19	12	19-17-15-10-5-2-1-7-8-11-12	200	10	2000
1913	19	13	19-17-15-14-13	200	4	800
1913	19	13	19-20-18-16-12-13	200	5	1000
1913	19	13	19-17-15-14-9-7-8-11-12-13	200	9	1800
1913	19	13	19-17-15-10-5-6-7-9-14-13	200	9	1800
1913	19	13	19-17-15-10-5-6-7-8-11-12-13	200	10	2000
1914	19	14	19-17-15-14	200	3	600
1914	19	14	19-20-18-16-12-13-14	200	6	1200
1914	19	14	19-17-15-10-5-6-7-9-14	200	8	1600
1914	19	14	19-17-15-10-5-2-1-7-9-14	200	9	1800
1914	19	14	19-20-18-16-12-11-8-7-9-14	200	9	1800
1915	19	15	19-17-15	200	2	400
1915	19	15	19-20-18-16-12-13-14-15	200	7	1400
1915	19	15	19-20-18-16-12-11-8-7-9-14-15	200	10	2000
1915	19	15	19-20-18-16-12-11-8-7-6-5-10-15	200	11	2200
1915	19	15	19-20-18-16-12-11-8-7-1-2-5-10-15	200	12	2400
1916	19	16	19-20-18-16	200	3	600
1916	19	16	19-17-15-14-13-12-16	200	6	1200
1916	19	16	19-17-15-14-9-7-8-11-12-16	200	9	1800
1916	19	16	19-17-15-10-5-6-7-8-11-12-16	200	10	2000
1916	19	16	19-17-15-10-5-2-1-7-8-11-12-16	200	11	2200
1917	19	17	19-17	200	1	200
1917	19	17	19-20-18-16-12-13-14-15-17	200	8	1600
1917	19	17	19-20-18-16-12-11-8-7-9-14-15-17	200	11	2200
1917	19	17	19-20-18-16-12-11-8-7-6-5-10-15-17	200	12	2400
1917	19	17	19-20-18-16-12-11-8-7-1-2-5-10-15-17	200	13	2600
1918	19	18	19-20-18	200	2	400
1918	19	18	19-17-15-14-13-12-16-18	200	7	1400
1918	19	18	19-17-15-14-9-7-8-11-12-16-18	200	10	2000
1918	19	18	19-17-15-10-5-6-7-8-11-12-16-18	200	11	2200
1918	19	18	19-17-15-10-5-2-1-7-8-11-12-16-18	200	12	2400
1920	19	20	19-20	200	1	200
1920	19	20	19-17-15-14-13-12-16-18-20	200	8	1600
1920	19	20	19-17-15-14-9-7-8-11-12-16-18-20	200	11	2200
1920	19	20	19-17-15-10-5-6-7-8-11-12-16-18-20	200	12	2400
1920	19	20	19-17-15-10-5-2-1-7-8-11-12-16-18-20	200	13	2600
200	20	0	20-19-17-15-10-5-2-0	200	7	1400
200	20	0	20-19-17-15-10-5-2-1-0	200	8	1600
200	20	0	20-18-16-12-11-8-7-1-0	200	8	1600
200	20	0	20-19-17-15-14-9-7-1-0	200	8	1600
200	20	0	20-19-17-15-10-5-4-3-1-0	200	9	1800
201	20	1	20-19-17-15-10-5-2-1	200	7	1400
201	20	1	20-19-17-15-14-9-7-1	200	7	1400
201	20	1	20-18-16-12-11-8-7-1	200	7	1400
201	20	1	20-19-17-15-10-5-2-0-1	200	8	1600
201	20	1	20-18-16-12-13-14-9-7-1	200	8	1600
202	20	2	20-19-17-15-10-5-2	200	6	1200
202	20	2	20-18-16-12-11-8-7-1-2	200	8	1600
202	20	2	20-19-17-15-14-9-7-1-2	200	8	1600
202	20	2	20-18-16-12-11-8-7-1-0-2	200	9	1800
202	20	2	20-19-17-15-14-9-7-6-5-2	200	9	1800
203	20	3	20-19-17-15-10-5-4-3	200	7	1400
203	20	3	20-19-17-15-10-5-2-1-3	200	8	1600
203	20	3	20-18-16-12-11-8-7-1-3	200	8	1600
203	20	3	20-19-17-15-14-9-7-1-3	200	8	1600
203	20	3	20-19-17-15-10-5-2-0-1-3	200	9	1800
204	20	4	20-19-17-15-10-5-4	200	6	1200
204	20	4	20-19-17-15-10-5-2-1-3-4	200	9	1800
204	20	4	20-19-17-15-14-9-7-6-5-4	200	9	1800
204	20	4	20-18-16-12-13-14-15-10-5-4	200	9	1800
204	20	4	20-18-16-12-11-8-7-6-5-4	200	9	1800
205	20	5	20-19-17-15-10-5	200	5	1000
205	20	5	20-18-16-12-11-8-7-6-5	200	8	1600
205	20	5	20-18-16-12-13-14-15-10-5	200	8	1600
205	20	5	20-19-17-15-14-9-7-6-5	200	8	1600
205	20	5	20-18-16-12-11-8-7-1-2-5	200	9	1800
206	20	6	20-19-17-15-10-5-6	200	6	1200
206	20	6	20-18-16-12-11-8-7-6	200	7	1400
206	20	6	20-19-17-15-14-9-7-6	200	7	1400
206	20	6	20-18-16-12-13-14-9-7-6	200	8	1600
206	20	6	20-18-16-12-13-14-15-10-5-6	200	9	1800
207	20	7	20-18-16-12-11-8-7	200	6	1200
207	20	7	20-19-17-15-14-9-7	200	6	1200
207	20	7	20-19-17-15-10-5-6-7	200	7	1400
207	20	7	20-18-16-12-13-14-9-7	200	7	1400
207	20	7	20-19-17-15-10-5-2-1-7	200	8	1600
208	20	8	20-18-16-12-11-8	200	5	1000
208	20	8	20-19-17-15-14-9-7-8	200	7	1400
208	20	8	20-19-17-15-14-13-12-11-8	200	8	1600
208	20	8	20-18-16-12-13-14-9-7-8	200	8	1600
208	20	8	20-19-17-15-10-5-6-7-8	200	8	1600
209	20	9	20-19-17-15-14-9	200	5	1000
209	20	9	20-18-16-12-13-14-9	200	6	1200
209	20	9	20-18-16-12-11-8-7-9	200	7	1400
209	20	9	20-19-17-15-10-5-6-7-9	200	8	1600
209	20	9	20-19-17-15-10-5-2-1-7-9	200	9	1800
2010	20	10	20-19-17-15-10	200	4	800
2010	20	10	20-18-16-12-13-14-15-10	200	7	1400
2010	20	10	20-18-16-12-11-8-7-6-5-10	200	9	1800
2010	20	10	20-19-17-15-14-9-7-6-5-10	200	9	1800
2010	20	10	20-18-16-12-11-8-7-9-14-15-10	200	10	2000
2011	20	11	20-18-16-12-11	200	4	800
2011	20	11	20-19-17-15-14-13-12-11	200	7	1400
2011	20	11	20-19-17-15-14-9-7-8-11	200	8	1600
2011	20	11	20-19-17-15-10-5-6-7-8-11	200	9	1800
2011	20	11	20-18-16-12-13-14-9-7-8-11	200	9	1800
2012	20	12	20-18-16-12	200	3	600
2012	20	12	20-19-17-15-14-13-12	200	6	1200
2012	20	12	20-19-17-15-14-9-7-8-11-12	200	9	1800
2012	20	12	20-19-17-15-10-5-6-7-8-11-12	200	10	2000
2012	20	12	20-19-17-15-10-5-2-1-7-8-11-12	200	11	2200
2013	20	13	20-18-16-12-13	200	4	800
2013	20	13	20-19-17-15-14-13	200	5	1000
2013	20	13	20-18-16-12-11-8-7-9-14-13	200	9	1800
2013	20	13	20-19-17-15-14-9-7-8-11-12-13	200	10	2000
2013	20	13	20-19-17-15-10-5-6-7-9-14-13	200	10	2000
2014	20	14	20-19-17-15-14	200	4	800
2014	20	14	20-18-16-12-13-14	200	5	1000
2014	20	14	20-18-16-12-11-8-7-9-14	200	8	1600
2014	20	14	20-19-17-15-10-5-6-7-9-14	200	9	1800
2014	20	14	20-19-17-15-10-5-2-1-7-9-14	200	10	2000
2015	20	15	20-19-17-15	200	3	600
2015	20	15	20-18-16-12-13-14-15	200	6	1200
2015	20	15	20-18-16-12-11-8-7-9-14-15	200	9	1800
2015	20	15	20-18-16-12-11-8-7-6-5-10-15	200	10	2000
2015	20	15	20-18-16-12-11-8-7-1-2-5-10-15	200	11	2200
2016	20	16	20-18-16	200	2	400
2016	20	16	20-19-17-15-14-13-12-16	200	7	1400
2016	20	16	20-19-17-15-14-9-7-8-11-12-16	200	10	2000
2016	20	16	20-19-17-15-10-5-6-7-8-11-12-16	200	11	2200
2016	20	16	20-19-17-15-10-5-2-1-7-8-11-12-16	200	12	2400
2017	20	17	20-19-17	200	2	400
2017	20	17	20-18-16-12-13-14-15-17	200	7	1400
2017	20	17	20-18-16-12-11-8-7-9-14-15-17	200	10	2000
2017	20	17	20-18-16-12-11-8-7-6-5-10-15-17	200	11	2200
2017	20	17	20-18-16-12-11-8-7-1-2-5-10-15-17	200	12	2400
2018	20	18	20-18	200	1	200
2018	20	18	20-19-17-15-14-13-12-16-18	200	8	1600
2018	20	18	20-19-17-15-14-9-7-8-11-12-16-18	200	11	2200
2018	20	18	20-19-17-15-10-5-6-7-8-11-12-16-18	200	12	2400
2018	20	18	20-19-17-15-10-5-2-1-7-8-11-12-16-18	200	13	2600
2019	20	19	20-19	200	1	200
2019	20	19	20-18-16-12-13-14-15-17-19	200	8	1600
2019	20	19	20-18-16-12-11-8-7-9-14-15-17-19	200	11	2200
2019	20	19	20-18-16-12-11-8-7-6-5-10-15-17-19	200	12	2400
2019	20	19	20-18-16-12-11-8-7-1-2-5-10-15-17-19	200	13	2600