01	0	1	0-1	6	1346	8076
01	0	1	0-2-1	6	2794	16764
01	0	1	0-3-4-6-7-1	6	7177	43062
01	0	1	0-2-5-8-9-7-1	6	8227	49362
02	0	2	0-2	123	2024	248952
02	0	2	0-1-2	123	2116	260268
02	0	2	0-1-7-9-8-5-2	123	7549	928527
02	0	2	0-3-4-6-7-1-2	123	7947	977481
03	0	3	0-3	198	3414	675972
03	0	3	0-1-7-6-4-3	198	5109	1011582
03	0	3	0-2-1-7-6-4-3	198	6557	1298286
03	0	3	0-2-5-4-3	198	6906	1367388
04	0	4	0-1-7-6-4	166	4261	707326
04	0	4	0-3-4	166	4262	707492
04	0	4	0-2-1-7-6-4	166	5709	947694
04	0	4	0-2-5-4	166	6058	1005628
05	0	5	0-2-5	97	4397	426509
05	0	5	0-1-2-5	97	4489	435433
05	0	5	0-1-7-9-8-5	97	5176	502072
05	0	5	0-1-7-6-4-5	97	5922	574434
06	0	6	0-1-7-6	195	3456	673920
06	0	6	0-2-1-7-6	195	4904	956280
06	0	6	0-3-4-6	195	5067	988065
06	0	6	0-2-5-4-6	195	6863	1338285
07	0	7	0-1-7	82	2578	211396
07	0	7	0-2-1-7	82	4026	330132
07	0	7	0-3-4-6-7	82	5945	487490
07	0	7	0-2-5-8-9-7	82	6995	573590
08	0	8	0-1-7-9-8	114	3897	444258
08	0	8	0-2-1-7-9-8	114	5345	609330
08	0	8	0-2-5-8	114	5676	647064
08	0	8	0-1-2-5-8	114	5768	657552
09	0	9	0-1-7-9	43	3355	144265
09	0	9	0-2-1-7-9	43	4803	206529
09	0	9	0-2-5-8-9	43	6218	267374
09	0	9	0-1-2-5-8-9	43	6310	271330
010	0	10	0-1-7-9-11-10	68	4641	315588
010	0	10	0-1-7-9-13-10	68	4654	316472
010	0	10	0-1-7-9-13-12-11-10	68	5999	407932
010	0	10	0-3-10	68	6030	410040
011	0	11	0-1-7-9-11	88	4346	382448
011	0	11	0-1-7-9-13-10-11	88	4949	435512
011	0	11	0-1-7-9-13-12-11	88	5704	501952
011	0	11	0-2-1-7-9-11	88	5794	509872
012	0	12	0-1-7-9-13-12	168	4600	772800
012	0	12	0-1-7-9-11-12	168	5450	915600
012	0	12	0-1-7-9-11-10-13-12	168	5717	960456
012	0	12	0-2-1-7-9-13-12	168	6048	1016064
013	0	13	0-1-7-9-13	114	4089	466146
013	0	13	0-1-7-9-11-10-13	114	5206	593484
013	0	13	0-2-1-7-9-13	114	5537	631218
013	0	13	0-1-7-9-11-12-13	114	5961	679554
10	1	0	1-0	13	1346	17498
10	1	0	1-2-0	13	2794	36322
10	1	0	1-7-6-4-3-0	13	7177	93301
10	1	0	1-7-9-8-5-2-0	13	8227	106951
12	1	2	1-2	18	770	13860
12	1	2	1-0-2	18	3370	60660
12	1	2	1-7-9-8-5-2	18	6203	111654
12	1	2	1-7-6-4-5-2	18	6949	125082
13	1	3	1-7-6-4-3	122	3763	459086
13	1	3	1-0-3	122	4760	580720
13	1	3	1-2-5-4-3	122	5652	689544
13	1	3	1-7-9-11-10-3	122	5911	721142
14	1	4	1-7-6-4	115	2915	335225
14	1	4	1-2-5-4	115	4804	552460
14	1	4	1-7-9-8-5-4	115	5491	631465
14	1	4	1-0-3-4	115	5608	644920
15	1	5	1-2-5	161	3143	506023
15	1	5	1-7-9-8-5	161	3830	616630
15	1	5	1-7-6-4-5	161	4576	736736
15	1	5	1-7-9-13-12-5	161	5539	891779
16	1	6	1-7-6	136	2110	286960
16	1	6	1-2-5-4-6	136	5609	762824
16	1	6	1-7-9-8-5-4-6	136	6296	856256
16	1	6	1-0-3-4-6	136	6413	872168
17	1	7	1-7	70	1232	86240
17	1	7	1-2-5-8-9-7	70	5741	401870
17	1	7	1-2-5-4-6-7	70	6487	454090
17	1	7	1-0-3-4-6-7	70	7291	510370
18	1	8	1-7-9-8	85	2551	216835
18	1	8	1-2-5-8	85	4422	375870
18	1	8	1-7-6-4-5-8	85	5855	497675
18	1	8	1-7-9-13-12-5-8	85	6818	579530
19	1	9	1-7-9	29	2009	58261
19	1	9	1-2-5-8-9	29	4964	143956
19	1	9	1-7-6-4-5-8-9	29	6397	185513
19	1	9	1-2-5-12-13-9	29	6673	193517
110	1	10	1-7-9-11-10	39	3295	128505
110	1	10	1-7-9-13-10	39	3308	129012
110	1	10	1-7-9-13-12-11-10	39	4653	181467
110	1	10	1-7-9-11-12-13-10	39	5180	202020
111	1	11	1-7-9-11	75	3000	225000
111	1	11	1-7-9-13-10-11	75	3603	270225
111	1	11	1-7-9-13-12-11	75	4358	326850
111	1	11	1-2-5-8-9-11	75	5955	446625
112	1	12	1-7-9-13-12	12	3254	39048
112	1	12	1-7-9-11-12	12	4104	49248
112	1	12	1-7-9-11-10-13-12	12	4371	52452
112	1	12	1-7-9-13-10-11-12	12	4707	56484
113	1	13	1-7-9-13	188	2743	515684
113	1	13	1-7-9-11-10-13	188	3860	725680
113	1	13	1-7-9-11-12-13	188	4615	867620
113	1	13	1-2-5-8-9-13	188	5698	1071224
20	2	0	2-0	0	2024	0
20	2	0	2-1-0	0	2116	0
20	2	0	2-5-8-9-7-1-0	0	7549	0
20	2	0	2-1-7-6-4-3-0	0	7947	0
21	2	1	2-1	75	770	57750
21	2	1	2-0-1	75	3370	252750
21	2	1	2-5-8-9-7-1	75	6203	465225
21	2	1	2-5-4-6-7-1	75	6949	521175
23	2	3	2-1-7-6-4-3	77	4533	349041
23	2	3	2-5-4-3	77	4882	375914
23	2	3	2-0-3	77	5438	418726
23	2	3	2-1-0-3	77	5530	425810
24	2	4	2-1-7-6-4	44	3685	162140
24	2	4	2-5-4	44	4034	177496
24	2	4	2-1-7-9-8-5-4	44	6261	275484
24	2	4	2-0-1-7-6-4	44	6285	276540
25	2	5	2-5	183	2373	434259
25	2	5	2-1-7-9-8-5	183	4600	841800
25	2	5	2-1-7-6-4-5	183	5346	978318
25	2	5	2-1-7-9-13-12-5	183	6309	1154547
26	2	6	2-1-7-6	143	2880	411840
26	2	6	2-5-4-6	143	4839	691977
26	2	6	2-0-1-7-6	143	5480	783640
26	2	6	2-5-8-9-7-6	143	5849	836407
27	2	7	2-1-7	164	2002	328328
27	2	7	2-0-1-7	164	4602	754728
27	2	7	2-5-8-9-7	164	4971	815244
27	2	7	2-5-4-6-7	164	5717	937588
28	2	8	2-1-7-9-8	1	3321	3321
28	2	8	2-5-8	1	3652	3652
28	2	8	2-0-1-7-9-8	1	5921	5921
28	2	8	2-5-12-13-9-8	1	6445	6445
29	2	9	2-1-7-9	132	2779	366828
29	2	9	2-5-8-9	132	4194	553608
29	2	9	2-0-1-7-9	132	5379	710028
29	2	9	2-5-12-13-9	132	5903	779196
210	2	10	2-1-7-9-11-10	84	4065	341460
210	2	10	2-1-7-9-13-10	84	4078	342552
210	2	10	2-1-7-9-13-12-11-10	84	5423	455532
210	2	10	2-5-8-9-11-10	84	5480	460320
211	2	11	2-1-7-9-11	178	3770	671060
211	2	11	2-1-7-9-13-10-11	178	4373	778394
211	2	11	2-1-7-9-13-12-11	178	5128	912784
211	2	11	2-5-8-9-11	178	5185	922930
212	2	12	2-1-7-9-13-12	25	4024	100600
212	2	12	2-5-12	25	4658	116450
212	2	12	2-1-7-9-11-12	25	4874	121850
212	2	12	2-1-7-9-11-10-13-12	25	5141	128525
213	2	13	2-1-7-9-13	153	3513	537489
213	2	13	2-1-7-9-11-10-13	153	4630	708390
213	2	13	2-5-8-9-13	153	4928	753984
213	2	13	2-5-12-13	153	5169	790857
30	3	0	3-0	3	3414	10242
30	3	0	3-4-6-7-1-0	3	5109	15327
30	3	0	3-4-6-7-1-2-0	3	6557	19671
30	3	0	3-4-5-2-0	3	6906	20718
31	3	1	3-4-6-7-1	46	3763	173098
31	3	1	3-0-1	46	4760	218960
31	3	1	3-4-5-2-1	46	5652	259992
31	3	1	3-10-11-9-7-1	46	5911	271906
32	3	2	3-4-6-7-1-2	37	4533	167721
32	3	2	3-4-5-2	37	4882	180634
32	3	2	3-0-2	37	5438	201206
32	3	2	3-0-1-2	37	5530	204610
34	3	4	3-4	96	848	81408
34	3	4	3-10-11-9-7-6-4	96	6362	610752
34	3	4	3-10-13-9-7-6-4	96	6375	612000
34	3	4	3-10-11-9-8-5-4	96	7384	708864
35	3	5	3-4-5	142	2509	356278
35	3	5	3-4-6-7-9-8-5	142	5129	728318
35	3	5	3-10-11-9-8-5	142	5723	812666
35	3	5	3-10-13-9-8-5	142	5736	814512
36	3	6	3-4-6	142	1653	234726
36	3	6	3-10-11-9-7-6	142	5557	789094
36	3	6	3-10-13-9-7-6	142	5570	790940
36	3	6	3-4-5-8-9-7-6	142	5985	849870
37	3	7	3-4-6-7	163	2531	412553
37	3	7	3-10-11-9-7	163	4679	762677
37	3	7	3-10-13-9-7	163	4692	764796
37	3	7	3-4-5-8-9-7	163	5107	832441
38	3	8	3-4-5-8	21	3788	79548
38	3	8	3-4-6-7-9-8	21	3850	80850
38	3	8	3-10-11-9-8	21	4444	93324
38	3	8	3-10-13-9-8	21	4457	93597
39	3	9	3-4-6-7-9	101	3308	334108
39	3	9	3-10-11-9	101	3902	394102
39	3	9	3-10-13-9	101	3915	395415
39	3	9	3-4-5-8-9	101	4330	437330
310	3	10	3-10	69	2616	180504
310	3	10	3-4-6-7-9-11-10	69	4594	316986
310	3	10	3-4-6-7-9-13-10	69	4607	317883
310	3	10	3-4-5-8-9-11-10	69	5616	387504
311	3	11	3-10-11	35	2911	101885
311	3	11	3-4-6-7-9-11	35	4299	150465
311	3	11	3-10-13-12-11	35	4796	167860
311	3	11	3-4-6-7-9-13-10-11	35	4902	171570
312	3	12	3-10-13-12	163	3692	601796
312	3	12	3-10-11-12	163	4015	654445
312	3	12	3-4-6-7-9-13-12	163	4553	742139
312	3	12	3-4-5-12	163	4794	781422
313	3	13	3-10-13	91	3181	289471
313	3	13	3-4-6-7-9-13	91	4042	367822
313	3	13	3-10-11-12-13	91	4526	411866
313	3	13	3-10-11-9-13	91	4636	421876
40	4	0	4-6-7-1-0	78	4261	332358
40	4	0	4-3-0	78	4262	332436
40	4	0	4-6-7-1-2-0	78	5709	445302
40	4	0	4-5-2-0	78	6058	472524
41	4	1	4-6-7-1	103	2915	300245
41	4	1	4-5-2-1	103	4804	494812
41	4	1	4-5-8-9-7-1	103	5491	565573
41	4	1	4-3-0-1	103	5608	577624
42	4	2	4-6-7-1-2	137	3685	504845
42	4	2	4-5-2	137	4034	552658
42	4	2	4-5-8-9-7-1-2	137	6261	857757
42	4	2	4-6-7-1-0-2	137	6285	861045
43	4	3	4-3	163	848	138224
43	4	3	4-6-7-9-11-10-3	163	6362	1037006
43	4	3	4-6-7-9-13-10-3	163	6375	1039125
43	4	3	4-5-8-9-11-10-3	163	7384	1203592
45	4	5	4-5	4	1661	6644
45	4	5	4-6-7-9-8-5	4	4281	17124
45	4	5	4-6-7-9-13-12-5	4	5990	23960
45	4	5	4-6-7-1-2-5	4	6058	24232
46	4	6	4-6	73	805	58765
46	4	6	4-5-8-9-7-6	73	5137	375001
46	4	6	4-3-10-11-9-7-6	73	6405	467565
46	4	6	4-3-10-13-9-7-6	73	6418	468514
47	4	7	4-6-7	55	1683	92565
47	4	7	4-5-8-9-7	55	4259	234245
47	4	7	4-3-10-11-9-7	55	5527	303985
47	4	7	4-3-10-13-9-7	55	5540	304700
48	4	8	4-5-8	103	2940	302820
48	4	8	4-6-7-9-8	103	3002	309206
48	4	8	4-3-10-11-9-8	103	5292	545076
48	4	8	4-3-10-13-9-8	103	5305	546415
49	4	9	4-6-7-9	180	2460	442800
49	4	9	4-5-8-9	180	3482	626760
49	4	9	4-3-10-11-9	180	4750	855000
49	4	9	4-3-10-13-9	180	4763	857340
410	4	10	4-3-10	44	3464	152416
410	4	10	4-6-7-9-11-10	44	3746	164824
410	4	10	4-6-7-9-13-10	44	3759	165396
410	4	10	4-5-8-9-11-10	44	4768	209792
411	4	11	4-6-7-9-11	169	3451	583219
411	4	11	4-3-10-11	169	3759	635271
411	4	11	4-6-7-9-13-10-11	169	4054	685126
411	4	11	4-5-8-9-11	169	4473	755937
412	4	12	4-6-7-9-13-12	122	3705	452010
412	4	12	4-5-12	122	3946	481412
412	4	12	4-3-10-13-12	122	4540	553880
412	4	12	4-6-7-9-11-12	122	4555	555710
413	4	13	4-6-7-9-13	114	3194	364116
413	4	13	4-3-10-13	114	4029	459306
413	4	13	4-5-8-9-13	114	4216	480624
413	4	13	4-6-7-9-11-10-13	114	4311	491454
50	5	0	5-2-0	127	4397	558419
50	5	0	5-2-1-0	127	4489	570103
50	5	0	5-8-9-7-1-0	127	5176	657352
50	5	0	5-4-6-7-1-0	127	5922	752094
51	5	1	5-2-1	22	3143	69146
51	5	1	5-8-9-7-1	22	3830	84260
51	5	1	5-4-6-7-1	22	4576	100672
51	5	1	5-12-13-9-7-1	22	5539	121858
52	5	2	5-2	184	2373	436632
52	5	2	5-8-9-7-1-2	184	4600	846400
52	5	2	5-4-6-7-1-2	184	5346	983664
52	5	2	5-12-13-9-7-1-2	184	6309	1160856
53	5	3	5-4-3	7	2509	17563
53	5	3	5-8-9-7-6-4-3	7	5129	35903
53	5	3	5-8-9-11-10-3	7	5723	40061
53	5	3	5-8-9-13-10-3	7	5736	40152
54	5	4	5-4	7	1661	11627
54	5	4	5-8-9-7-6-4	7	4281	29967
54	5	4	5-12-13-9-7-6-4	7	5990	41930
54	5	4	5-2-1-7-6-4	7	6058	42406
56	5	6	5-4-6	91	2466	224406
56	5	6	5-8-9-7-6	91	3476	316316
56	5	6	5-12-13-9-7-6	91	5185	471835
56	5	6	5-2-1-7-6	91	5253	478023
57	5	7	5-8-9-7	165	2598	428670
57	5	7	5-4-6-7	165	3344	551760
57	5	7	5-12-13-9-7	165	4307	710655
57	5	7	5-2-1-7	165	4375	721875
58	5	8	5-8	147	1279	188013
58	5	8	5-12-13-9-8	147	4072	598584
58	5	8	5-4-6-7-9-8	147	4663	685461
58	5	8	5-12-11-9-8	147	4922	723534
59	5	9	5-8-9	68	1821	123828
59	5	9	5-12-13-9	68	3530	240040
59	5	9	5-4-6-7-9	68	4121	280228
59	5	9	5-12-11-9	68	4380	297840
510	5	10	5-8-9-11-10	28	3107	86996
510	5	10	5-8-9-13-10	28	3120	87360
510	5	10	5-12-13-10	28	3361	94108
510	5	10	5-12-11-10	28	3684	103152
511	5	11	5-8-9-11	48	2812	134976
511	5	11	5-12-11	48	3389	162672
511	5	11	5-8-9-13-10-11	48	3415	163920
511	5	11	5-12-13-10-11	48	3656	175488
512	5	12	5-12	134	2285	306190
512	5	12	5-8-9-13-12	134	3066	410844
512	5	12	5-8-9-11-12	134	3916	524744
512	5	12	5-8-9-11-10-13-12	134	4183	560522
513	5	13	5-8-9-13	116	2555	296380
513	5	13	5-12-13	116	2796	324336
513	5	13	5-8-9-11-10-13	116	3672	425952
513	5	13	5-12-11-10-13	116	4249	492884
60	6	0	6-7-1-0	114	3456	393984
60	6	0	6-7-1-2-0	114	4904	559056
60	6	0	6-4-3-0	114	5067	577638
60	6	0	6-4-5-2-0	114	6863	782382
61	6	1	6-7-1	141	2110	297510
61	6	1	6-4-5-2-1	141	5609	790869
61	6	1	6-4-5-8-9-7-1	141	6296	887736
61	6	1	6-4-3-0-1	141	6413	904233
62	6	2	6-7-1-2	138	2880	397440
62	6	2	6-4-5-2	138	4839	667782
62	6	2	6-7-1-0-2	138	5480	756240
62	6	2	6-7-9-8-5-2	138	5849	807162
63	6	3	6-4-3	2	1653	3306
63	6	3	6-7-9-11-10-3	2	5557	11114
63	6	3	6-7-9-13-10-3	2	5570	11140
63	6	3	6-7-9-8-5-4-3	2	5985	11970
64	6	4	6-4	154	805	123970
64	6	4	6-7-9-8-5-4	154	5137	791098
64	6	4	6-7-9-11-10-3-4	154	6405	986370
64	6	4	6-7-9-13-10-3-4	154	6418	988372
65	6	5	6-4-5	55	2466	135630
65	6	5	6-7-9-8-5	55	3476	191180
65	6	5	6-7-9-13-12-5	55	5185	285175
65	6	5	6-7-1-2-5	55	5253	288915
67	6	7	6-7	145	878	127310
67	6	7	6-4-5-8-9-7	145	5064	734280
67	6	7	6-4-3-10-11-9-7	145	6332	918140
67	6	7	6-4-3-10-13-9-7	145	6345	920025
68	6	8	6-7-9-8	53	2197	116441
68	6	8	6-4-5-8	53	3745	198485
68	6	8	6-4-3-10-11-9-8	53	6097	323141
68	6	8	6-4-3-10-13-9-8	53	6110	323830
69	6	9	6-7-9	126	1655	208530
69	6	9	6-4-5-8-9	126	4287	540162
69	6	9	6-4-3-10-11-9	126	5555	699930
69	6	9	6-4-3-10-13-9	126	5568	701568
610	6	10	6-7-9-11-10	155	2941	455855
610	6	10	6-7-9-13-10	155	2954	457870
610	6	10	6-4-3-10	155	4269	661695
610	6	10	6-7-9-13-12-11-10	155	4299	666345
611	6	11	6-7-9-11	185	2646	489510
611	6	11	6-7-9-13-10-11	185	3249	601065
611	6	11	6-7-9-13-12-11	185	4004	740740
611	6	11	6-4-3-10-11	185	4564	844340
612	6	12	6-7-9-13-12	144	2900	417600
612	6	12	6-7-9-11-12	144	3750	540000
612	6	12	6-7-9-11-10-13-12	144	4017	578448
612	6	12	6-7-9-13-10-11-12	144	4353	626832
613	6	13	6-7-9-13	139	2389	332071
613	6	13	6-7-9-11-10-13	139	3506	487334
613	6	13	6-7-9-11-12-13	139	4261	592279
613	6	13	6-4-3-10-13	139	4834	671926
70	7	0	7-1-0	124	2578	319672
70	7	0	7-1-2-0	124	4026	499224
70	7	0	7-6-4-3-0	124	5945	737180
70	7	0	7-9-8-5-2-0	124	6995	867380
71	7	1	7-1	146	1232	179872
71	7	1	7-9-8-5-2-1	146	5741	838186
71	7	1	7-6-4-5-2-1	146	6487	947102
71	7	1	7-6-4-3-0-1	146	7291	1064486
72	7	2	7-1-2	194	2002	388388
72	7	2	7-1-0-2	194	4602	892788
72	7	2	7-9-8-5-2	194	4971	964374
72	7	2	7-6-4-5-2	194	5717	1109098
73	7	3	7-6-4-3	130	2531	329030
73	7	3	7-9-11-10-3	130	4679	608270
73	7	3	7-9-13-10-3	130	4692	609960
73	7	3	7-9-8-5-4-3	130	5107	663910
74	7	4	7-6-4	27	1683	45441
74	7	4	7-9-8-5-4	27	4259	114993
74	7	4	7-9-11-10-3-4	27	5527	149229
74	7	4	7-9-13-10-3-4	27	5540	149580
75	7	5	7-9-8-5	174	2598	452052
75	7	5	7-6-4-5	174	3344	581856
75	7	5	7-9-13-12-5	174	4307	749418
75	7	5	7-1-2-5	174	4375	761250
76	7	6	7-6	195	878	171210
76	7	6	7-9-8-5-4-6	195	5064	987480
76	7	6	7-9-11-10-3-4-6	195	6332	1234740
76	7	6	7-9-13-10-3-4-6	195	6345	1237275
78	7	8	7-9-8	82	1319	108158
78	7	8	7-6-4-5-8	82	4623	379086
78	7	8	7-9-13-12-5-8	82	5586	458052
78	7	8	7-1-2-5-8	82	5654	463628
79	7	9	7-9	82	777	63714
79	7	9	7-6-4-5-8-9	82	5165	423530
79	7	9	7-1-2-5-8-9	82	6196	508072
79	7	9	7-6-4-3-10-11-9	82	6433	527506
710	7	10	7-9-11-10	51	2063	105213
710	7	10	7-9-13-10	51	2076	105876
710	7	10	7-9-13-12-11-10	51	3421	174471
710	7	10	7-9-11-12-13-10	51	3948	201348
711	7	11	7-9-11	50	1768	88400
711	7	11	7-9-13-10-11	50	2371	118550
711	7	11	7-9-13-12-11	50	3126	156300
711	7	11	7-6-4-3-10-11	50	5442	272100
712	7	12	7-9-13-12	56	2022	113232
712	7	12	7-9-11-12	56	2872	160832
712	7	12	7-9-11-10-13-12	56	3139	175784
712	7	12	7-9-13-10-11-12	56	3475	194600
713	7	13	7-9-13	184	1511	278024
713	7	13	7-9-11-10-13	184	2628	483552
713	7	13	7-9-11-12-13	184	3383	622472
713	7	13	7-9-8-5-12-13	184	5394	992496
80	8	0	8-9-7-1-0	12	3897	46764
80	8	0	8-9-7-1-2-0	12	5345	64140
80	8	0	8-5-2-0	12	5676	68112
80	8	0	8-5-2-1-0	12	5768	69216
81	8	1	8-9-7-1	146	2551	372446
81	8	1	8-5-2-1	146	4422	645612
81	8	1	8-5-4-6-7-1	146	5855	854830
81	8	1	8-5-12-13-9-7-1	146	6818	995428
82	8	2	8-9-7-1-2	24	3321	79704
82	8	2	8-5-2	24	3652	87648
82	8	2	8-9-7-1-0-2	24	5921	142104
82	8	2	8-9-13-12-5-2	24	6445	154680
83	8	3	8-5-4-3	159	3788	602292
83	8	3	8-9-7-6-4-3	159	3850	612150
83	8	3	8-9-11-10-3	159	4444	706596
83	8	3	8-9-13-10-3	159	4457	708663
84	8	4	8-5-4	196	2940	576240
84	8	4	8-9-7-6-4	196	3002	588392
84	8	4	8-9-11-10-3-4	196	5292	1037232
84	8	4	8-9-13-10-3-4	196	5305	1039780
85	8	5	8-5	75	1279	95925
85	8	5	8-9-13-12-5	75	4072	305400
85	8	5	8-9-7-6-4-5	75	4663	349725
85	8	5	8-9-11-12-5	75	4922	369150
86	8	6	8-9-7-6	7	2197	15379
86	8	6	8-5-4-6	7	3745	26215
86	8	6	8-9-11-10-3-4-6	7	6097	42679
86	8	6	8-9-13-10-3-4-6	7	6110	42770
87	8	7	8-9-7	159	1319	209721
87	8	7	8-5-4-6-7	159	4623	735057
87	8	7	8-5-12-13-9-7	159	5586	888174
87	8	7	8-5-2-1-7	159	5654	898986
89	8	9	8-9	68	542	36856
89	8	9	8-5-12-13-9	68	4809	327012
89	8	9	8-5-4-6-7-9	68	5400	367200
89	8	9	8-5-12-11-9	68	5659	384812
810	8	10	8-9-11-10	46	1828	84088
810	8	10	8-9-13-10	46	1841	84686
810	8	10	8-9-13-12-11-10	46	3186	146556
810	8	10	8-9-11-12-13-10	46	3713	170798
811	8	11	8-9-11	130	1533	199290
811	8	11	8-9-13-10-11	130	2136	277680
811	8	11	8-9-13-12-11	130	2891	375830
811	8	11	8-5-12-11	130	4668	606840
812	8	12	8-9-13-12	5	1787	8935
812	8	12	8-9-11-12	5	2637	13185
812	8	12	8-9-11-10-13-12	5	2904	14520
812	8	12	8-9-13-10-11-12	5	3240	16200
813	8	13	8-9-13	33	1276	42108
813	8	13	8-9-11-10-13	33	2393	78969
813	8	13	8-9-11-12-13	33	3148	103884
813	8	13	8-5-12-13	33	4075	134475
90	9	0	9-7-1-0	40	3355	134200
90	9	0	9-7-1-2-0	40	4803	192120
90	9	0	9-8-5-2-0	40	6218	248720
90	9	0	9-8-5-2-1-0	40	6310	252400
91	9	1	9-7-1	152	2009	305368
91	9	1	9-8-5-2-1	152	4964	754528
91	9	1	9-8-5-4-6-7-1	152	6397	972344
91	9	1	9-13-12-5-2-1	152	6673	1014296
92	9	2	9-7-1-2	195	2779	541905
92	9	2	9-8-5-2	195	4194	817830
92	9	2	9-7-1-0-2	195	5379	1048905
92	9	2	9-13-12-5-2	195	5903	1151085
93	9	3	9-7-6-4-3	18	3308	59544
93	9	3	9-11-10-3	18	3902	70236
93	9	3	9-13-10-3	18	3915	70470
93	9	3	9-8-5-4-3	18	4330	77940
94	9	4	9-7-6-4	149	2460	366540
94	9	4	9-8-5-4	149	3482	518818
94	9	4	9-11-10-3-4	149	4750	707750
94	9	4	9-13-10-3-4	149	4763	709687
95	9	5	9-8-5	127	1821	231267
95	9	5	9-13-12-5	127	3530	448310
95	9	5	9-7-6-4-5	127	4121	523367
95	9	5	9-11-12-5	127	4380	556260
96	9	6	9-7-6	142	1655	235010
96	9	6	9-8-5-4-6	142	4287	608754
96	9	6	9-11-10-3-4-6	142	5555	788810
96	9	6	9-13-10-3-4-6	142	5568	790656
97	9	7	9-7	116	777	90132
97	9	7	9-8-5-4-6-7	116	5165	599140
97	9	7	9-8-5-2-1-7	116	6196	718736
97	9	7	9-11-10-3-4-6-7	116	6433	746228
98	9	8	9-8	19	542	10298
98	9	8	9-13-12-5-8	19	4809	91371
98	9	8	9-7-6-4-5-8	19	5400	102600
98	9	8	9-11-12-5-8	19	5659	107521
910	9	10	9-11-10	150	1286	192900
910	9	10	9-13-10	150	1299	194850
910	9	10	9-13-12-11-10	150	2644	396600
910	9	10	9-11-12-13-10	150	3171	475650
911	9	11	9-11	100	991	99100
911	9	11	9-13-10-11	100	1594	159400
911	9	11	9-13-12-11	100	2349	234900
911	9	11	9-8-5-12-11	100	5210	521000
912	9	12	9-13-12	49	1245	61005
912	9	12	9-11-12	49	2095	102655
912	9	12	9-11-10-13-12	49	2362	115738
912	9	12	9-13-10-11-12	49	2698	132202
913	9	13	9-13	42	734	30828
913	9	13	9-11-10-13	42	1851	77742
913	9	13	9-11-12-13	42	2606	109452
913	9	13	9-8-5-12-13	42	4617	193914
100	10	0	10-11-9-7-1-0	13	4641	60333
100	10	0	10-13-9-7-1-0	13	4654	60502
100	10	0	10-11-12-13-9-7-1-0	13	5999	77987
100	10	0	10-3-0	13	6030	78390
101	10	1	10-11-9-7-1	14	3295	46130
101	10	1	10-13-9-7-1	14	3308	46312
101	10	1	10-11-12-13-9-7-1	14	4653	65142
101	10	1	10-13-12-11-9-7-1	14	5180	72520
102	10	2	10-11-9-7-1-2	51	4065	207315
102	10	2	10-13-9-7-1-2	51	4078	207978
102	10	2	10-11-12-13-9-7-1-2	51	5423	276573
102	10	2	10-11-9-8-5-2	51	5480	279480
103	10	3	10-3	18	2616	47088
103	10	3	10-11-9-7-6-4-3	18	4594	82692
103	10	3	10-13-9-7-6-4-3	18	4607	82926
103	10	3	10-11-9-8-5-4-3	18	5616	101088
104	10	4	10-3-4	39	3464	135096
104	10	4	10-11-9-7-6-4	39	3746	146094
104	10	4	10-13-9-7-6-4	39	3759	146601
104	10	4	10-11-9-8-5-4	39	4768	185952
105	10	5	10-11-9-8-5	101	3107	313807
105	10	5	10-13-9-8-5	101	3120	315120
105	10	5	10-13-12-5	101	3361	339461
105	10	5	10-11-12-5	101	3684	372084
106	10	6	10-11-9-7-6	17	2941	49997
106	10	6	10-13-9-7-6	17	2954	50218
106	10	6	10-3-4-6	17	4269	72573
106	10	6	10-11-12-13-9-7-6	17	4299	73083
107	10	7	10-11-9-7	43	2063	88709
107	10	7	10-13-9-7	43	2076	89268
107	10	7	10-11-12-13-9-7	43	3421	147103
107	10	7	10-13-12-11-9-7	43	3948	169764
108	10	8	10-11-9-8	177	1828	323556
108	10	8	10-13-9-8	177	1841	325857
108	10	8	10-11-12-13-9-8	177	3186	563922
108	10	8	10-13-12-11-9-8	177	3713	657201
109	10	9	10-11-9	47	1286	60442
109	10	9	10-13-9	47	1299	61053
109	10	9	10-11-12-13-9	47	2644	124268
109	10	9	10-13-12-11-9	47	3171	149037
1011	10	11	10-11	35	295	10325
1011	10	11	10-13-12-11	35	2180	76300
1011	10	11	10-13-9-11	35	2290	80150
1011	10	11	10-13-12-5-8-9-11	35	6173	216055
1012	10	12	10-13-12	3	1076	3228
1012	10	12	10-11-12	3	1399	4197
1012	10	12	10-11-9-13-12	3	2531	7593
1012	10	12	10-13-9-11-12	3	3394	10182
1013	10	13	10-13	88	565	49720
1013	10	13	10-11-12-13	88	1910	168080
1013	10	13	10-11-9-13	88	2020	177760
1013	10	13	10-11-9-8-5-12-13	88	5903	519464
110	11	0	11-9-7-1-0	60	4346	260760
110	11	0	11-10-13-9-7-1-0	60	4949	296940
110	11	0	11-12-13-9-7-1-0	60	5704	342240
110	11	0	11-9-7-1-2-0	60	5794	347640
111	11	1	11-9-7-1	144	3000	432000
111	11	1	11-10-13-9-7-1	144	3603	518832
111	11	1	11-12-13-9-7-1	144	4358	627552
111	11	1	11-9-8-5-2-1	144	5955	857520
112	11	2	11-9-7-1-2	108	3770	407160
112	11	2	11-10-13-9-7-1-2	108	4373	472284
112	11	2	11-12-13-9-7-1-2	108	5128	553824
112	11	2	11-9-8-5-2	108	5185	559980
113	11	3	11-10-3	63	2911	183393
113	11	3	11-9-7-6-4-3	63	4299	270837
113	11	3	11-12-13-10-3	63	4796	302148
113	11	3	11-10-13-9-7-6-4-3	63	4902	308826
114	11	4	11-9-7-6-4	190	3451	655690
114	11	4	11-10-3-4	190	3759	714210
114	11	4	11-10-13-9-7-6-4	190	4054	770260
114	11	4	11-9-8-5-4	190	4473	849870
115	11	5	11-9-8-5	36	2812	101232
115	11	5	11-12-5	36	3389	122004
115	11	5	11-10-13-9-8-5	36	3415	122940
115	11	5	11-10-13-12-5	36	3656	131616
116	11	6	11-9-7-6	127	2646	336042
116	11	6	11-10-13-9-7-6	127	3249	412623
116	11	6	11-12-13-9-7-6	127	4004	508508
116	11	6	11-10-3-4-6	127	4564	579628
117	11	7	11-9-7	134	1768	236912
117	11	7	11-10-13-9-7	134	2371	317714
117	11	7	11-12-13-9-7	134	3126	418884
117	11	7	11-10-3-4-6-7	134	5442	729228
118	11	8	11-9-8	78	1533	119574
118	11	8	11-10-13-9-8	78	2136	166608
118	11	8	11-12-13-9-8	78	2891	225498
118	11	8	11-12-5-8	78	4668	364104
119	11	9	11-9	61	991	60451
119	11	9	11-10-13-9	61	1594	97234
119	11	9	11-12-13-9	61	2349	143289
119	11	9	11-12-5-8-9	61	5210	317810
1110	11	10	11-10	53	295	15635
1110	11	10	11-12-13-10	53	2180	115540
1110	11	10	11-9-13-10	53	2290	121370
1110	11	10	11-9-8-5-12-13-10	53	6173	327169
1112	11	12	11-12	66	1104	72864
1112	11	12	11-10-13-12	66	1371	90486
1112	11	12	11-9-13-12	66	2236	147576
1112	11	12	11-9-8-5-12	66	5097	336402
1113	11	13	11-10-13	63	860	54180
1113	11	13	11-12-13	63	1615	101745
1113	11	13	11-9-13	63	1725	108675
1113	11	13	11-9-8-5-12-13	63	5608	353304
120	12	0	12-13-9-7-1-0	70	4600	322000
120	12	0	12-11-9-7-1-0	70	5450	381500
120	12	0	12-13-10-11-9-7-1-0	70	5717	400190
120	12	0	12-13-9-7-1-2-0	70	6048	423360
121	12	1	12-13-9-7-1	151	3254	491354
121	12	1	12-11-9-7-1	151	4104	619704
121	12	1	12-13-10-11-9-7-1	151	4371	660021
121	12	1	12-11-10-13-9-7-1	151	4707	710757
122	12	2	12-13-9-7-1-2	193	4024	776632
122	12	2	12-5-2	193	4658	898994
122	12	2	12-11-9-7-1-2	193	4874	940682
122	12	2	12-13-10-11-9-7-1-2	193	5141	992213
123	12	3	12-13-10-3	87	3692	321204
123	12	3	12-11-10-3	87	4015	349305
123	12	3	12-13-9-7-6-4-3	87	4553	396111
123	12	3	12-5-4-3	87	4794	417078
124	12	4	12-13-9-7-6-4	65	3705	240825
124	12	4	12-5-4	65	3946	256490
124	12	4	12-13-10-3-4	65	4540	295100
124	12	4	12-11-9-7-6-4	65	4555	296075
125	12	5	12-5	57	2285	130245
125	12	5	12-13-9-8-5	57	3066	174762
125	12	5	12-11-9-8-5	57	3916	223212
125	12	5	12-13-10-11-9-8-5	57	4183	238431
126	12	6	12-13-9-7-6	42	2900	121800
126	12	6	12-11-9-7-6	42	3750	157500
126	12	6	12-13-10-11-9-7-6	42	4017	168714
126	12	6	12-11-10-13-9-7-6	42	4353	182826
127	12	7	12-13-9-7	191	2022	386202
127	12	7	12-11-9-7	191	2872	548552
127	12	7	12-13-10-11-9-7	191	3139	599549
127	12	7	12-11-10-13-9-7	191	3475	663725
128	12	8	12-13-9-8	127	1787	226949
128	12	8	12-11-9-8	127	2637	334899
128	12	8	12-13-10-11-9-8	127	2904	368808
128	12	8	12-11-10-13-9-8	127	3240	411480
129	12	9	12-13-9	153	1245	190485
129	12	9	12-11-9	153	2095	320535
129	12	9	12-13-10-11-9	153	2362	361386
129	12	9	12-11-10-13-9	153	2698	412794
1210	12	10	12-13-10	82	1076	88232
1210	12	10	12-11-10	82	1399	114718
1210	12	10	12-13-9-11-10	82	2531	207542
1210	12	10	12-11-9-13-10	82	3394	278308
1211	12	11	12-11	38	1104	41952
1211	12	11	12-13-10-11	38	1371	52098
1211	12	11	12-13-9-11	38	2236	84968
1211	12	11	12-5-8-9-11	38	5097	193686
1213	12	13	12-13	66	511	33726
1213	12	13	12-11-10-13	66	1964	129624
1213	12	13	12-11-9-13	66	2829	186714
1213	12	13	12-5-8-9-13	66	4840	319440
130	13	0	13-9-7-1-0	187	4089	764643
130	13	0	13-10-11-9-7-1-0	187	5206	973522
130	13	0	13-9-7-1-2-0	187	5537	1035419
130	13	0	13-12-11-9-7-1-0	187	5961	1114707
131	13	1	13-9-7-1	42	2743	115206
131	13	1	13-10-11-9-7-1	42	3860	162120
131	13	1	13-12-11-9-7-1	42	4615	193830
131	13	1	13-9-8-5-2-1	42	5698	239316
132	13	2	13-9-7-1-2	37	3513	129981
132	13	2	13-10-11-9-7-1-2	37	4630	171310
132	13	2	13-9-8-5-2	37	4928	182336
132	13	2	13-12-5-2	37	5169	191253
133	13	3	13-10-3	146	3181	464426
133	13	3	13-9-7-6-4-3	146	4042	590132
133	13	3	13-12-11-10-3	146	4526	660796
133	13	3	13-9-11-10-3	146	4636	676856
134	13	4	13-9-7-6-4	57	3194	182058
134	13	4	13-10-3-4	57	4029	229653
134	13	4	13-9-8-5-4	57	4216	240312
134	13	4	13-10-11-9-7-6-4	57	4311	245727
135	13	5	13-9-8-5	131	2555	334705
135	13	5	13-12-5	131	2796	366276
135	13	5	13-10-11-9-8-5	131	3672	481032
135	13	5	13-10-11-12-5	131	4249	556619
136	13	6	13-9-7-6	33	2389	78837
136	13	6	13-10-11-9-7-6	33	3506	115698
136	13	6	13-12-11-9-7-6	33	4261	140613
136	13	6	13-10-3-4-6	33	4834	159522
137	13	7	13-9-7	0	1511	0
137	13	7	13-10-11-9-7	0	2628	0
137	13	7	13-12-11-9-7	0	3383	0
137	13	7	13-12-5-8-9-7	0	5394	0
138	13	8	13-9-8	117	1276	149292
138	13	8	13-10-11-9-8	117	2393	279981
138	13	8	13-12-11-9-8	117	3148	368316
138	13	8	13-12-5-8	117	4075	476775
139	13	9	13-9	54	734	39636
139	13	9	13-10-11-9	54	1851	99954
139	13	9	13-12-11-9	54	2606	140724
139	13	9	13-12-5-8-9	54	4617	249318
1310	13	10	13-10	179	565	101135
1310	13	10	13-12-11-10	179	1910	341890
1310	13	10	13-9-11-10	179	2020	361580
1310	13	10	13-12-5-8-9-11-10	179	5903	1056637
1311	13	11	13-10-11	45	860	38700
1311	13	11	13-12-11	45	1615	72675
1311	13	11	13-9-11	45	1725	77625
1311	13	11	13-12-5-8-9-11	45	5608	252360
1312	13	12	13-12	23	511	11753
1312	13	12	13-10-11-12	23	1964	45172
1312	13	12	13-9-11-12	23	2829	65067
1312	13	12	13-9-8-5-12	23	4840	111320