01	0	1	0-1	51	1	51
01	0	1	0-5-4-1	51	3	153
01	0	1	0-5-4-3-2-1	51	5	255
02	0	2	0-1-2	62	2	124
02	0	2	0-5-4-1-2	62	4	248
02	0	2	0-5-4-3-2	62	4	248
03	0	3	0-1-2-3	82	3	246
03	0	3	0-5-4-3	82	3	246
03	0	3	0-1-4-3	82	3	246
04	0	4	0-1-4	86	2	172
04	0	4	0-5-4	86	2	172
04	0	4	0-1-2-3-4	86	4	344
05	0	5	0-5	79	1	79
05	0	5	0-1-4-5	79	3	237
05	0	5	0-1-2-3-4-5	79	5	395
10	1	0	1-0	36	1	36
10	1	0	1-4-5-0	36	3	108
10	1	0	1-2-3-4-5-0	36	5	180
12	1	2	1-2	65	1	65
12	1	2	1-4-3-2	65	3	195
12	1	2	1-0-5-4-3-2	65	5	325
13	1	3	1-2-3	56	2	112
13	1	3	1-4-3	56	2	112
13	1	3	1-0-5-4-3	56	4	224
14	1	4	1-4	11	1	11
14	1	4	1-2-3-4	11	3	33
14	1	4	1-0-5-4	11	3	33
15	1	5	1-0-5	54	2	108
15	1	5	1-4-5	54	2	108
15	1	5	1-2-3-4-5	54	4	216
20	2	0	2-1-0	91	2	182
20	2	0	2-3-4-1-0	91	4	364
20	2	0	2-3-4-5-0	91	4	364
21	2	1	2-1	44	1	44
21	2	1	2-3-4-1	44	3	132
21	2	1	2-3-4-5-0-1	44	5	220
23	2	3	2-3	65	1	65
23	2	3	2-1-4-3	65	3	195
23	2	3	2-1-0-5-4-3	65	5	325
24	2	4	2-1-4	70	2	140
24	2	4	2-3-4	70	2	140
24	2	4	2-1-0-5-4	70	4	280
25	2	5	2-1-0-5	65	3	195
25	2	5	2-3-4-5	65	3	195
25	2	5	2-1-4-5	65	3	195
30	3	0	3-2-1-0	12	3	36
30	3	0	3-4-5-0	12	3	36
30	3	0	3-4-1-0	12	3	36
31	3	1	3-2-1	61	2	122
31	3	1	3-4-1	61	2	122
31	3	1	3-4-5-0-1	61	4	244
32	3	2	3-2	86	1	86
32	3	2	3-4-1-2	86	3	258
32	3	2	3-4-5-0-1-2	86	5	430
34	3	4	3-4	48	1	48
34	3	4	3-2-1-4	48	3	144
34	3	4	3-2-1-0-5-4	48	5	240
35	3	5	3-4-5	24	2	48
35	3	5	3-2-1-0-5	24	4	96
35	3	5	3-2-1-4-5	24	4	96
40	4	0	4-1-0	11	2	22
40	4	0	4-5-0	11	2	22
40	4	0	4-3-2-1-0	11	4	44
41	4	1	4-1	87	1	87
41	4	1	4-5-0-1	87	3	261
41	4	1	4-3-2-1	87	3	261
42	4	2	4-1-2	68	2	136
42	4	2	4-3-2	68	2	136
42	4	2	4-5-0-1-2	68	4	272
43	4	3	4-3	63	1	63
43	4	3	4-1-2-3	63	3	189
43	4	3	4-5-0-1-2-3	63	5	315
45	4	5	4-5	55	1	55
45	4	5	4-1-0-5	55	3	165
45	4	5	4-3-2-1-0-5	55	5	275
50	5	0	5-0	37	1	37
50	5	0	5-4-1-0	37	3	111
50	5	0	5-4-3-2-1-0	37	5	185
51	5	1	5-0-1	83	2	166
51	5	1	5-4-1	83	2	166
51	5	1	5-4-3-2-1	83	4	332
52	5	2	5-0-1-2	6	3	18
52	5	2	5-4-3-2	6	3	18
52	5	2	5-4-1-2	6	3	18
53	5	3	5-4-3	72	2	144
53	5	3	5-0-1-2-3	72	4	288
53	5	3	5-0-1-4-3	72	4	288
54	5	4	5-4	39	1	39
54	5	4	5-0-1-4	39	3	117
54	5	4	5-0-1-2-3-4	39	5	195
