01	0	1	0-1	150	1	150
01	0	1	0-2-1	150	2	300
01	0	1	0-2-5-4-3-1	150	5	750
01	0	1	0-2-5-6-7-1	150	5	750
01	0	1	0-2-5-10-15-14-9-7-1	150	8	1200
02	0	2	0-2	150	1	150
02	0	2	0-1-2	150	2	300
02	0	2	0-1-3-4-5-2	150	5	750
02	0	2	0-1-7-6-5-2	150	5	750
02	0	2	0-1-7-9-14-15-10-5-2	150	8	1200
03	0	3	0-1-3	150	2	300
03	0	3	0-2-1-3	150	3	450
03	0	3	0-2-5-4-3	150	4	600
03	0	3	0-1-2-5-4-3	150	5	750
03	0	3	0-2-5-6-7-1-3	150	6	900
04	0	4	0-1-3-4	150	3	450
04	0	4	0-2-5-4	150	3	450
04	0	4	0-2-1-3-4	150	4	600
04	0	4	0-1-2-5-4	150	4	600
04	0	4	0-1-7-6-5-4	150	5	750
05	0	5	0-2-5	150	2	300
05	0	5	0-1-2-5	150	3	450
05	0	5	0-1-3-4-5	150	4	600
05	0	5	0-1-7-6-5	150	4	600
05	0	5	0-2-1-3-4-5	150	5	750
06	0	6	0-2-5-6	150	3	450
06	0	6	0-1-7-6	150	3	450
06	0	6	0-1-2-5-6	150	4	600
06	0	6	0-2-1-7-6	150	4	600
06	0	6	0-1-3-4-5-6	150	5	750
07	0	7	0-1-7	150	2	300
07	0	7	0-2-1-7	150	3	450
07	0	7	0-2-5-6-7	150	4	600
07	0	7	0-1-2-5-6-7	150	5	750
07	0	7	0-2-5-4-3-1-7	150	6	900
08	0	8	0-1-7-8	150	3	450
08	0	8	0-2-1-7-8	150	4	600
08	0	8	0-2-5-6-7-8	150	5	750
08	0	8	0-1-2-5-6-7-8	150	6	900
08	0	8	0-2-5-4-3-1-7-8	150	7	1050
09	0	9	0-1-7-9	150	3	450
09	0	9	0-2-1-7-9	150	4	600
09	0	9	0-2-5-6-7-9	150	5	750
09	0	9	0-2-5-10-15-14-9	150	6	900
09	0	9	0-1-2-5-6-7-9	150	6	900
010	0	10	0-2-5-10	150	3	450
010	0	10	0-1-2-5-10	150	4	600
010	0	10	0-1-3-4-5-10	150	5	750
010	0	10	0-1-7-6-5-10	150	5	750
010	0	10	0-1-7-9-14-15-10	150	6	900
011	0	11	0-1-7-8-11	150	4	600
011	0	11	0-2-1-7-8-11	150	5	750
011	0	11	0-2-5-6-7-8-11	150	6	900
011	0	11	0-1-7-9-14-13-12-11	150	7	1050
011	0	11	0-1-2-5-6-7-8-11	150	7	1050
012	0	12	0-1-7-8-11-12	150	5	750
012	0	12	0-2-1-7-8-11-12	150	6	900
012	0	12	0-1-7-9-14-13-12	150	6	900
012	0	12	0-2-5-6-7-8-11-12	150	7	1050
012	0	12	0-2-1-7-9-14-13-12	150	7	1050
013	0	13	0-1-7-9-14-13	150	5	750
013	0	13	0-1-7-8-11-12-13	150	6	900
013	0	13	0-2-1-7-9-14-13	150	6	900
013	0	13	0-2-5-10-15-14-13	150	6	900
013	0	13	0-2-1-7-8-11-12-13	150	7	1050
10	1	0	1-0	150	1	150
10	1	0	1-2-0	150	2	300
10	1	0	1-3-4-5-2-0	150	5	750
10	1	0	1-7-6-5-2-0	150	5	750
10	1	0	1-7-9-14-15-10-5-2-0	150	8	1200
12	1	2	1-2	150	1	150
12	1	2	1-0-2	150	2	300
12	1	2	1-3-4-5-2	150	4	600
12	1	2	1-7-6-5-2	150	4	600
12	1	2	1-7-9-14-15-10-5-2	150	7	1050
13	1	3	1-3	150	1	150
13	1	3	1-2-5-4-3	150	4	600
13	1	3	1-0-2-5-4-3	150	5	750
13	1	3	1-7-6-5-4-3	150	5	750
13	1	3	1-7-9-14-15-10-5-4-3	150	8	1200
14	1	4	1-3-4	150	2	300
14	1	4	1-2-5-4	150	3	450
14	1	4	1-0-2-5-4	150	4	600
14	1	4	1-7-6-5-4	150	4	600
14	1	4	1-7-9-14-15-10-5-4	150	7	1050
15	1	5	1-2-5	150	2	300
15	1	5	1-0-2-5	150	3	450
15	1	5	1-7-6-5	150	3	450
15	1	5	1-3-4-5	150	3	450
15	1	5	1-7-9-14-15-10-5	150	6	900
16	1	6	1-7-6	150	2	300
16	1	6	1-2-5-6	150	3	450
16	1	6	1-0-2-5-6	150	4	600
16	1	6	1-3-4-5-6	150	4	600
16	1	6	1-7-9-14-15-10-5-6	150	7	1050
17	1	7	1-7	150	1	150
17	1	7	1-2-5-6-7	150	4	600
17	1	7	1-0-2-5-6-7	150	5	750
17	1	7	1-3-4-5-6-7	150	5	750
17	1	7	1-2-5-10-15-14-9-7	150	7	1050
18	1	8	1-7-8	150	2	300
18	1	8	1-2-5-6-7-8	150	5	750
18	1	8	1-0-2-5-6-7-8	150	6	900
18	1	8	1-3-4-5-6-7-8	150	6	900
18	1	8	1-7-9-14-13-12-11-8	150	7	1050
19	1	9	1-7-9	150	2	300
19	1	9	1-2-5-6-7-9	150	5	750
19	1	9	1-2-5-10-15-14-9	150	6	900
19	1	9	1-3-4-5-6-7-9	150	6	900
19	1	9	1-0-2-5-6-7-9	150	6	900
110	1	10	1-2-5-10	150	3	450
110	1	10	1-0-2-5-10	150	4	600
110	1	10	1-3-4-5-10	150	4	600
110	1	10	1-7-6-5-10	150	4	600
110	1	10	1-7-9-14-15-10	150	5	750
111	1	11	1-7-8-11	150	3	450
111	1	11	1-7-9-14-13-12-11	150	6	900
111	1	11	1-2-5-6-7-8-11	150	6	900
111	1	11	1-0-2-5-6-7-8-11	150	7	1050
111	1	11	1-3-4-5-6-7-8-11	150	7	1050
112	1	12	1-7-8-11-12	150	4	600
112	1	12	1-7-9-14-13-12	150	5	750
112	1	12	1-2-5-6-7-8-11-12	150	7	1050
112	1	12	1-2-5-10-15-14-13-12	150	7	1050
112	1	12	1-0-2-5-6-7-8-11-12	150	8	1200
113	1	13	1-7-9-14-13	150	4	600
113	1	13	1-7-8-11-12-13	150	5	750
113	1	13	1-2-5-10-15-14-13	150	6	900
113	1	13	1-0-2-5-10-15-14-13	150	7	1050
113	1	13	1-3-4-5-10-15-14-13	150	7	1050
20	2	0	2-0	150	1	150
20	2	0	2-1-0	150	2	300
20	2	0	2-5-4-3-1-0	150	5	750
20	2	0	2-5-6-7-1-0	150	5	750
20	2	0	2-5-10-15-14-9-7-1-0	150	8	1200
21	2	1	2-1	150	1	150
21	2	1	2-0-1	150	2	300
21	2	1	2-5-4-3-1	150	4	600
21	2	1	2-5-6-7-1	150	4	600
21	2	1	2-5-10-15-14-9-7-1	150	7	1050
23	2	3	2-1-3	150	2	300
23	2	3	2-0-1-3	150	3	450
23	2	3	2-5-4-3	150	3	450
23	2	3	2-5-6-7-1-3	150	5	750
23	2	3	2-1-7-6-5-4-3	150	6	900
24	2	4	2-5-4	150	2	300
24	2	4	2-1-3-4	150	3	450
24	2	4	2-0-1-3-4	150	4	600
24	2	4	2-1-7-6-5-4	150	5	750
24	2	4	2-5-6-7-1-3-4	150	6	900
25	2	5	2-5	150	1	150
25	2	5	2-1-3-4-5	150	4	600
25	2	5	2-1-7-6-5	150	4	600
25	2	5	2-0-1-3-4-5	150	5	750
25	2	5	2-0-1-7-6-5	150	5	750
26	2	6	2-5-6	150	2	300
26	2	6	2-1-7-6	150	3	450
26	2	6	2-0-1-7-6	150	4	600
26	2	6	2-1-3-4-5-6	150	5	750
26	2	6	2-0-1-3-4-5-6	150	6	900
27	2	7	2-1-7	150	2	300
27	2	7	2-0-1-7	150	3	450
27	2	7	2-5-6-7	150	3	450
27	2	7	2-5-4-3-1-7	150	5	750
27	2	7	2-1-3-4-5-6-7	150	6	900
28	2	8	2-1-7-8	150	3	450
28	2	8	2-0-1-7-8	150	4	600
28	2	8	2-5-6-7-8	150	4	600
28	2	8	2-5-4-3-1-7-8	150	6	900
28	2	8	2-1-3-4-5-6-7-8	150	7	1050
29	2	9	2-1-7-9	150	3	450
29	2	9	2-0-1-7-9	150	4	600
29	2	9	2-5-6-7-9	150	4	600
29	2	9	2-5-10-15-14-9	150	5	750
29	2	9	2-5-4-3-1-7-9	150	6	900
210	2	10	2-5-10	150	2	300
210	2	10	2-1-3-4-5-10	150	5	750
210	2	10	2-1-7-6-5-10	150	5	750
210	2	10	2-1-7-9-14-15-10	150	6	900
210	2	10	2-0-1-7-6-5-10	150	6	900
211	2	11	2-1-7-8-11	150	4	600
211	2	11	2-0-1-7-8-11	150	5	750
211	2	11	2-5-6-7-8-11	150	5	750
211	2	11	2-5-10-15-14-13-12-11	150	7	1050
211	2	11	2-5-4-3-1-7-8-11	150	7	1050
212	2	12	2-1-7-8-11-12	150	5	750
212	2	12	2-0-1-7-8-11-12	150	6	900
212	2	12	2-1-7-9-14-13-12	150	6	900
212	2	12	2-5-10-15-14-13-12	150	6	900
212	2	12	2-5-6-7-8-11-12	150	6	900
213	2	13	2-5-10-15-14-13	150	5	750
213	2	13	2-1-7-9-14-13	150	5	750
213	2	13	2-1-7-8-11-12-13	150	6	900
213	2	13	2-5-6-7-9-14-13	150	6	900
213	2	13	2-0-1-7-9-14-13	150	6	900
30	3	0	3-1-0	150	2	300
30	3	0	3-1-2-0	150	3	450
30	3	0	3-4-5-2-0	150	4	600
30	3	0	3-4-5-2-1-0	150	5	750
30	3	0	3-4-5-6-7-1-0	150	6	900
31	3	1	3-1	150	1	150
31	3	1	3-4-5-2-1	150	4	600
31	3	1	3-4-5-2-0-1	150	5	750
31	3	1	3-4-5-6-7-1	150	5	750
31	3	1	3-4-5-10-15-14-9-7-1	150	8	1200
32	3	2	3-1-2	150	2	300
32	3	2	3-1-0-2	150	3	450
32	3	2	3-4-5-2	150	3	450
32	3	2	3-1-7-6-5-2	150	5	750
32	3	2	3-4-5-6-7-1-2	150	6	900
34	3	4	3-4	150	1	150
34	3	4	3-1-2-5-4	150	4	600
34	3	4	3-1-0-2-5-4	150	5	750
34	3	4	3-1-7-6-5-4	150	5	750
34	3	4	3-1-7-9-14-15-10-5-4	150	8	1200
35	3	5	3-4-5	150	2	300
35	3	5	3-1-2-5	150	3	450
35	3	5	3-1-0-2-5	150	4	600
35	3	5	3-1-7-6-5	150	4	600
35	3	5	3-1-7-9-14-15-10-5	150	7	1050
36	3	6	3-4-5-6	150	3	450
36	3	6	3-1-7-6	150	3	450
36	3	6	3-1-2-5-6	150	4	600
36	3	6	3-1-0-2-5-6	150	5	750
36	3	6	3-4-5-2-1-7-6	150	6	900
37	3	7	3-1-7	150	2	300
37	3	7	3-4-5-6-7	150	4	600
37	3	7	3-4-5-2-1-7	150	5	750
37	3	7	3-1-2-5-6-7	150	5	750
37	3	7	3-4-5-2-0-1-7	150	6	900
38	3	8	3-1-7-8	150	3	450
38	3	8	3-4-5-6-7-8	150	5	750
38	3	8	3-4-5-2-1-7-8	150	6	900
38	3	8	3-1-2-5-6-7-8	150	6	900
38	3	8	3-4-5-2-0-1-7-8	150	7	1050
39	3	9	3-1-7-9	150	3	450
39	3	9	3-4-5-6-7-9	150	5	750
39	3	9	3-4-5-10-15-14-9	150	6	900
39	3	9	3-1-2-5-6-7-9	150	6	900
39	3	9	3-4-5-2-1-7-9	150	6	900
310	3	10	3-4-5-10	150	3	450
310	3	10	3-1-2-5-10	150	4	600
310	3	10	3-1-0-2-5-10	150	5	750
310	3	10	3-1-7-6-5-10	150	5	750
310	3	10	3-1-7-9-14-15-10	150	6	900
311	3	11	3-1-7-8-11	150	4	600
311	3	11	3-4-5-6-7-8-11	150	6	900
311	3	11	3-1-7-9-14-13-12-11	150	7	1050
311	3	11	3-1-2-5-6-7-8-11	150	7	1050
311	3	11	3-4-5-2-1-7-8-11	150	7	1050
312	3	12	3-1-7-8-11-12	150	5	750
312	3	12	3-1-7-9-14-13-12	150	6	900
312	3	12	3-4-5-6-7-8-11-12	150	7	1050
312	3	12	3-4-5-10-15-14-13-12	150	7	1050
312	3	12	3-4-5-2-1-7-8-11-12	150	8	1200
313	3	13	3-1-7-9-14-13	150	5	750
313	3	13	3-1-7-8-11-12-13	150	6	900
313	3	13	3-4-5-10-15-14-13	150	6	900
313	3	13	3-1-2-5-10-15-14-13	150	7	1050
313	3	13	3-4-5-6-7-9-14-13	150	7	1050
40	4	0	4-3-1-0	150	3	450
40	4	0	4-5-2-0	150	3	450
40	4	0	4-5-2-1-0	150	4	600
40	4	0	4-3-1-2-0	150	4	600
40	4	0	4-5-6-7-1-0	150	5	750
41	4	1	4-3-1	150	2	300
41	4	1	4-5-2-1	150	3	450
41	4	1	4-5-2-0-1	150	4	600
41	4	1	4-5-6-7-1	150	4	600
41	4	1	4-5-10-15-14-9-7-1	150	7	1050
42	4	2	4-5-2	150	2	300
42	4	2	4-3-1-2	150	3	450
42	4	2	4-3-1-0-2	150	4	600
42	4	2	4-5-6-7-1-2	150	5	750
42	4	2	4-5-6-7-1-0-2	150	6	900
43	4	3	4-3	150	1	150
43	4	3	4-5-2-1-3	150	4	600
43	4	3	4-5-2-0-1-3	150	5	750
43	4	3	4-5-6-7-1-3	150	5	750
43	4	3	4-5-10-15-14-9-7-1-3	150	8	1200
45	4	5	4-5	150	1	150
45	4	5	4-3-1-2-5	150	4	600
45	4	5	4-3-1-0-2-5	150	5	750
45	4	5	4-3-1-7-6-5	150	5	750
45	4	5	4-3-1-7-9-14-15-10-5	150	8	1200
46	4	6	4-5-6	150	2	300
46	4	6	4-3-1-7-6	150	4	600
46	4	6	4-3-1-2-5-6	150	5	750
46	4	6	4-5-2-1-7-6	150	5	750
46	4	6	4-3-1-0-2-5-6	150	6	900
47	4	7	4-3-1-7	150	3	450
47	4	7	4-5-6-7	150	3	450
47	4	7	4-5-2-1-7	150	4	600
47	4	7	4-5-2-0-1-7	150	5	750
47	4	7	4-3-1-2-5-6-7	150	6	900
48	4	8	4-3-1-7-8	150	4	600
48	4	8	4-5-6-7-8	150	4	600
48	4	8	4-5-2-1-7-8	150	5	750
48	4	8	4-5-2-0-1-7-8	150	6	900
48	4	8	4-3-1-2-5-6-7-8	150	7	1050
49	4	9	4-3-1-7-9	150	4	600
49	4	9	4-5-6-7-9	150	4	600
49	4	9	4-5-10-15-14-9	150	5	750
49	4	9	4-5-2-1-7-9	150	5	750
49	4	9	4-5-2-0-1-7-9	150	6	900
410	4	10	4-5-10	150	2	300
410	4	10	4-3-1-2-5-10	150	5	750
410	4	10	4-3-1-0-2-5-10	150	6	900
410	4	10	4-3-1-7-6-5-10	150	6	900
410	4	10	4-3-1-7-9-14-15-10	150	7	1050
411	4	11	4-3-1-7-8-11	150	5	750
411	4	11	4-5-6-7-8-11	150	5	750
411	4	11	4-5-2-1-7-8-11	150	6	900
411	4	11	4-5-10-15-14-13-12-11	150	7	1050
411	4	11	4-5-2-0-1-7-8-11	150	7	1050
412	4	12	4-3-1-7-8-11-12	150	6	900
412	4	12	4-5-10-15-14-13-12	150	6	900
412	4	12	4-5-6-7-8-11-12	150	6	900
412	4	12	4-5-2-1-7-8-11-12	150	7	1050
412	4	12	4-5-6-7-9-14-13-12	150	7	1050
413	4	13	4-5-10-15-14-13	150	5	750
413	4	13	4-3-1-7-9-14-13	150	6	900
413	4	13	4-5-6-7-9-14-13	150	6	900
413	4	13	4-3-1-7-8-11-12-13	150	7	1050
413	4	13	4-5-2-1-7-9-14-13	150	7	1050
50	5	0	5-2-0	150	2	300
50	5	0	5-2-1-0	150	3	450
50	5	0	5-4-3-1-0	150	4	600
50	5	0	5-6-7-1-0	150	4	600
50	5	0	5-4-3-1-2-0	150	5	750
51	5	1	5-2-1	150	2	300
51	5	1	5-2-0-1	150	3	450
51	5	1	5-6-7-1	150	3	450
51	5	1	5-4-3-1	150	3	450
51	5	1	5-10-15-14-9-7-1	150	6	900
52	5	2	5-2	150	1	150
52	5	2	5-4-3-1-2	150	4	600
52	5	2	5-6-7-1-2	150	4	600
52	5	2	5-4-3-1-0-2	150	5	750
52	5	2	5-6-7-1-0-2	150	5	750
53	5	3	5-4-3	150	2	300
53	5	3	5-2-1-3	150	3	450
53	5	3	5-2-0-1-3	150	4	600
53	5	3	5-6-7-1-3	150	4	600
53	5	3	5-10-15-14-9-7-1-3	150	7	1050
54	5	4	5-4	150	1	150
54	5	4	5-2-1-3-4	150	4	600
54	5	4	5-2-0-1-3-4	150	5	750
54	5	4	5-6-7-1-3-4	150	5	750
54	5	4	5-10-15-14-9-7-1-3-4	150	8	1200
56	5	6	5-6	150	1	150
56	5	6	5-2-1-7-6	150	4	600
56	5	6	5-2-0-1-7-6	150	5	750
56	5	6	5-4-3-1-7-6	150	5	750
56	5	6	5-10-15-14-9-7-6	150	6	900
57	5	7	5-6-7	150	2	300
57	5	7	5-2-1-7	150	3	450
57	5	7	5-2-0-1-7	150	4	600
57	5	7	5-4-3-1-7	150	4	600
57	5	7	5-10-15-14-9-7	150	5	750
58	5	8	5-6-7-8	150	3	450
58	5	8	5-2-1-7-8	150	4	600
58	5	8	5-2-0-1-7-8	150	5	750
58	5	8	5-4-3-1-7-8	150	5	750
58	5	8	5-10-15-14-9-7-8	150	6	900
59	5	9	5-6-7-9	150	3	450
59	5	9	5-10-15-14-9	150	4	600
59	5	9	5-2-1-7-9	150	4	600
59	5	9	5-2-0-1-7-9	150	5	750
59	5	9	5-4-3-1-7-9	150	5	750
510	5	10	5-10	150	1	150
510	5	10	5-6-7-9-14-15-10	150	6	900
510	5	10	5-2-1-7-9-14-15-10	150	7	1050
510	5	10	5-2-0-1-7-9-14-15-10	150	8	1200
510	5	10	5-4-3-1-7-9-14-15-10	150	8	1200
511	5	11	5-6-7-8-11	150	4	600
511	5	11	5-2-1-7-8-11	150	5	750
511	5	11	5-10-15-14-13-12-11	150	6	900
511	5	11	5-4-3-1-7-8-11	150	6	900
511	5	11	5-2-0-1-7-8-11	150	6	900
512	5	12	5-6-7-8-11-12	150	5	750
512	5	12	5-10-15-14-13-12	150	5	750
512	5	12	5-2-1-7-8-11-12	150	6	900
512	5	12	5-6-7-9-14-13-12	150	6	900
512	5	12	5-2-0-1-7-8-11-12	150	7	1050
513	5	13	5-10-15-14-13	150	4	600
513	5	13	5-6-7-9-14-13	150	5	750
513	5	13	5-6-7-8-11-12-13	150	6	900
513	5	13	5-2-1-7-9-14-13	150	6	900
513	5	13	5-2-1-7-8-11-12-13	150	7	1050
60	6	0	6-7-1-0	150	3	450
60	6	0	6-5-2-0	150	3	450
60	6	0	6-5-2-1-0	150	4	600
60	6	0	6-7-1-2-0	150	4	600
60	6	0	6-5-4-3-1-0	150	5	750
61	6	1	6-7-1	150	2	300
61	6	1	6-5-2-1	150	3	450
61	6	1	6-5-2-0-1	150	4	600
61	6	1	6-5-4-3-1	150	4	600
61	6	1	6-5-10-15-14-9-7-1	150	7	1050
62	6	2	6-5-2	150	2	300
62	6	2	6-7-1-2	150	3	450
62	6	2	6-7-1-0-2	150	4	600
62	6	2	6-5-4-3-1-2	150	5	750
62	6	2	6-5-4-3-1-0-2	150	6	900
63	6	3	6-7-1-3	150	3	450
63	6	3	6-5-4-3	150	3	450
63	6	3	6-5-2-1-3	150	4	600
63	6	3	6-5-2-0-1-3	150	5	750
63	6	3	6-7-1-2-5-4-3	150	6	900
64	6	4	6-5-4	150	2	300
64	6	4	6-7-1-3-4	150	4	600
64	6	4	6-5-2-1-3-4	150	5	750
64	6	4	6-7-1-2-5-4	150	5	750
64	6	4	6-5-2-0-1-3-4	150	6	900
65	6	5	6-5	150	1	150
65	6	5	6-7-1-2-5	150	4	600
65	6	5	6-7-1-0-2-5	150	5	750
65	6	5	6-7-1-3-4-5	150	5	750
65	6	5	6-7-9-14-15-10-5	150	6	900
67	6	7	6-7	150	1	150
67	6	7	6-5-2-1-7	150	4	600
67	6	7	6-5-2-0-1-7	150	5	750
67	6	7	6-5-4-3-1-7	150	5	750
67	6	7	6-5-10-15-14-9-7	150	6	900
68	6	8	6-7-8	150	2	300
68	6	8	6-5-2-1-7-8	150	5	750
68	6	8	6-5-2-0-1-7-8	150	6	900
68	6	8	6-5-4-3-1-7-8	150	6	900
68	6	8	6-7-9-14-13-12-11-8	150	7	1050
69	6	9	6-7-9	150	2	300
69	6	9	6-5-10-15-14-9	150	5	750
69	6	9	6-5-2-1-7-9	150	5	750
69	6	9	6-5-2-0-1-7-9	150	6	900
69	6	9	6-5-4-3-1-7-9	150	6	900
610	6	10	6-5-10	150	2	300
610	6	10	6-7-9-14-15-10	150	5	750
610	6	10	6-7-1-2-5-10	150	5	750
610	6	10	6-7-1-0-2-5-10	150	6	900
610	6	10	6-7-1-3-4-5-10	150	6	900
611	6	11	6-7-8-11	150	3	450
611	6	11	6-7-9-14-13-12-11	150	6	900
611	6	11	6-5-2-1-7-8-11	150	6	900
611	6	11	6-5-10-15-14-13-12-11	150	7	1050
611	6	11	6-5-4-3-1-7-8-11	150	7	1050
612	6	12	6-7-8-11-12	150	4	600
612	6	12	6-7-9-14-13-12	150	5	750
612	6	12	6-5-10-15-14-13-12	150	6	900
612	6	12	6-5-2-1-7-8-11-12	150	7	1050
612	6	12	6-5-2-0-1-7-8-11-12	150	8	1200
613	6	13	6-7-9-14-13	150	4	600
613	6	13	6-7-8-11-12-13	150	5	750
613	6	13	6-5-10-15-14-13	150	5	750
613	6	13	6-5-2-1-7-9-14-13	150	7	1050
613	6	13	6-5-2-1-7-8-11-12-13	150	8	1200
70	7	0	7-1-0	150	2	300
70	7	0	7-1-2-0	150	3	450
70	7	0	7-6-5-2-0	150	4	600
70	7	0	7-6-5-2-1-0	150	5	750
70	7	0	7-6-5-4-3-1-0	150	6	900
71	7	1	7-1	150	1	150
71	7	1	7-6-5-2-1	150	4	600
71	7	1	7-6-5-2-0-1	150	5	750
71	7	1	7-6-5-4-3-1	150	5	750
71	7	1	7-9-14-15-10-5-2-1	150	7	1050
72	7	2	7-1-2	150	2	300
72	7	2	7-1-0-2	150	3	450
72	7	2	7-6-5-2	150	3	450
72	7	2	7-1-3-4-5-2	150	5	750
72	7	2	7-6-5-4-3-1-2	150	6	900
73	7	3	7-1-3	150	2	300
73	7	3	7-6-5-4-3	150	4	600
73	7	3	7-6-5-2-1-3	150	5	750
73	7	3	7-1-2-5-4-3	150	5	750
73	7	3	7-6-5-2-0-1-3	150	6	900
74	7	4	7-1-3-4	150	3	450
74	7	4	7-6-5-4	150	3	450
74	7	4	7-1-2-5-4	150	4	600
74	7	4	7-1-0-2-5-4	150	5	750
74	7	4	7-6-5-2-1-3-4	150	6	900
75	7	5	7-6-5	150	2	300
75	7	5	7-1-2-5	150	3	450
75	7	5	7-1-0-2-5	150	4	600
75	7	5	7-1-3-4-5	150	4	600
75	7	5	7-9-14-15-10-5	150	5	750
76	7	6	7-6	150	1	150
76	7	6	7-1-2-5-6	150	4	600
76	7	6	7-1-0-2-5-6	150	5	750
76	7	6	7-1-3-4-5-6	150	5	750
76	7	6	7-9-14-15-10-5-6	150	6	900
78	7	8	7-8	150	1	150
78	7	8	7-9-14-13-12-11-8	150	6	900
78	7	8	7-6-5-10-15-14-13-12-11-8	150	9	1350
78	7	8	7-1-2-5-10-15-14-13-12-11-8	150	10	1500
78	7	8	7-1-0-2-5-10-15-14-13-12-11-8	150	11	1650
79	7	9	7-9	150	1	150
79	7	9	7-8-11-12-13-14-9	150	6	900
79	7	9	7-6-5-10-15-14-9	150	6	900
79	7	9	7-1-2-5-10-15-14-9	150	7	1050
79	7	9	7-1-0-2-5-10-15-14-9	150	8	1200
710	7	10	7-6-5-10	150	3	450
710	7	10	7-9-14-15-10	150	4	600
710	7	10	7-1-2-5-10	150	4	600
710	7	10	7-1-0-2-5-10	150	5	750
710	7	10	7-1-3-4-5-10	150	5	750
711	7	11	7-8-11	150	2	300
711	7	11	7-9-14-13-12-11	150	5	750
711	7	11	7-6-5-10-15-14-13-12-11	150	8	1200
711	7	11	7-1-2-5-10-15-14-13-12-11	150	9	1350
711	7	11	7-1-0-2-5-10-15-14-13-12-11	150	10	1500
712	7	12	7-8-11-12	150	3	450
712	7	12	7-9-14-13-12	150	4	600
712	7	12	7-6-5-10-15-14-13-12	150	7	1050
712	7	12	7-1-2-5-10-15-14-13-12	150	8	1200
712	7	12	7-1-0-2-5-10-15-14-13-12	150	9	1350
713	7	13	7-9-14-13	150	3	450
713	7	13	7-8-11-12-13	150	4	600
713	7	13	7-6-5-10-15-14-13	150	6	900
713	7	13	7-1-2-5-10-15-14-13	150	7	1050
713	7	13	7-1-0-2-5-10-15-14-13	150	8	1200
80	8	0	8-7-1-0	150	3	450
80	8	0	8-7-1-2-0	150	4	600
80	8	0	8-7-6-5-2-0	150	5	750
80	8	0	8-7-6-5-2-1-0	150	6	900
80	8	0	8-7-6-5-4-3-1-0	150	7	1050
81	8	1	8-7-1	150	2	300
81	8	1	8-7-6-5-2-1	150	5	750
81	8	1	8-7-6-5-2-0-1	150	6	900
81	8	1	8-7-6-5-4-3-1	150	6	900
81	8	1	8-11-12-13-14-9-7-1	150	7	1050
82	8	2	8-7-1-2	150	3	450
82	8	2	8-7-1-0-2	150	4	600
82	8	2	8-7-6-5-2	150	4	600
82	8	2	8-7-1-3-4-5-2	150	6	900
82	8	2	8-7-6-5-4-3-1-2	150	7	1050
83	8	3	8-7-1-3	150	3	450
83	8	3	8-7-6-5-4-3	150	5	750
83	8	3	8-7-6-5-2-1-3	150	6	900
83	8	3	8-7-1-2-5-4-3	150	6	900
83	8	3	8-7-6-5-2-0-1-3	150	7	1050
84	8	4	8-7-1-3-4	150	4	600
84	8	4	8-7-6-5-4	150	4	600
84	8	4	8-7-1-2-5-4	150	5	750
84	8	4	8-7-1-0-2-5-4	150	6	900
84	8	4	8-7-6-5-2-1-3-4	150	7	1050
85	8	5	8-7-6-5	150	3	450
85	8	5	8-7-1-2-5	150	4	600
85	8	5	8-7-1-0-2-5	150	5	750
85	8	5	8-7-1-3-4-5	150	5	750
85	8	5	8-7-9-14-15-10-5	150	6	900
86	8	6	8-7-6	150	2	300
86	8	6	8-7-1-2-5-6	150	5	750
86	8	6	8-7-1-0-2-5-6	150	6	900
86	8	6	8-7-1-3-4-5-6	150	6	900
86	8	6	8-7-9-14-15-10-5-6	150	7	1050
87	8	7	8-7	150	1	150
87	8	7	8-11-12-13-14-9-7	150	6	900
87	8	7	8-11-12-13-14-15-10-5-6-7	150	9	1350
87	8	7	8-11-12-13-14-15-10-5-2-1-7	150	10	1500
87	8	7	8-11-12-13-14-15-10-5-2-0-1-7	150	11	1650
89	8	9	8-7-9	150	2	300
89	8	9	8-11-12-13-14-9	150	5	750
89	8	9	8-7-6-5-10-15-14-9	150	7	1050
89	8	9	8-7-1-2-5-10-15-14-9	150	8	1200
89	8	9	8-7-1-3-4-5-10-15-14-9	150	9	1350
810	8	10	8-7-6-5-10	150	4	600
810	8	10	8-7-9-14-15-10	150	5	750
810	8	10	8-7-1-2-5-10	150	5	750
810	8	10	8-11-12-13-14-15-10	150	6	900
810	8	10	8-7-1-3-4-5-10	150	6	900
811	8	11	8-11	150	1	150
811	8	11	8-7-9-14-13-12-11	150	6	900
811	8	11	8-7-6-5-10-15-14-13-12-11	150	9	1350
811	8	11	8-7-1-2-5-10-15-14-13-12-11	150	10	1500
811	8	11	8-7-1-0-2-5-10-15-14-13-12-11	150	11	1650
812	8	12	8-11-12	150	2	300
812	8	12	8-7-9-14-13-12	150	5	750
812	8	12	8-7-6-5-10-15-14-13-12	150	8	1200
812	8	12	8-7-1-2-5-10-15-14-13-12	150	9	1350
812	8	12	8-7-1-0-2-5-10-15-14-13-12	150	10	1500
813	8	13	8-11-12-13	150	3	450
813	8	13	8-7-9-14-13	150	4	600
813	8	13	8-7-6-5-10-15-14-13	150	7	1050
813	8	13	8-7-1-2-5-10-15-14-13	150	8	1200
813	8	13	8-7-1-0-2-5-10-15-14-13	150	9	1350
90	9	0	9-7-1-0	150	3	450
90	9	0	9-7-1-2-0	150	4	600
90	9	0	9-7-6-5-2-0	150	5	750
90	9	0	9-7-6-5-2-1-0	150	6	900
90	9	0	9-14-15-10-5-2-0	150	6	900
91	9	1	9-7-1	150	2	300
91	9	1	9-7-6-5-2-1	150	5	750
91	9	1	9-7-6-5-2-0-1	150	6	900
91	9	1	9-7-6-5-4-3-1	150	6	900
91	9	1	9-14-15-10-5-2-1	150	6	900
92	9	2	9-7-1-2	150	3	450
92	9	2	9-7-1-0-2	150	4	600
92	9	2	9-7-6-5-2	150	4	600
92	9	2	9-14-15-10-5-2	150	5	750
92	9	2	9-7-1-3-4-5-2	150	6	900
93	9	3	9-7-1-3	150	3	450
93	9	3	9-7-6-5-4-3	150	5	750
93	9	3	9-7-6-5-2-1-3	150	6	900
93	9	3	9-14-15-10-5-4-3	150	6	900
93	9	3	9-7-1-2-5-4-3	150	6	900
94	9	4	9-7-1-3-4	150	4	600
94	9	4	9-7-6-5-4	150	4	600
94	9	4	9-7-1-2-5-4	150	5	750
94	9	4	9-14-15-10-5-4	150	5	750
94	9	4	9-7-1-0-2-5-4	150	6	900
95	9	5	9-7-6-5	150	3	450
95	9	5	9-7-1-2-5	150	4	600
95	9	5	9-14-15-10-5	150	4	600
95	9	5	9-7-1-0-2-5	150	5	750
95	9	5	9-7-1-3-4-5	150	5	750
96	9	6	9-7-6	150	2	300
96	9	6	9-7-1-2-5-6	150	5	750
96	9	6	9-14-15-10-5-6	150	5	750
96	9	6	9-7-1-0-2-5-6	150	6	900
96	9	6	9-7-1-3-4-5-6	150	6	900
97	9	7	9-7	150	1	150
97	9	7	9-14-15-10-5-6-7	150	6	900
97	9	7	9-14-13-12-11-8-7	150	6	900
97	9	7	9-14-15-10-5-2-1-7	150	7	1050
97	9	7	9-14-15-10-5-2-0-1-7	150	8	1200
98	9	8	9-7-8	150	2	300
98	9	8	9-14-13-12-11-8	150	5	750
98	9	8	9-14-15-10-5-6-7-8	150	7	1050
98	9	8	9-14-15-10-5-2-1-7-8	150	8	1200
98	9	8	9-14-15-10-5-2-0-1-7-8	150	9	1350
910	9	10	9-14-15-10	150	3	450
910	9	10	9-7-6-5-10	150	4	600
910	9	10	9-7-1-2-5-10	150	5	750
910	9	10	9-7-1-0-2-5-10	150	6	900
910	9	10	9-7-1-3-4-5-10	150	6	900
911	9	11	9-7-8-11	150	3	450
911	9	11	9-14-13-12-11	150	4	600
911	9	11	9-14-15-10-5-6-7-8-11	150	8	1200
911	9	11	9-7-6-5-10-15-14-13-12-11	150	9	1350
911	9	11	9-14-15-10-5-2-1-7-8-11	150	9	1350
912	9	12	9-14-13-12	150	3	450
912	9	12	9-7-8-11-12	150	4	600
912	9	12	9-7-6-5-10-15-14-13-12	150	8	1200
912	9	12	9-14-15-17-19-20-18-16-12	150	8	1200
912	9	12	9-14-15-10-5-6-7-8-11-12	150	9	1350
913	9	13	9-14-13	150	2	300
913	9	13	9-7-8-11-12-13	150	5	750
913	9	13	9-7-6-5-10-15-14-13	150	7	1050
913	9	13	9-7-1-2-5-10-15-14-13	150	8	1200
913	9	13	9-14-15-17-19-20-18-16-12-13	150	9	1350
100	10	0	10-5-2-0	150	3	450
100	10	0	10-5-2-1-0	150	4	600
100	10	0	10-5-4-3-1-0	150	5	750
100	10	0	10-5-6-7-1-0	150	5	750
100	10	0	10-15-14-9-7-1-0	150	6	900
101	10	1	10-5-2-1	150	3	450
101	10	1	10-5-2-0-1	150	4	600
101	10	1	10-5-6-7-1	150	4	600
101	10	1	10-5-4-3-1	150	4	600
101	10	1	10-15-14-9-7-1	150	5	750
102	10	2	10-5-2	150	2	300
102	10	2	10-5-4-3-1-2	150	5	750
102	10	2	10-5-6-7-1-2	150	5	750
102	10	2	10-5-4-3-1-0-2	150	6	900
102	10	2	10-15-14-9-7-1-2	150	6	900
103	10	3	10-5-4-3	150	3	450
103	10	3	10-5-2-1-3	150	4	600
103	10	3	10-5-2-0-1-3	150	5	750
103	10	3	10-5-6-7-1-3	150	5	750
103	10	3	10-15-14-9-7-1-3	150	6	900
104	10	4	10-5-4	150	2	300
104	10	4	10-5-2-1-3-4	150	5	750
104	10	4	10-5-2-0-1-3-4	150	6	900
104	10	4	10-5-6-7-1-3-4	150	6	900
104	10	4	10-15-14-9-7-1-3-4	150	7	1050
105	10	5	10-5	150	1	150
105	10	5	10-15-14-9-7-6-5	150	6	900
105	10	5	10-15-14-9-7-1-2-5	150	7	1050
105	10	5	10-15-14-9-7-1-0-2-5	150	8	1200
105	10	5	10-15-14-9-7-1-3-4-5	150	8	1200
106	10	6	10-5-6	150	2	300
106	10	6	10-5-2-1-7-6	150	5	750
106	10	6	10-15-14-9-7-6	150	5	750
106	10	6	10-5-2-0-1-7-6	150	6	900
106	10	6	10-5-4-3-1-7-6	150	6	900
107	10	7	10-5-6-7	150	3	450
107	10	7	10-5-2-1-7	150	4	600
107	10	7	10-15-14-9-7	150	4	600
107	10	7	10-5-2-0-1-7	150	5	750
107	10	7	10-5-4-3-1-7	150	5	750
108	10	8	10-5-6-7-8	150	4	600
108	10	8	10-5-2-1-7-8	150	5	750
108	10	8	10-15-14-9-7-8	150	5	750
108	10	8	10-15-14-13-12-11-8	150	6	900
108	10	8	10-5-4-3-1-7-8	150	6	900
109	10	9	10-15-14-9	150	3	450
109	10	9	10-5-6-7-9	150	4	600
109	10	9	10-5-2-1-7-9	150	5	750
109	10	9	10-5-2-0-1-7-9	150	6	900
109	10	9	10-5-4-3-1-7-9	150	6	900
1011	10	11	10-15-14-13-12-11	150	5	750
1011	10	11	10-5-6-7-8-11	150	5	750
1011	10	11	10-5-2-1-7-8-11	150	6	900
1011	10	11	10-15-14-9-7-8-11	150	6	900
1011	10	11	10-5-2-0-1-7-8-11	150	7	1050
1012	10	12	10-15-14-13-12	150	4	600
1012	10	12	10-5-6-7-8-11-12	150	6	900
1012	10	12	10-5-2-1-7-8-11-12	150	7	1050
1012	10	12	10-15-17-19-20-18-16-12	150	7	1050
1012	10	12	10-5-6-7-9-14-13-12	150	7	1050
1013	10	13	10-15-14-13	150	3	450
1013	10	13	10-5-6-7-9-14-13	150	6	900
1013	10	13	10-5-6-7-8-11-12-13	150	7	1050
1013	10	13	10-5-2-1-7-9-14-13	150	7	1050
1013	10	13	10-5-2-1-7-8-11-12-13	150	8	1200
110	11	0	11-8-7-1-0	150	4	600
110	11	0	11-8-7-1-2-0	150	5	750
110	11	0	11-8-7-6-5-2-0	150	6	900
110	11	0	11-8-7-6-5-2-1-0	150	7	1050
110	11	0	11-12-13-14-9-7-1-0	150	7	1050
111	11	1	11-8-7-1	150	3	450
111	11	1	11-8-7-6-5-2-1	150	6	900
111	11	1	11-12-13-14-9-7-1	150	6	900
111	11	1	11-8-7-6-5-2-0-1	150	7	1050
111	11	1	11-8-7-6-5-4-3-1	150	7	1050
112	11	2	11-8-7-1-2	150	4	600
112	11	2	11-8-7-1-0-2	150	5	750
112	11	2	11-8-7-6-5-2	150	5	750
112	11	2	11-12-13-14-9-7-1-2	150	7	1050
112	11	2	11-12-13-14-15-10-5-2	150	7	1050
113	11	3	11-8-7-1-3	150	4	600
113	11	3	11-8-7-6-5-4-3	150	6	900
113	11	3	11-8-7-6-5-2-1-3	150	7	1050
113	11	3	11-8-7-1-2-5-4-3	150	7	1050
113	11	3	11-12-13-14-9-7-1-3	150	7	1050
114	11	4	11-8-7-1-3-4	150	5	750
114	11	4	11-8-7-6-5-4	150	5	750
114	11	4	11-8-7-1-2-5-4	150	6	900
114	11	4	11-8-7-1-0-2-5-4	150	7	1050
114	11	4	11-12-13-14-15-10-5-4	150	7	1050
115	11	5	11-8-7-6-5	150	4	600
115	11	5	11-8-7-1-2-5	150	5	750
115	11	5	11-8-7-1-0-2-5	150	6	900
115	11	5	11-12-13-14-15-10-5	150	6	900
115	11	5	11-8-7-1-3-4-5	150	6	900
116	11	6	11-8-7-6	150	3	450
116	11	6	11-8-7-1-2-5-6	150	6	900
116	11	6	11-12-13-14-9-7-6	150	6	900
116	11	6	11-8-7-1-0-2-5-6	150	7	1050
116	11	6	11-8-7-1-3-4-5-6	150	7	1050
117	11	7	11-8-7	150	2	300
117	11	7	11-12-13-14-9-7	150	5	750
117	11	7	11-12-13-14-15-10-5-6-7	150	8	1200
117	11	7	11-12-13-14-15-10-5-2-1-7	150	9	1350
117	11	7	11-12-13-14-15-10-5-2-0-1-7	150	10	1500
118	11	8	11-8	150	1	150
118	11	8	11-12-13-14-9-7-8	150	6	900
118	11	8	11-12-13-14-15-10-5-6-7-8	150	9	1350
118	11	8	11-12-13-14-15-10-5-2-1-7-8	150	10	1500
118	11	8	11-12-13-14-15-10-5-2-0-1-7-8	150	11	1650
119	11	9	11-8-7-9	150	3	450
119	11	9	11-12-13-14-9	150	4	600
119	11	9	11-8-7-6-5-10-15-14-9	150	8	1200
119	11	9	11-12-16-18-20-19-17-15-14-9	150	9	1350
119	11	9	11-12-13-14-15-10-5-6-7-9	150	9	1350
1110	11	10	11-12-13-14-15-10	150	5	750
1110	11	10	11-8-7-6-5-10	150	5	750
1110	11	10	11-8-7-9-14-15-10	150	6	900
1110	11	10	11-8-7-1-2-5-10	150	6	900
1110	11	10	11-8-7-1-0-2-5-10	150	7	1050
1112	11	12	11-12	150	1	150
1112	11	12	11-8-7-9-14-13-12	150	6	900
1112	11	12	11-8-7-6-5-10-15-14-13-12	150	9	1350
1112	11	12	11-8-7-1-2-5-10-15-14-13-12	150	10	1500
1112	11	12	11-8-7-1-0-2-5-10-15-14-13-12	150	11	1650
1113	11	13	11-12-13	150	2	300
1113	11	13	11-8-7-9-14-13	150	5	750
1113	11	13	11-8-7-6-5-10-15-14-13	150	8	1200
1113	11	13	11-12-16-18-20-19-17-15-14-13	150	9	1350
1113	11	13	11-8-7-1-2-5-10-15-14-13	150	9	1350
120	12	0	12-11-8-7-1-0	150	5	750
120	12	0	12-13-14-9-7-1-0	150	6	900
120	12	0	12-11-8-7-1-2-0	150	6	900
120	12	0	12-13-14-9-7-1-2-0	150	7	1050
120	12	0	12-11-8-7-6-5-2-0	150	7	1050
121	12	1	12-11-8-7-1	150	4	600
121	12	1	12-13-14-9-7-1	150	5	750
121	12	1	12-11-8-7-6-5-2-1	150	7	1050
121	12	1	12-13-14-15-10-5-2-1	150	7	1050
121	12	1	12-11-8-7-6-5-2-0-1	150	8	1200
122	12	2	12-11-8-7-1-2	150	5	750
122	12	2	12-11-8-7-1-0-2	150	6	900
122	12	2	12-13-14-15-10-5-2	150	6	900
122	12	2	12-11-8-7-6-5-2	150	6	900
122	12	2	12-13-14-9-7-1-2	150	6	900
123	12	3	12-11-8-7-1-3	150	5	750
123	12	3	12-13-14-9-7-1-3	150	6	900
123	12	3	12-11-8-7-6-5-4-3	150	7	1050
123	12	3	12-13-14-15-10-5-4-3	150	7	1050
123	12	3	12-13-14-15-10-5-2-1-3	150	8	1200
124	12	4	12-11-8-7-1-3-4	150	6	900
124	12	4	12-13-14-15-10-5-4	150	6	900
124	12	4	12-11-8-7-6-5-4	150	6	900
124	12	4	12-13-14-9-7-1-3-4	150	7	1050
124	12	4	12-13-14-9-7-6-5-4	150	7	1050
125	12	5	12-11-8-7-6-5	150	5	750
125	12	5	12-13-14-15-10-5	150	5	750
125	12	5	12-11-8-7-1-2-5	150	6	900
125	12	5	12-13-14-9-7-6-5	150	6	900
125	12	5	12-11-8-7-1-0-2-5	150	7	1050
126	12	6	12-11-8-7-6	150	4	600
126	12	6	12-13-14-9-7-6	150	5	750
126	12	6	12-13-14-15-10-5-6	150	6	900
126	12	6	12-11-8-7-1-2-5-6	150	7	1050
126	12	6	12-11-8-7-1-0-2-5-6	150	8	1200
127	12	7	12-11-8-7	150	3	450
127	12	7	12-13-14-9-7	150	4	600
127	12	7	12-13-14-15-10-5-6-7	150	7	1050
127	12	7	12-13-14-15-10-5-2-1-7	150	8	1200
127	12	7	12-13-14-15-10-5-2-0-1-7	150	9	1350
128	12	8	12-11-8	150	2	300
128	12	8	12-13-14-9-7-8	150	5	750
128	12	8	12-13-14-15-10-5-6-7-8	150	8	1200
128	12	8	12-13-14-15-10-5-2-1-7-8	150	9	1350
128	12	8	12-13-14-15-10-5-2-0-1-7-8	150	10	1500
129	12	9	12-13-14-9	150	3	450
129	12	9	12-11-8-7-9	150	4	600
129	12	9	12-16-18-20-19-17-15-14-9	150	8	1200
129	12	9	12-13-14-15-10-5-6-7-9	150	8	1200
129	12	9	12-11-8-7-6-5-10-15-14-9	150	9	1350
1210	12	10	12-13-14-15-10	150	4	600
1210	12	10	12-11-8-7-6-5-10	150	6	900
1210	12	10	12-11-8-7-9-14-15-10	150	7	1050
1210	12	10	12-13-14-9-7-6-5-10	150	7	1050
1210	12	10	12-11-8-7-1-2-5-10	150	7	1050
1211	12	11	12-11	150	1	150
1211	12	11	12-13-14-9-7-8-11	150	6	900
1211	12	11	12-13-14-15-10-5-6-7-8-11	150	9	1350
1211	12	11	12-13-14-15-10-5-2-1-7-8-11	150	10	1500
1211	12	11	12-13-14-15-10-5-2-0-1-7-8-11	150	11	1650
1213	12	13	12-13	150	1	150
1213	12	13	12-11-8-7-9-14-13	150	6	900
1213	12	13	12-16-18-20-19-17-15-14-13	150	8	1200
1213	12	13	12-11-8-7-6-5-10-15-14-13	150	9	1350
1213	12	13	12-11-8-7-1-2-5-10-15-14-13	150	10	1500
130	13	0	13-14-9-7-1-0	150	5	750
130	13	0	13-12-11-8-7-1-0	150	6	900
130	13	0	13-14-15-10-5-2-0	150	6	900
130	13	0	13-14-9-7-1-2-0	150	6	900
130	13	0	13-14-15-10-5-2-1-0	150	7	1050
131	13	1	13-14-9-7-1	150	4	600
131	13	1	13-12-11-8-7-1	150	5	750
131	13	1	13-14-15-10-5-2-1	150	6	900
131	13	1	13-14-15-10-5-2-0-1	150	7	1050
131	13	1	13-14-15-10-5-6-7-1	150	7	1050
132	13	2	13-14-9-7-1-2	150	5	750
132	13	2	13-14-15-10-5-2	150	5	750
132	13	2	13-14-9-7-1-0-2	150	6	900
132	13	2	13-14-9-7-6-5-2	150	6	900
132	13	2	13-12-11-8-7-1-2	150	6	900
133	13	3	13-14-9-7-1-3	150	5	750
133	13	3	13-12-11-8-7-1-3	150	6	900
133	13	3	13-14-15-10-5-4-3	150	6	900
133	13	3	13-14-15-10-5-2-1-3	150	7	1050
133	13	3	13-14-9-7-6-5-4-3	150	7	1050
134	13	4	13-14-15-10-5-4	150	5	750
134	13	4	13-14-9-7-1-3-4	150	6	900
134	13	4	13-14-9-7-6-5-4	150	6	900
134	13	4	13-12-11-8-7-1-3-4	150	7	1050
134	13	4	13-12-11-8-7-6-5-4	150	7	1050
135	13	5	13-14-15-10-5	150	4	600
135	13	5	13-14-9-7-6-5	150	5	750
135	13	5	13-14-9-7-1-2-5	150	6	900
135	13	5	13-12-11-8-7-6-5	150	6	900
135	13	5	13-14-9-7-1-0-2-5	150	7	1050
136	13	6	13-14-9-7-6	150	4	600
136	13	6	13-14-15-10-5-6	150	5	750
136	13	6	13-12-11-8-7-6	150	5	750
136	13	6	13-14-9-7-1-2-5-6	150	7	1050
136	13	6	13-14-9-7-1-0-2-5-6	150	8	1200
137	13	7	13-14-9-7	150	3	450
137	13	7	13-12-11-8-7	150	4	600
137	13	7	13-14-15-10-5-6-7	150	6	900
137	13	7	13-14-15-10-5-2-1-7	150	7	1050
137	13	7	13-14-15-10-5-2-0-1-7	150	8	1200
138	13	8	13-12-11-8	150	3	450
138	13	8	13-14-9-7-8	150	4	600
138	13	8	13-14-15-10-5-6-7-8	150	7	1050
138	13	8	13-14-15-10-5-2-1-7-8	150	8	1200
138	13	8	13-14-15-10-5-2-0-1-7-8	150	9	1350
139	13	9	13-14-9	150	2	300
139	13	9	13-12-11-8-7-9	150	5	750
139	13	9	13-14-15-10-5-6-7-9	150	7	1050
139	13	9	13-14-15-10-5-2-1-7-9	150	8	1200
139	13	9	13-12-16-18-20-19-17-15-14-9	150	9	1350
1310	13	10	13-14-15-10	150	3	450
1310	13	10	13-14-9-7-6-5-10	150	6	900
1310	13	10	13-14-9-7-1-2-5-10	150	7	1050
1310	13	10	13-12-11-8-7-6-5-10	150	7	1050
1310	13	10	13-12-11-8-7-9-14-15-10	150	8	1200
1311	13	11	13-12-11	150	2	300
1311	13	11	13-14-9-7-8-11	150	5	750
1311	13	11	13-14-15-10-5-6-7-8-11	150	8	1200
1311	13	11	13-14-15-17-19-20-18-16-12-11	150	9	1350
1311	13	11	13-14-15-10-5-2-1-7-8-11	150	9	1350
1312	13	12	13-12	150	1	150
1312	13	12	13-14-9-7-8-11-12	150	6	900
1312	13	12	13-14-15-17-19-20-18-16-12	150	8	1200
1312	13	12	13-14-15-10-5-6-7-8-11-12	150	9	1350
1312	13	12	13-14-15-10-5-2-1-7-8-11-12	150	10	1500
